DILMA;33.50515463917526;7;1.408450704225352
DILMA;33.7962962962963;7;1.2552301255230125
DILMA;38.12709030100334;7;0.2898550724637681
DILMA;33.65384615384615;7;0.28653295128939826
DILMA;34.56221198156682;7;1.639344262295082
DILMA;36.44859813084112;7;0.847457627118644
DILMA;34.39153439153439;7;1.3953488372093024
DILMA;40.625;7;2.2222222222222223
DILMA;34.300791556728235;7;0.9615384615384616
DILMA;32.432432432432435;7;0.48661800486618007
DILMA;41.36363636363637;7;0.7633587786259542
DILMA;35.426008968609864;7;1.8867924528301887
DILMA;39.877300613496935;7;0.5524861878453039
DILMA;33.67875647668394;7;1.408450704225352
DILMA;33.771929824561404;7;2.2222222222222223
DILMA;34.46969696969697;7;1.3201320132013201
DILMA;35.0;7;0.9803921568627451
DILMA;34.463276836158194;7;2.985074626865672
DILMA;31.325301204819276;7;0.5208333333333334
DILMA;33.333333333333336;7;0.8064516129032258
DILMA;36.633663366336634;7;0.8733624454148472
DILMA;38.914027149321264;7;0.8333333333333334
DILMA;33.42245989304813;7;1.3761467889908257
DILMA;29.6875;7;0.45871559633027525
DILMA;38.46153846153846;7;2.192982456140351
DILMA;36.72727272727273;7;0.6622516556291391
DILMA;33.55263157894737;7;0.591715976331361
DILMA;33.673469387755105;7;1.8018018018018018
DILMA;30.102040816326532;7;2.7027027027027026
DILMA;40.66985645933014;7;0.9049773755656109
DILMA;37.34939759036145;7;1.5706806282722514
DILMA;31.159420289855074;7;0.5847953216374269
DILMA;41.23711340206186;7;1.8099547511312217
DILMA;35.670731707317074;7;2.6881720430107525
DILMA;31.11888111888112;7;0.9118541033434651
DILMA;32.743362831858406;7;0.7380073800738007
DILMA;32.33830845771144;7;0.4484304932735426
DILMA;33.98692810457516;7;1.1363636363636365
DILMA;26.358695652173914;7;0.46403712296983757
DILMA;34.285714285714285;7;0.6741573033707865
DILMA;35.08771929824562;7;1.0582010582010581
DILMA;30.311614730878187;7;0.7537688442211056
DILMA;32.70676691729323;7;0.9966777408637874
DILMA;31.940298507462686;7;0.5263157894736842
DILMA;28.880866425992778;7;0.8670520231213873
DILMA;32.751091703056765;7;0.704225352112676
DILMA;33.64485981308411;7;2.6178010471204187
DILMA;29.702970297029704;7;1.345291479820628
DILMA;34.72803347280335;7;0.7352941176470589
DILMA;25.0;7;1.4423076923076923
DILMA;33.64485981308411;7;0.5221932114882507
DILMA;32.18390804597701;7;0.5291005291005291
DILMA;27.7027027027027;7;1.7341040462427746
DILMA;39.30348258706468;7;0.9216589861751152
DILMA;30.20304568527919;7;0.4434589800443459
DILMA;36.21621621621622;7;1.4018691588785046
DILMA;36.89320388349515;7;0.5882352941176471
DILMA;31.044776119402986;7;0.2638522427440633
DILMA;31.25;7;0.8695652173913043
DILMA;36.72316384180791;7;0.49504950495049505
DILMA;25.26595744680851;7;1.6129032258064515
DILMA;31.446540880503143;7;0.8595988538681948
DILMA;33.87533875338753;7;1.3888888888888888
DILMA;32.25806451612903;7;0.42735042735042733
DILMA;32.035928143712574;7;1.0101010101010102
DILMA;36.70886075949367;7;0.3937007874015748
DILMA;33.98328690807799;7;0.47058823529411764
DILMA;28.426395939086294;7;1.6260162601626016
DILMA;37.28813559322034;7;1.4814814814814814
DILMA;33.80281690140845;7;1.639344262295082
DILMA;36.881188118811885;7;0.6493506493506493
DILMA;30.32490974729242;7;1.4534883720930232
DILMA;32.35294117647059;7;0.7653061224489796
DILMA;29.924242424242426;7;0.6688963210702341
DILMA;29.775280898876403;7;2.4630541871921183
DILMA;26.31578947368421;7;0.2958579881656805
DILMA;26.72811059907834;7;1.214574898785425
DILMA;33.42391304347826;7;0.24390243902439024
DILMA;31.010452961672474;7;0.5830903790087464
DILMA;36.75213675213675;7;0.36764705882352944
DILMA;26.804123711340207;7;0.46296296296296297
DILMA;34.51086956521739;7;0.6818181818181818
DILMA;27.42382271468144;7;1.3636363636363635
DILMA;28.92768079800499;7;0.22026431718061673
DILMA;26.5625;7;2.0
DILMA;27.5974025974026;7;1.1363636363636365
DILMA;31.612903225806452;7;0.2857142857142857
DILMA;26.96078431372549;7;0.8849557522123894
DILMA;32.34421364985163;7;1.0443864229765014
DILMA;26.256983240223462;7;1.6241299303944317
DILMA;37.45454545454545;7;0.625
DILMA;32.7217125382263;7;0.7915567282321899
DILMA;36.26373626373626;7;0.9090909090909091
DILMA;27.393617021276597;7;0.684931506849315
DILMA;28.664495114006513;7;0.27548209366391185
DILMA;27.419354838709676;7;0.4484304932735426
DILMA;23.314606741573034;7;0.6802721088435374
DILMA;24.924012158054712;7;0.7792207792207793
DILMA;31.123919308357348;7;0.9950248756218906
DILMA;32.544378698224854;7;0.9803921568627451
DILMA;21.680216802168022;7;0.44052863436123346
DILMA;37.60932944606414;7;1.3333333333333333
DILMA;27.72020725388601;7;0.22522522522522523
DILMA;25.068119891008173;7;0.8928571428571429
DILMA;25.46419098143236;7;0.4484304932735426
DILMA;25.683060109289617;7;0.9174311926605505
DILMA;31.914893617021278;7;2.727272727272727
DILMA;35.35620052770449;7;0.6607929515418502
DILMA;31.428571428571427;7;0.8108108108108109
DILMA;25.9946949602122;7;0.9029345372460497
DILMA;33.23170731707317;7;0.78125
DILMA;35.256410256410255;7;0.821917808219178
DILMA;25.252525252525253;7;2.5380710659898478
DILMA;37.67605633802817;7;0.6493506493506493
DILMA;31.645569620253166;7;0.7575757575757576
DILMA;26.440677966101696;7;1.4367816091954022
DILMA;29.842931937172775;7;0.43478260869565216
DILMA;21.40921409214092;7;1.366742596810934
DILMA;26.27986348122867;7;0.9009009009009009
DILMA;30.53435114503817;7;1.0893246187363834
DILMA;30.334190231362467;7;0.8948545861297539
DILMA;26.76923076923077;7;1.0230179028132993
DILMA;29.365079365079364;7;0.6681514476614699
DILMA;26.923076923076923;7;0.56657223796034
DILMA;26.05263157894737;7;0.449438202247191
DILMA;41.37931034482759;7;0.49019607843137253
DILMA;27.936507936507937;7;0.8
DILMA;27.2972972972973;7;0.22271714922049
DILMA;24.30939226519337;7;0.6772009029345373
DILMA;24.566473988439306;7;0.24449877750611246
DILMA;25.34722222222222;7;0.8823529411764706
DILMA;26.050420168067227;7;0.684931506849315
DILMA;22.6775956284153;7;0.22271714922049
DILMA;30.944625407166125;7;1.0471204188481675
DILMA;24.46808510638298;7;0.449438202247191
DILMA;34.59119496855346;7;0.5128205128205128
DILMA;29.558011049723756;7;0.6960556844547564
DILMA;35.07462686567164;7;0.31746031746031744
DILMA;36.39344262295082;7;0.7915567282321899
DILMA;28.695652173913043;7;0.22779043280182232
DILMA;26.2987012987013;7;0.7633587786259542
DILMA;31.21693121693122;7;0.44742729306487694
DILMA;35.9375;7;0.7017543859649122
DILMA;30.327868852459016;7;1.2552301255230125
DILMA;32.212885154061624;7;0.7125890736342043
DILMA;27.098321342925658;7;1.4056224899598393
DILMA;28.02547770700637;7;1.2626262626262625
DILMA;26.21359223300971;7;0.411522633744856
DILMA;27.761194029850746;7;0.5
DILMA;19.0;7;0.7194244604316546
DILMA;29.156626506024097;7;0.8048289738430584
DILMA;34.66135458167331;7;1.3986013986013985
DILMA;31.60377358490566;7;0.4098360655737705
DILMA;28.90173410404624;7;0.6772009029345373
DILMA;26.53061224489796;7;0.6024096385542169
DILMA;26.605504587155963;7;1.3089005235602094
DILMA;25.252525252525253;7;0.8695652173913043
DILMA;25.126903553299492;7;1.606425702811245
DILMA;26.5625;7;0.4032258064516129
DILMA;31.122448979591837;7;1.1673151750972763
DILMA;21.367521367521366;7;1.25
DILMA;29.04564315352697;7;0.9202453987730062
DILMA;28.110599078341014;7;1.2295081967213115
DILMA;27.184466019417474;7;1.5873015873015872
DILMA;29.850746268656717;7;1.1627906976744187
DILMA;34.13897280966767;7;1.9607843137254901
DILMA;34.30962343096234;7;1.3651877133105803
DILMA;30.291970802919707;7;0.6410256410256411
DILMA;34.42622950819672;7;1.2944983818770226
DILMA;36.162361623616235;7;1.2779552715654952
DILMA;34.732824427480914;7;1.607717041800643
DILMA;30.612244897959183;7;0.43103448275862066
DILMA;37.407407407407405;7;0.31645569620253167
DILMA;35.87786259541985;7;0.898876404494382
DILMA;32.407407407407405;7;2.032520325203252
DILMA;33.66834170854271;7;1.7699115044247788
DILMA;33.47826086956522;7;0.352112676056338
DILMA;30.124223602484474;7;2.094240837696335
DILMA;30.3125;7;0.5449591280653951
DILMA;24.776119402985074;7;0.5249343832020997
DILMA;35.82089552238806;7;0.75
DILMA;33.333333333333336;7;0.7782101167315175
DILMA;40.723981900452486;7;1.5810276679841897
DILMA;33.47280334728033;7;0.3861003861003861
DILMA;36.24454148471616;7;1.4492753623188406
DILMA;28.444444444444443;7;2.3622047244094486
DILMA;32.28699551569507;7;2.7131782945736433
DILMA;40.09216589861751;7;1.2765957446808511
DILMA;32.59668508287293;7;0.45045045045045046
DILMA;32.58426966292135;7;1.408450704225352
DILMA;31.92488262910798;7;2.5531914893617023
DILMA;35.32338308457712;7;0.8733624454148472
DILMA;32.244897959183675;7;1.8248175182481752
DILMA;47.41035856573705;7;0.2717391304347826
DILMA;29.281767955801104;7;0.8968609865470852
DILMA;29.761904761904763;7;0.5102040816326531
DILMA;36.02150537634409;7;6.532663316582915
DILMA;36.72316384180791;7;1.492537313432836
DILMA;30.0;7;1.0
DILMA;31.46067415730337;7;1.0526315789473684
DILMA;27.083333333333332;7;0.5263157894736842
DILMA;30.538922155688624;7;0.8152173913043478
DILMA;27.419354838709676;7;0.5698005698005698
DILMA;28.802588996763753;7;1.392757660167131
DILMA;33.8150289017341;7;0.2638522427440633
DILMA;32.53968253968254;7;0.2898550724637681
DILMA;25.38860103626943;7;0.672645739910314
DILMA;22.75449101796407;7;0.5347593582887701
DILMA;27.96833773087071;7;0.2247191011235955
DILMA;27.2264631043257;7;0.672645739910314
DILMA;24.600638977635782;7;0.2915451895043732
DILMA;24.043715846994534;7;0.47393364928909953
DILMA;29.083665338645417;7;0.2949852507374631
DILMA;37.05882352941177;7;1.015228426395939
DILMA;30.246913580246915;7;0.546448087431694
DILMA;30.53435114503817;7;1.3363028953229399
DILMA;44.23076923076923;7;0.546448087431694
DILMA;34.73053892215569;7;0.47619047619047616
DILMA;26.126126126126128;7;1.0810810810810811
DILMA;27.358490566037737;7;1.1111111111111112
DILMA;32.758620689655174;7;0.5797101449275363
DILMA;39.39393939393939;7;0.6472491909385113
DILMA;21.25;7;0.28169014084507044
DILMA;34.18181818181818;7;0.5780346820809249
DILMA;24.5;7;0.6651884700665188
DILMA;28.695652173913043;7;1.5113350125944585
DILMA;28.37837837837838;7;0.9090909090909091
DILMA;22.093023255813954;7;0.27100271002710025
DILMA;21.58730158730159;7;0.2770083102493075
DILMA;30.967741935483872;7;1.1142061281337048
DILMA;19.18819188191882;7;0.6666666666666666
DILMA;25.077399380804952;7;1.0899182561307903
DILMA;25.899280575539567;7;2.236421725239617
DILMA;25.671641791044777;7;0.8042895442359249
DILMA;21.47887323943662;7;0.6410256410256411
DILMA;29.198966408268735;7;0.22675736961451248
DILMA;33.63095238095238;7;0.5089058524173028
DILMA;35.79234972677595;7;1.36986301369863
DILMA;26.392961876832846;7;0.7772020725388601
DILMA;29.27536231884058;7;0.25380710659898476
DILMA;26.075949367088608;7;1.1210762331838564
DILMA;20.99125364431487;7;1.3089005235602094
DILMA;29.25925925925926;7;1.3245033112582782
DILMA;24.479166666666668;7;0.45045045045045046
DILMA;31.325301204819276;7;0.29239766081871343
DILMA;28.326180257510728;7;0.7782101167315175
DILMA;28.164556962025316;7;0.2808988764044944
DILMA;21.038961038961038;7;0.23201856148491878
DILMA;26.628895184135978;7;0.5102040816326531
DILMA;26.517571884984026;7;1.1111111111111112
DILMA;22.670025188916878;7;0.44052863436123346
DILMA;23.919308357348704;7;0.7712082262210797
DILMA;29.118773946360154;7;1.6778523489932886
DILMA;25.149700598802394;7;0.7575757575757576
DILMA;32.55813953488372;7;0.5617977528089888
DILMA;28.653295128939828;7;0.7614213197969543
DILMA;27.272727272727273;7;0.6756756756756757
DILMA;21.95767195767196;7;0.9049773755656109
DILMA;20.54380664652568;7;0.7692307692307693
DILMA;28.282828282828284;7;0.2915451895043732
DILMA;29.44297082228117;7;1.1235955056179776
DILMA;32.960893854748605;7;2.4390243902439024
DILMA;23.65930599369085;7;0.554016620498615
DILMA;24.127906976744185;7;0.25380710659898476
DILMA;29.974811083123427;7;0.45045045045045046
DILMA;24.924012158054712;7;0.27548209366391185
DILMA;32.64781491002571;7;1.5765765765765767
DILMA;26.39751552795031;7;0.8152173913043478
DILMA;23.668639053254438;7;1.0362694300518134
DILMA;26.73521850899743;7;0.6802721088435374
DILMA;36.440677966101696;7;0.32679738562091504
DILMA;26.616915422885572;7;0.22026431718061673
DILMA;32.22222222222222;7;1.0101010101010102
DILMA;35.0383631713555;7;0.8948545861297539
DILMA;22.448979591836736;7;0.2336448598130841
DILMA;23.157894736842106;7;0.8888888888888888
DILMA;23.167155425219942;7;0.5102040816326531
DILMA;28.3987915407855;7;0.7692307692307693
DILMA;29.71576227390181;7;1.345291479820628
DILMA;25.37878787878788;7;0.3367003367003367
DILMA;33.134328358208954;7;0.25906735751295334
DILMA;33.56890459363957;7;0.3194888178913738
DILMA;21.846153846153847;7;0.2695417789757412
DILMA;36.59942363112392;7;0.7936507936507936
DILMA;27.725856697819314;7;0.27472527472527475
DILMA;32.03125;7;0.29069767441860467
DILMA;27.3015873015873;7;0.8
DILMA;30.847457627118644;7;0.2949852507374631
DILMA;24.099722991689752;7;0.7389162561576355
DILMA;27.941176470588236;7;0.5128205128205128
DILMA;31.68831168831169;7;0.22172949002217296
DILMA;48.4375;7;0.2695417789757412
DILMA;32.132132132132135;7;0.5235602094240838
DILMA;32.67716535433071;7;0.2976190476190476
DILMA;28.24207492795389;7;0.5167958656330749
DILMA;22.485207100591715;7;0.5167958656330749
DILMA;27.272727272727273;7;1.3227513227513228
DILMA;25.396825396825395;7;0.5602240896358543
DILMA;29.618768328445746;7;0.5277044854881267
DILMA;29.76878612716763;7;1.0309278350515463
DILMA;25.08833922261484;7;0.9090909090909091
DILMA;27.335640138408305;7;0.5434782608695652
DILMA;32.53968253968254;7;1.3921113689095128
DILMA;34.36532507739938;7;0.7389162561576355
DILMA;28.266666666666666;7;0.45977011494252873
DILMA;30.92105263157895;7;1.2012012012012012
DILMA;23.56687898089172;7;0.8130081300813008
DILMA;22.513089005235603;7;0.26881720430107525
DILMA;26.81564245810056;7;0.48426150121065376
DILMA;24.367088607594937;7;1.4124293785310735
DILMA;29.914529914529915;7;0.37735849056603776
DILMA;31.365313653136532;7;0.5780346820809249
DILMA;25.454545454545453;7;1.3953488372093024
DILMA;30.718954248366014;7;1.1869436201780414
DILMA;30.853994490358126;7;0.25125628140703515
DILMA;24.390243902439025;7;0.9009009009009009
DILMA;29.943502824858758;7;1.639344262295082
DILMA;25.984251968503937;7;0.898876404494382
DILMA;31.550802139037433;7;1.411764705882353
DILMA;23.28767123287671;7;2.898550724637681
DILMA;25.423728813559322;7;1.25
DILMA;25.247524752475247;7;1.2605042016806722
DILMA;31.907894736842106;7;1.492537313432836
DILMA;22.10242587601078;7;1.8867924528301887
DILMA;27.358490566037737;7;1.0335917312661498
DILMA;30.63063063063063;7;0.25
DILMA;23.897058823529413;7;1.0695187165775402
DILMA;30.249110320284696;7;0.6116207951070336
DILMA;26.875;7;1.0416666666666667
DILMA;33.87096774193548;7;1.7045454545454546
DILMA;29.295774647887324;7;1.5659955257270695
DILMA;26.693227091633467;7;0.33222591362126247
DILMA;30.0;7;0.9090909090909091
DILMA;27.5;7;3.3333333333333335
DILMA;27.976190476190474;7;0.970873786407767
DILMA;27.40740740740741;7;0.5586592178770949
DILMA;32.60188087774295;7;0.5649717514124294
DILMA;25.35211267605634;7;1.0526315789473684
DILMA;34.85342019543974;7;0.8450704225352113
DILMA;29.702970297029704;7;1.408450704225352
DILMA;33.86581469648562;7;0.28901734104046245
DILMA;31.3953488372093;7;1.2121212121212122
DILMA;26.01156069364162;7;1.9900497512437811
DILMA;35.869565217391305;7;1.0
DILMA;27.134146341463413;7;1.6129032258064515
DILMA;27.761194029850746;7;1.6348773841961852
DILMA;26.349206349206348;7;1.6172506738544474
DILMA;25.572519083969464;7;0.6688963210702341
DILMA;28.517110266159698;7;0.6802721088435374
DILMA;29.577464788732396;7;0.7692307692307693
DILMA;34.20289855072464;7;1.0178117048346056
DILMA;43.388429752066116;7;0.60790273556231
DILMA;33.333333333333336;7;1.3953488372093024
DILMA;33.98328690807799;7;0.702576112412178
DILMA;27.027027027027028;7;1.3953488372093024
DILMA;29.41176470588235;7;0.23696682464454977
DILMA;31.40495867768595;7;0.7604562737642585
DILMA;38.61788617886179;7;1.556420233463035
DILMA;30.084745762711865;7;0.38022813688212925
DILMA;26.40449438202247;7;0.4975124378109453
DILMA;30.508474576271187;7;0.5208333333333334
DILMA;30.92105263157895;7;0.5882352941176471
DILMA;34.61538461538461;7;0.5167958656330749
DILMA;30.857142857142858;7;0.7751937984496124
DILMA;32.81733746130031;7;0.8403361344537815
DILMA;35.09316770186335;7;0.27624309392265195
DILMA;27.64857881136951;7;0.22624434389140272
DILMA;24.444444444444443;7;1.1061946902654867
DILMA;27.893175074183976;7;1.075268817204301
DILMA;28.011204481792717;7;0.5089058524173028
DILMA;28.862973760932945;7;1.0204081632653061
DILMA;33.130699088145896;7;0.819672131147541
DILMA;37.755102040816325;7;1.4150943396226414
DILMA;28.01047120418848;7;0.2222222222222222
DILMA;34.11078717201166;7;0.49504950495049505
DILMA;31.728045325779036;7;0.4975124378109453
DILMA;34.40233236151604;7;0.7371007371007371
DILMA;30.76923076923077;7;0.3436426116838488
DILMA;32.11678832116788;7;0.273224043715847
DILMA;29.805013927576603;7;0.7556675062972292
DILMA;30.0;7;1.0309278350515463
DILMA;27.92792792792793;7;0.7712082262210797
DILMA;22.437673130193907;7;1.71990171990172
DILMA;26.359832635983263;7;0.37735849056603776
DILMA;32.244897959183675;7;0.7692307692307693
DILMA;25.63176895306859;7;1.2987012987012987
DILMA;24.354243542435423;7;0.6802721088435374
DILMA;22.10796915167095;7;0.4444444444444444
DILMA;37.94326241134752;7;0.273224043715847
DILMA;27.945205479452056;7;1.797752808988764
DILMA;26.5;7;0.8968609865470852
DILMA;31.25;7;1.1111111111111112
DILMA;30.201342281879196;7;1.1904761904761905
DILMA;25.0;7;0.2849002849002849
DILMA;22.478386167146976;7;0.5115089514066496
DILMA;22.123893805309734;7;1.278772378516624
DILMA;29.968454258675077;7;0.5524861878453039
DILMA;37.2093023255814;7;0.5494505494505495
DILMA;24.54308093994778;7;1.3986013986013985
DILMA;27.15736040609137;7;0.6818181818181818
DILMA;24.46808510638298;7;1.1848341232227488
DILMA;28.698224852071007;7;0.3058103975535168
DILMA;27.889447236180903;7;0.9009009009009009
DILMA;23.79746835443038;7;0.22075055187637968
DILMA;27.81954887218045;7;0.4329004329004329
DILMA;20.09925558312655;7;0.22321428571428573
DILMA;28.40909090909091;7;0.24752475247524752
DILMA;42.672413793103445;7;0.3968253968253968
DILMA;42.4390243902439;7;0.34843205574912894
DILMA;46.2962962962963;7;0.33444816053511706
DILMA;45.8128078817734;7;0.3472222222222222
DILMA;45.089285714285715;7;0.7117437722419929
DILMA;47.36842105263158;7;0.3436426116838488
DILMA;47.66839378238342;7;0.37735849056603776
DILMA;48.18652849740933;7;0.9259259259259259
DILMA;51.1520737327189;7;0.7299270072992701
DILMA;46.192893401015226;7;0.3546099290780142
DILMA;61.03896103896104;7;0.7751937984496124
DILMA;74.26470588235294;7;1.3274336283185841
DILMA;49.59349593495935;7;1.1764705882352942
DILMA;44.339622641509436;7;0.7117437722419929
DILMA;45.2914798206278;7;1.0
DILMA;52.747252747252745;7;0.5405405405405406
DILMA;47.783251231527096;7;0.7434944237918215
DILMA;60.0;7;1.2195121951219512
DILMA;46.33204633204633;7;0.34965034965034963
DILMA;47.34848484848485;7;0.3412969283276451
DILMA;30.481283422459892;7;0.6944444444444444
DILMA;32.30769230769231;7;0.25125628140703515
DILMA;43.66197183098591;7;0.5747126436781609
DILMA;30.088495575221238;7;0.6329113924050633
DILMA;28.571428571428573;7;0.25316455696202533
DILMA;28.270042194092827;7;0.8310249307479224
DILMA;31.543624161073826;7;0.8163265306122449
DILMA;31.884057971014492;7;0.5780346820809249
DILMA;34.97536945812808;7;0.32051282051282054
DILMA;29.613733905579398;7;0.6369426751592356
DILMA;35.43689320388349;7;0.3021148036253776
DILMA;34.58646616541353;7;0.26737967914438504
DILMA;30.0;7;0.25316455696202533
DILMA;35.319148936170215;7;0.28169014084507044
DILMA;31.57894736842105;7;0.273224043715847
DILMA;30.19607843137255;7;0.5089058524173028
DILMA;26.016260162601625;7;0.7672634271099744
DILMA;33.333333333333336;7;0.41841004184100417
DILMA;33.333333333333336;7;0.41841004184100417
DILMA;33.52601156069364;7;0.3448275862068966
DILMA;30.476190476190474;7;0.2898550724637681
DILMA;46.33204633204633;7;0.2518891687657431
DILMA;47.03389830508475;7;0.2770083102493075
DILMA;48.91304347826087;7;0.25316455696202533
DILMA;32.18884120171674;7;0.2898550724637681
DILMA;55.78947368421053;7;0.33112582781456956
DILMA;32.330827067669176;7;0.25773195876288657
DILMA;57.2463768115942;7;0.8403361344537815
DILMA;36.904761904761905;7;0.352112676056338
DILMA;34.27230046948357;7;0.31347962382445144
DILMA;31.27962085308057;7;0.3215434083601286
DILMA;28.365384615384617;7;0.31746031746031744
DILMA;55.88235294117647;7;0.5291005291005291
DILMA;28.125;7;0.2557544757033248
DILMA;34.63414634146341;7;0.9493670886075949
DILMA;30.057803468208093;7;0.373134328358209
DILMA;47.59036144578313;7;0.33003300330033003
DILMA;37.5;7;0.2724795640326976
DILMA;27.95275590551181;7;0.26595744680851063
DILMA;40.67796610169491;7;0.6097560975609756
DILMA;59.375;7;0.26595744680851063
DILMA;39.56043956043956;7;0.6666666666666666
DILMA;36.18677042801556;7;0.5681818181818182
DILMA;35.24590163934426;7;1.0050251256281406
DILMA;28.125;7;0.425531914893617
DILMA;35.34136546184739;7;0.2898550724637681
DILMA;48.57142857142857;7;0.2717391304347826
DILMA;37.5;7;0.5681818181818182
DILMA;35.0;7;0.5076142131979695
DILMA;41.2;7;0.2932551319648094
DILMA;40.14598540145985;7;0.5
DILMA;39.66244725738397;7;0.3367003367003367
DILMA;27.80269058295964;7;0.30864197530864196
DILMA;33.50785340314136;7;0.36231884057971014
DILMA;42.51012145748988;7;0.27932960893854747
DILMA;44.921875;7;0.26525198938992045
DILMA;46.875;7;0.29673590504451036
DILMA;45.418326693227094;7;0.25906735751295334
DILMA;39.24050632911393;7;0.2544529262086514
DILMA;43.02325581395349;7;0.7117437722419929
DILMA;37.5;7;0.34965034965034963
DILMA;52.99145299145299;7;0.5263157894736842
DILMA;38.009049773755656;7;0.3333333333333333
DILMA;34.55882352941177;7;0.26666666666666666
DILMA;40.09661835748792;7;0.684931506849315
DILMA;43.82022471910113;7;0.35587188612099646
DILMA;39.44954128440367;7;0.30864197530864196
DILMA;29.288702928870293;7;0.273972602739726
DILMA;37.15415019762846;7;0.2898550724637681
DILMA;38.36206896551724;7;0.3115264797507788
DILMA;35.98326359832636;7;0.2801120448179272
DILMA;40.44117647058823;7;0.5181347150259067
DILMA;39.23444976076555;7;0.6872852233676976
DILMA;41.01123595505618;7;0.7092198581560284
DILMA;37.59124087591241;7;0.5747126436781609
DILMA;26.785714285714285;7;0.6756756756756757
DILMA;32.22222222222222;7;0.8356545961002786
DILMA;33.60655737704918;7;0.3105590062111801
DILMA;34.285714285714285;7;0.5952380952380952
DILMA;60.256410256410255;7;0.5813953488372093
DILMA;41.891891891891895;7;0.31545741324921134
DILMA;38.52813852813853;7;0.30120481927710846
DILMA;43.18181818181818;7;0.5208333333333334
DILMA;41.24513618677043;7;0.5813953488372093
DILMA;32.18390804597701;7;0.2801120448179272
DILMA;31.550802139037433;7;0.41841004184100417
DILMA;29.032258064516128;7;0.2801120448179272
DILMA;38.095238095238095;7;1.4492753623188406
DILMA;41.36690647482014;7;0.25380710659898476
DILMA;49.38775510204081;7;0.2770083102493075
DILMA;33.739837398373986;7;0.5420054200542005
DILMA;27.510917030567686;7;0.30864197530864196
DILMA;40.74074074074074;7;0.2958579881656805
DILMA;35.23809523809524;7;0.3389830508474576
DILMA;35.55555555555556;7;1.0554089709762533
DILMA;34.82587064676617;7;0.7407407407407407
DILMA;47.52066115702479;7;0.29239766081871343
DILMA;33.75796178343949;7;0.4098360655737705
DILMA;45.91439688715953;7;0.2702702702702703
DILMA;32.098765432098766;7;0.29239766081871343
DILMA;40.94488188976378;7;0.8356545961002786
DILMA;35.44303797468354;7;1.1904761904761905
DILMA;51.18483412322275;7;0.5952380952380952
DILMA;57.526881720430104;7;0.37174721189591076
DILMA;38.69047619047619;7;1.3513513513513513
DILMA;32.87671232876713;7;0.8130081300813008
DILMA;53.535353535353536;7;0.6622516556291391
DILMA;28.26086956521739;7;1.5037593984962405
DILMA;35.53719008264463;7;2.202643171806167
DILMA;65.625;7;0.4975124378109453
DILMA;34.285714285714285;7;0.783289817232376
DILMA;44.15584415584416;7;0.5128205128205128
DILMA;39.86486486486486;7;0.4484304932735426
DILMA;41.51624548736462;7;0.5780346820809249
DILMA;37.2093023255814;7;0.2857142857142857
DILMA;57.54716981132076;7;0.6289308176100629
DILMA;50.75757575757576;7;0.8695652173913043
DILMA;42.10526315789474;7;0.8620689655172413
DILMA;38.578680203045685;7;0.6410256410256411
DILMA;34.30962343096234;7;0.5681818181818182
DILMA;33.830845771144276;7;0.704225352112676
DILMA;38.429752066115704;7;0.8928571428571429
DILMA;36.29032258064516;7;0.6042296072507553
DILMA;41.201716738197426;7;0.3389830508474576
DILMA;39.45945945945946;7;0.7067137809187279
DILMA;35.56485355648535;7;0.29850746268656714
DILMA;35.0210970464135;7;0.2994011976047904
DILMA;38.8663967611336;7;0.6060606060606061
DILMA;34.93975903614458;7;1.6326530612244898
DILMA;40.15444015444015;7;0.5934718100890207
DILMA;32.97872340425532;7;0.4166666666666667
DILMA;41.05691056910569;7;0.5899705014749262
DILMA;37.130801687763714;7;0.29239766081871343
DILMA;34.53237410071942;7;0.4878048780487805
DILMA;41.61073825503356;7;0.9950248756218906
DILMA;40.0;7;0.4878048780487805
DILMA;38.94230769230769;7;1.1764705882352942
DILMA;41.42259414225941;7;0.2915451895043732
DILMA;54.0084388185654;7;0.25773195876288657
DILMA;41.566265060240966;7;0.6993006993006993
DILMA;46.31578947368421;7;0.35335689045936397
DILMA;39.90384615384615;7;0.3424657534246575
DILMA;37.98882681564246;7;0.373134328358209
DILMA;37.64705882352941;7;0.3816793893129771
DILMA;38.41463414634146;7;0.4
DILMA;38.57142857142857;7;1.5267175572519085
DILMA;58.56353591160221;7;0.33112582781456956
DILMA;54.066985645933016;7;0.33783783783783783
DILMA;46.56488549618321;7;0.423728813559322
DILMA;52.94117647058823;7;1.2658227848101267
DILMA;52.65486725663717;7;0.32679738562091504
DILMA;54.375;7;0.398406374501992
DILMA;52.036199095022624;7;0.31746031746031744
DILMA;46.32768361581921;7;0.36101083032490977
DILMA;47.524752475247524;7;0.31545741324921134
DILMA;50.810810810810814;7;0.3412969283276451
DILMA;56.544502617801044;7;0.3424657534246575
DILMA;50.54347826086956;7;0.3367003367003367
DILMA;55.02958579881657;7;0.3875968992248062
DILMA;47.59615384615385;7;0.3389830508474576
DILMA;77.21518987341773;7;0.3875968992248062
DILMA;57.142857142857146;7;0.6711409395973155
DILMA;55.27950310559006;7;0.37037037037037035
DILMA;43.18181818181818;7;0.3215434083601286
DILMA;46.951219512195124;7;0.3968253968253968
DILMA;57.142857142857146;7;0.33783783783783783
DILMA;49.30232558139535;7;1.0033444816053512
DILMA;53.225806451612904;7;0.3333333333333333
DILMA;54.54545454545455;7;0.373134328358209
DILMA;55.747126436781606;7;0.3937007874015748
DILMA;27.96934865900383;7;0.27624309392265195
DILMA;29.69924812030075;7;0.26737967914438504
DILMA;31.896551724137932;7;0.28901734104046245
DILMA;35.08064516129032;7;0.5797101449275363
DILMA;32.8719723183391;7;0.2617801047120419
DILMA;38.62068965517241;7;0.9852216748768473
DILMA;37.109375;7;0.591715976331361
DILMA;35.86497890295359;7;0.4716981132075472
DILMA;47.26027397260274;7;0.5025125628140703
DILMA;30.357142857142858;7;0.6472491909385113
DILMA;42.7007299270073;7;0.26455026455026454
DILMA;30.240549828178693;7;1.0204081632653061
DILMA;39.38223938223938;7;0.5509641873278237
DILMA;28.11244979919679;7;0.8928571428571429
DILMA;35.57046979865772;7;0.5154639175257731
DILMA;39.69465648854962;7;0.33222591362126247
DILMA;39.55555555555556;7;0.3333333333333333
DILMA;44.51219512195122;7;0.49261083743842365
DILMA;33.46774193548387;7;0.2881844380403458
DILMA;33.75796178343949;7;0.49504950495049505
DILMA;37.01298701298701;7;0.46511627906976744
DILMA;36.329588014981276;7;0.2898550724637681
DILMA;35.874439461883405;7;0.6734006734006734
DILMA;31.007751937984494;7;1.1695906432748537
DILMA;32.945736434108525;7;0.49019607843137253
DILMA;31.316725978647685;7;0.25906735751295334
DILMA;29.387755102040817;7;0.29411764705882354
DILMA;32.421875;7;0.29069767441860467
DILMA;31.4878892733564;7;0.26666666666666666
DILMA;32.64604810996563;7;0.5333333333333333
DILMA;37.5;7;0.29411764705882354
DILMA;46.351931330472105;7;0.35714285714285715
DILMA;27.74869109947644;7;0.6896551724137931
DILMA;35.57692307692308;7;0.970873786407767
DILMA;32.74021352313167;7;0.25773195876288657
DILMA;39.320388349514566;7;0.33003300330033003
DILMA;30.545454545454547;7;0.2680965147453083
DILMA;33.08550185873606;7;0.273224043715847
DILMA;35.96837944664031;7;0.29411764705882354
DILMA;32.98245614035088;7;0.2695417789757412
DILMA;39.37007874015748;7;0.2898550724637681
DILMA;32.388663967611336;7;0.3003003003003003
DILMA;65.21739130434783;7;1.1764705882352942
DILMA;40.65934065934066;7;0.47619047619047616
DILMA;38.28996282527881;7;0.8333333333333334
DILMA;29.961089494163424;7;0.29411764705882354
DILMA;35.602094240837694;7;0.6644518272425249
DILMA;40.0;7;0.29239766081871343
DILMA;44.630872483221474;7;1.0695187165775402
DILMA;36.65338645418327;7;0.2976190476190476
DILMA;39.705882352941174;7;0.2770083102493075
DILMA;29.51388888888889;7;0.2570694087403599
DILMA;39.25925925925926;7;0.27472527472527475
DILMA;35.507246376811594;7;0.2570694087403599
DILMA;30.37037037037037;7;0.547945205479452
DILMA;44.44444444444444;7;0.5405405405405406
DILMA;12.977099236641221;7;0.6451612903225806
DILMA;51.70068027210884;7;0.43478260869565216
DILMA;50.0;7;0.35587188612099646
DILMA;55.11363636363637;7;0.3875968992248062
DILMA;50.76142131979695;7;0.3787878787878788
DILMA;45.97315436241611;7;0.4149377593360996
DILMA;46.97674418604651;7;0.3448275862068966
DILMA;48.704663212435236;7;0.35587188612099646
DILMA;63.888888888888886;7;0.39215686274509803
DILMA;50.588235294117645;7;0.3968253968253968
DILMA;59.58188153310105;7;0.7380073800738007
DILMA;47.093023255813954;7;0.39215686274509803
DILMA;51.515151515151516;7;0.7142857142857143
DILMA;34.30232558139535;7;0.8403361344537815
DILMA;33.06122448979592;7;0.2824858757062147
DILMA;42.857142857142854;7;0.3424657534246575
DILMA;28.846153846153847;7;0.3460207612456747
DILMA;26.470588235294116;7;0.9771986970684039
DILMA;29.72972972972973;7;0.373134328358209
DILMA;27.310924369747898;7;0.56657223796034
DILMA;23.497267759562842;7;0.847457627118644
DILMA;34.10852713178294;7;0.5681818181818182
DILMA;30.434782608695652;7;0.9118541033434651
DILMA;43.35260115606936;7;0.4149377593360996
DILMA;23.728813559322035;7;2.074688796680498
DILMA;39.075630252100844;7;0.35335689045936397
DILMA;28.79581151832461;7;0.819672131147541
DILMA;32.8125;7;0.2949852507374631
DILMA;34.09090909090909;7;0.33557046979865773
DILMA;27.976190476190474;7;0.43103448275862066
DILMA;30.386740331491712;7;0.4132231404958678
DILMA;29.493087557603687;7;0.6309148264984227
DILMA;41.06280193236715;7;0.33112582781456956
DILMA;30.80168776371308;7;0.2824858757062147
DILMA;30.27027027027027;7;0.33112582781456956
DILMA;27.419354838709676;7;0.35842293906810035
DILMA;32.77777777777778;7;0.411522633744856
DILMA;40.714285714285715;7;0.3076923076923077
DILMA;36.75213675213675;7;0.6711409395973155
DILMA;32.6530612244898;7;0.30120481927710846
DILMA;34.92537313432836;7;0.2994011976047904
DILMA;39.17197452229299;7;0.9146341463414634
DILMA;29.385964912280702;7;0.3105590062111801
DILMA;18.226600985221676;7;0.37735849056603776
DILMA;31.914893617021278;7;0.5952380952380952
DILMA;38.99082568807339;7;0.35587188612099646
DILMA;22.0125786163522;7;0.5405405405405406
DILMA;33.97435897435897;7;1.2987012987012987
DILMA;18.90547263681592;7;0.704225352112676
DILMA;23.893805309734514;7;0.704225352112676
DILMA;26.548672566371682;7;1.0135135135135136
DILMA;30.246913580246915;7;0.45248868778280543
DILMA;31.20567375886525;7;0.4444444444444444
DILMA;27.317073170731707;7;0.6711409395973155
DILMA;28.846153846153847;7;0.704225352112676
DILMA;32.0;7;0.45662100456621
DILMA;33.333333333333336;7;0.4149377593360996
DILMA;29.479768786127167;7;1.1857707509881423
DILMA;30.044843049327355;7;0.33783783783783783
DILMA;31.0126582278481;7;0.4975124378109453
DILMA;37.55868544600939;7;0.3663003663003663
DILMA;30.530973451327434;7;1.0309278350515463
DILMA;35.632183908045974;7;0.9090909090909091
DILMA;32.28346456692913;7;0.2958579881656805
DILMA;28.99628252788104;7;0.5813953488372093
DILMA;31.316725978647685;7;0.5555555555555556
DILMA;29.545454545454547;7;0.3508771929824561
DILMA;27.741935483870968;7;0.46511627906976744
DILMA;27.77777777777778;7;0.5970149253731343
DILMA;28.14070351758794;7;0.35587188612099646
DILMA;33.72093023255814;7;0.36900369003690037
DILMA;21.875;7;0.5434782608695652
DILMA;32.47232472324723;7;0.49504950495049505
DILMA;36.898395721925134;7;0.3663003663003663
DILMA;28.89908256880734;7;0.6872852233676976
DILMA;30.06993006993007;7;0.45454545454545453
DILMA;29.26829268292683;7;0.3125
DILMA;30.56768558951965;7;0.60790273556231
DILMA;32.857142857142854;7;0.6968641114982579
DILMA;33.333333333333336;7;0.704225352112676
DILMA;36.45320197044335;7;1.079136690647482
DILMA;31.985294117647058;7;0.9090909090909091
DILMA;30.76923076923077;7;0.3067484662576687
DILMA;31.34328358208955;7;0.37037037037037035
DILMA;29.661016949152543;7;0.30303030303030304
DILMA;38.33865814696485;7;0.32786885245901637
DILMA;35.77981651376147;7;0.6410256410256411
DILMA;30.97826086956522;7;1.3201320132013201
DILMA;27.54491017964072;7;0.8658008658008658
DILMA;41.58878504672897;7;0.6779661016949152
DILMA;22.65193370165746;7;0.44052863436123346
DILMA;31.048387096774192;7;0.6369426751592356
DILMA;37.7906976744186;7;0.8733624454148472
DILMA;37.6425855513308;7;1.3468013468013469
DILMA;28.7292817679558;7;0.8620689655172413
DILMA;31.754874651810585;7;0.4608294930875576
DILMA;32.520325203252035;7;0.9685230024213075
DILMA;38.125;7;0.8174386920980926
DILMA;28.37465564738292;7;0.49382716049382713
DILMA;31.89873417721519;7;0.6802721088435374
DILMA;30.693069306930692;7;0.44052863436123346
DILMA;31.33903133903134;7;0.2544529262086514
DILMA;35.59322033898305;7;0.7537688442211056
DILMA;39.26553672316384;7;1.7543859649122806
DILMA;28.426395939086294;7;0.8695652173913043
DILMA;33.97790055248619;7;1.5789473684210527
DILMA;30.339805825242717;7;0.43956043956043955
DILMA;37.97909407665505;7;0.5988023952095808
DILMA;40.71146245059288;7;0.5730659025787965
DILMA;33.98692810457516;7;1.0830324909747293
DILMA;37.54045307443366;7;0.554016620498615
DILMA;32.450331125827816;7;0.8426966292134831
DILMA;34.74025974025974;7;0.5420054200542005
DILMA;37.85488958990536;7;0.5681818181818182
DILMA;27.027027027027028;7;0.5305039787798409
DILMA;29.490616621983914;7;0.49019607843137253
DILMA;33.61581920903955;7;1.6129032258064515
DILMA;30.327868852459016;7;0.7067137809187279
DILMA;31.0580204778157;7;0.9316770186335404
DILMA;27.94871794871795;7;1.345291479820628
DILMA;27.77777777777778;7;0.8241758241758241
DILMA;33.44481605351171;7;0.8450704225352113
DILMA;30.386740331491712;7;0.24813895781637718
DILMA;29.0625;7;0.2801120448179272
DILMA;30.50397877984085;7;0.7211538461538461
DILMA;28.88888888888889;7;0.6787330316742082
DILMA;30.11049723756906;7;0.4878048780487805
DILMA;41.77215189873418;7;1.075268817204301
DILMA;30.362116991643454;7;0.49504950495049505
DILMA;39.44223107569721;7;0.28653295128939826
DILMA;33.746130030959755;7;0.547945205479452
DILMA;32.020997375328086;7;0.24096385542168675
DILMA;25.471698113207548;7;0.2702702702702703
DILMA;25.54517133956386;7;1.095890410958904
DILMA;27.96352583586626;7;0.5434782608695652
DILMA;24.022346368715084;7;1.5151515151515151
DILMA;28.846153846153847;7;0.8450704225352113
DILMA;30.946291560102303;7;0.9070294784580499
DILMA;34.394904458598724;7;0.2785515320334262
DILMA;28.481012658227847;7;0.27624309392265195
DILMA;25.41899441340782;7;0.7263922518159807
DILMA;30.158730158730158;7;1.3513513513513513
DILMA;30.091185410334347;7;0.554016620498615
DILMA;29.829545454545453;7;0.7481296758104738
DILMA;23.68421052631579;7;1.4981273408239701
DILMA;27.320954907161802;7;0.468384074941452
DILMA;26.956521739130434;7;0.7936507936507936
DILMA;23.26139088729017;7;0.22172949002217296
DILMA;25.19893899204244;7;1.2254901960784315
DILMA;28.1524926686217;7;1.0666666666666667
DILMA;26.29757785467128;7;1.1799410029498525
DILMA;29.051987767584098;7;0.2808988764044944
DILMA;27.659574468085108;7;0.6309148264984227
DILMA;33.098591549295776;7;0.6430868167202572
DILMA;30.232558139534884;7;0.5141388174807198
DILMA;26.96969696969697;7;0.27100271002710025
DILMA;31.793478260869566;7;0.45045045045045046
DILMA;43.624161073825505;7;0.5830903790087464
DILMA;30.21390374331551;7;1.1185682326621924
DILMA;44.78764478764479;7;0.6116207951070336
DILMA;31.27147766323024;7;0.9090909090909091
DILMA;28.402366863905325;7;0.7874015748031497
DILMA;27.094972067039105;7;0.5128205128205128
DILMA;28.735632183908045;7;0.24509803921568626
DILMA;30.071599045346062;7;0.21739130434782608
DILMA;30.252100840336134;7;0.7518796992481203
DILMA;28.64864864864865;7;1.2048192771084338
DILMA;24.65753424657534;7;0.4784688995215311
DILMA;26.5625;7;0.2364066193853428
DILMA;32.30088495575221;7;0.4672897196261682
DILMA;21.904761904761905;7;0.2801120448179272
DILMA;31.444759206798867;7;1.7632241813602014
DILMA;24.860335195530727;7;0.9803921568627451
DILMA;28.484848484848484;7;1.36986301369863
DILMA;23.40966921119593;7;0.6711409395973155
DILMA;28.289473684210527;7;1.13314447592068
DILMA;33.333333333333336;7;0.36900369003690037
DILMA;28.02547770700637;7;0.2702702702702703
DILMA;26.944444444444443;7;0.48661800486618007
DILMA;31.76795580110497;7;0.49019607843137253
DILMA;36.33879781420765;7;1.243781094527363
DILMA;26.79045092838196;7;1.4527845036319613
DILMA;35.79335793357934;7;0.3048780487804878
DILMA;27.67295597484277;7;0.56657223796034
DILMA;30.73394495412844;7;0.390625
DILMA;32.82674772036474;7;1.0869565217391304
DILMA;26.373626373626372;7;0.7299270072992701
DILMA;26.486486486486488;7;0.9779951100244498
DILMA;26.555023923444978;7;1.735357917570499
DILMA;35.07462686567164;7;0.5780346820809249
DILMA;26.005361930294907;7;0.23980815347721823
DILMA;21.823204419889503;7;0.9478672985781991
DILMA;27.565982404692082;7;0.9975062344139651
DILMA;30.198019801980198;7;0.6564551422319475
DILMA;28.32369942196532;7;0.5063291139240507
DILMA;31.90661478599222;7;0.6944444444444444
DILMA;27.100271002710027;7;0.9685230024213075
DILMA;29.156010230179028;7;0.44642857142857145
DILMA;34.146341463414636;7;0.6269592476489029
DILMA;47.19626168224299;7;0.34843205574912894
DILMA;25.333333333333332;7;0.6993006993006993
DILMA;27.87878787878788;7;0.5434782608695652
DILMA;35.01483679525222;7;1.6260162601626016
DILMA;24.019607843137255;7;0.6410256410256411
DILMA;31.024930747922436;7;0.7389162561576355
DILMA;28.136882129277566;7;0.3508771929824561
DILMA;29.285714285714285;7;0.6329113924050633
DILMA;24.2603550295858;7;0.49875311720698257
DILMA;25.475285171102662;7;1.3029315960912051
DILMA;27.530364372469634;7;0.7547169811320755
DILMA;29.551451187335093;7;1.1655011655011656
DILMA;29.62962962962963;7;0.25380710659898476
DILMA;31.141868512110726;7;0.5934718100890207
DILMA;34.166666666666664;7;0.22727272727272727
DILMA;29.281767955801104;7;0.49382716049382713
DILMA;44.966442953020135;7;1.8072289156626506
DILMA;25.0;7;0.24154589371980675
DILMA;28.862973760932945;7;0.7614213197969543
DILMA;30.201342281879196;7;1.0781671159029649
DILMA;24.48377581120944;7;0.6787330316742082
DILMA;32.19178082191781;7;0.9950248756218906
DILMA;29.081632653061224;7;1.0822510822510822
DILMA;29.855072463768117;7;0.2617801047120419
DILMA;26.345609065155806;7;0.9876543209876543
DILMA;32.323232323232325;7;0.7874015748031497
DILMA;31.802120141342755;7;0.7874015748031497
DILMA;45.45454545454545;7;2.0618556701030926
DILMA;30.612244897959183;7;0.25
DILMA;29.41176470588235;7;0.7407407407407407
DILMA;29.41176470588235;7;2.097902097902098
DILMA;29.347826086956523;7;1.2135922330097086
DILMA;28.41823056300268;7;0.6369426751592356
DILMA;28.306878306878307;7;1.3186813186813187
DILMA;35.549872122762146;7;0.6622516556291391
DILMA;26.834862385321102;7;1.0040160642570282
DILMA;32.914572864321606;7;0.6172839506172839
DILMA;24.014336917562723;7;1.529051987767584
DILMA;28.571428571428573;7;1.0040160642570282
DILMA;43.15068493150685;7;0.5025125628140703
DILMA;31.564245810055866;7;0.7352941176470589
DILMA;29.12087912087912;7;1.4285714285714286
DILMA;26.666666666666668;7;1.0075566750629723
DILMA;26.548672566371682;7;0.2518891687657431
DILMA;25.0;7;0.25
DILMA;29.017857142857142;7;1.9083969465648856
DILMA;30.618892508143322;7;0.8021390374331551
DILMA;24.2603550295858;7;0.7556675062972292
DILMA;29.380053908355794;7;0.7334963325183375
DILMA;40.94488188976378;7;0.6134969325153374
DILMA;24.759615384615383;7;0.8048289738430584
DILMA;30.923694779116467;7;0.6410256410256411
DILMA;25.666666666666668;7;1.0075566750629723
DILMA;23.770491803278688;7;0.8928571428571429
DILMA;25.0;7;0.7874015748031497
DILMA;28.74493927125506;7;1.4705882352941178
DILMA;32.098765432098766;7;0.8928571428571429
DILMA;29.65686274509804;7;0.6550218340611353
DILMA;33.014354066985646;7;1.3574660633484164
DILMA;30.133333333333333;7;0.4807692307692308
DILMA;26.73267326732673;7;0.4608294930875576
DILMA;28.925619834710744;7;0.4889975550122249
DILMA;27.574750830564785;7;1.1594202898550725
DILMA;28.571428571428573;7;0.8695652173913043
DILMA;30.0;7;0.8670520231213873
DILMA;34.21052631578947;7;0.6944444444444444
DILMA;36.70886075949367;7;0.35587188612099646
DILMA;31.645569620253166;7;1.7045454545454546
DILMA;26.578073089700997;7;0.5780346820809249
DILMA;33.521126760563384;7;1.2012012012012012
DILMA;33.16831683168317;7;0.8658008658008658
DILMA;29.26829268292683;7;0.43478260869565216
DILMA;32.0;7;0.7352941176470589
DILMA;31.9672131147541;7;0.963855421686747
DILMA;36.95652173913044;7;1.2195121951219512
DILMA;23.391812865497077;7;0.5235602094240838
DILMA;32.01320132013201;7;0.5376344086021505
DILMA;33.64779874213836;7;0.8064516129032258
DILMA;36.148648648648646;7;1.639344262295082
DILMA;29.207920792079207;7;1.1428571428571428
DILMA;29.959514170040485;7;1.8115942028985508
DILMA;34.25196850393701;7;1.408450704225352
DILMA;36.60377358490566;7;0.6756756756756757
DILMA;31.349206349206348;7;1.0600706713780919
DILMA;31.753554502369667;7;1.4388489208633093
DILMA;27.696793002915452;7;0.25
DILMA;23.59882005899705;7;0.25
DILMA;23.142857142857142;7;0.25
DILMA;34.25076452599389;7;1.3812154696132597
DILMA;36.05263157894737;7;1.6470588235294117
DILMA;32.08020050125313;7;0.9411764705882353
DILMA;31.13456464379947;7;0.9324009324009324
DILMA;26.524390243902438;7;0.5361930294906166
DILMA;32.68156424581006;7;0.966183574879227
DILMA;25.61307901907357;7;0.7317073170731707
DILMA;26.182965299684543;7;0.5747126436781609
DILMA;32.075471698113205;7;1.048951048951049
DILMA;27.81954887218045;7;0.33557046979865773
DILMA;27.43682310469314;7;0.9836065573770492
DILMA;29.921259842519685;7;1.075268817204301
DILMA;23.015873015873016;7;1.4234875444839858
DILMA;32.78145695364238;7;0.29069767441860467
DILMA;33.798882681564244;7;1.0075566750629723
DILMA;30.666666666666668;7;0.8875739644970414
DILMA;24.299065420560748;7;0.37174721189591076
DILMA;34.72222222222222;7;0.9174311926605505
DILMA;30.612244897959183;7;1.2195121951219512
DILMA;30.508474576271187;7;0.9063444108761329
DILMA;45.018450184501845;7;0.6269592476489029
DILMA;29.971988795518207;7;0.48426150121065376
DILMA;27.894736842105264;7;0.22321428571428573
DILMA;30.27027027027027;7;0.8928571428571429
DILMA;24.427480916030536;7;1.3513513513513513
DILMA;38.285714285714285;7;0.42735042735042733
DILMA;32.24932249322493;7;0.24752475247524752
DILMA;29.30591259640103;7;0.24213075060532688
DILMA;28.994082840236686;7;0.7957559681697612
DILMA;30.76923076923077;7;1.9900497512437811
DILMA;28.611898016997166;7;1.2345679012345678
DILMA;27.170868347338935;7;0.963855421686747
DILMA;28.30188679245283;7;0.5555555555555556
DILMA;27.86377708978328;7;0.5617977528089888
DILMA;34.91620111731844;7;0.6864988558352403
