BRANCO;0.5102040816326531;2;48.82629107981221
BRANCO;0.44642857142857145;2;52.30125523012552
BRANCO;0.9615384615384616;2;44.05797101449275
BRANCO;0.3184713375796178;2;43.26647564469914
BRANCO;0.45454545454545453;2;61.47540983606557
BRANCO;0.9478672985781991;2;57.6271186440678
BRANCO;1.0101010101010102;2;46.04651162790697
BRANCO;0.7792207792207793;2;43.50961538461539
BRANCO;0.2617801047120419;2;46.228710462287104
BRANCO;0.8658008658008658;2;44.656488549618324
BRANCO;0.42735042735042733;2;49.43396226415094
BRANCO;1.2121212121212122;2;44.751381215469614
BRANCO;1.5789473684210527;2;39.906103286384976
BRANCO;1.2658227848101267;2;47.407407407407405
BRANCO;2.18978102189781;2;44.554455445544555
BRANCO;0.5181347150259067;2;54.716981132075475
BRANCO;0.546448087431694;2;55.3921568627451
BRANCO;1.1235955056179776;2;50.24875621890547
BRANCO;0.6006006006006006;2;45.833333333333336
BRANCO;1.6;2;51.36363636363637
BRANCO;2.1739130434782608;2;45.564516129032256
BRANCO;1.4705882352941178;2;48.90829694323144
BRANCO;0.7692307692307693;2;47.11316397228637
BRANCO;0.25510204081632654;2;45.642201834862384
BRANCO;0.4854368932038835;2;53.94736842105263
BRANCO;0.36496350364963503;2;44.370860927152314
BRANCO;0.3246753246753247;2;50.59171597633136
BRANCO;1.0309278350515463;2;50.0
BRANCO;1.4354066985645932;2;41.6289592760181
BRANCO;0.6116207951070336;2;51.832460732984295
BRANCO;1.0204081632653061;2;55.55555555555556
BRANCO;0.5208333333333334;2;47.51131221719457
BRANCO;0.9118541033434651;2;51.075268817204304
BRANCO;0.6557377049180327;2;52.27963525835866
BRANCO;1.1952191235059761;2;47.23247232472325
BRANCO;0.9615384615384616;2;52.91479820627803
BRANCO;0.9615384615384616;2;51.13636363636363
BRANCO;0.8;2;48.02784222737819
BRANCO;0.7792207792207793;2;46.741573033707866
BRANCO;1.1695906432748537;2;46.03174603174603
BRANCO;1.680672268907563;2;45.7286432160804
BRANCO;1.0676156583629892;2;44.85049833887043
BRANCO;1.466275659824047;2;47.63157894736842
BRANCO;0.3424657534246575;2;43.641618497109825
BRANCO;0.8403361344537815;2;49.647887323943664
BRANCO;1.5015015015015014;2;49.21465968586387
BRANCO;0.46511627906976744;2;43.946188340807176
BRANCO;0.398406374501992;2;47.794117647058826
BRANCO;1.0416666666666667;2;46.15384615384615
BRANCO;0.6116207951070336;2;41.514360313315926
BRANCO;1.2698412698412698;2;52.02312138728324
BRANCO;0.4878048780487805;2;50.23041474654378
BRANCO;0.7518796992481203;2;46.34146341463415
BRANCO;0.5235602094240838;2;46.26168224299065
BRANCO;0.9345794392523364;2;48.8235294117647
BRANCO;1.791044776119403;2;42.480211081794195
BRANCO;0.9615384615384616;2;52.608695652173914
BRANCO;0.5602240896358543;2;45.04950495049505
BRANCO;0.46511627906976744;2;39.82683982683983
BRANCO;1.6085790884718498;2;41.935483870967744
BRANCO;1.8181818181818181;2;47.277936962750715
BRANCO;2.4523160762942777;2;46.2962962962963
BRANCO;0.8498583569405099;2;42.92929292929293
BRANCO;0.8333333333333334;2;40.94488188976378
BRANCO;1.366120218579235;2;48.0
BRANCO;1.7467248908296944;2;50.4
BRANCO;0.975609756097561;2;52.03252032520325
BRANCO;1.2658227848101267;2;51.111111111111114
BRANCO;0.44052863436123346;2;44.67213114754098
BRANCO;0.7211538461538461;2;49.35064935064935
BRANCO;0.3436426116838488;2;49.7093023255814
BRANCO;2.0;2;45.1530612244898
BRANCO;1.1173184357541899;2;48.76847290640394
BRANCO;1.6835016835016836;2;55.32544378698225
BRANCO;0.4424778761061947;2;53.036437246963565
BRANCO;1.0638297872340425;2;47.5609756097561
BRANCO;3.114186851211073;2;45.481049562682216
BRANCO;1.2295081967213115;2;41.1764705882353
BRANCO;0.5050505050505051;2;50.0
BRANCO;1.0695187165775402;2;46.36363636363637
BRANCO;0.819672131147541;2;45.72072072072072
BRANCO;1.0582010582010581;2;49.54545454545455
BRANCO;1.0126582278481013;2;48.89867841409691
BRANCO;2.25;2;50.22222222222222
BRANCO;0.9316770186335404;2;48.29545454545455
BRANCO;1.1494252873563218;2;43.58974358974359
BRANCO;1.2539184952978057;2;51.142857142857146
BRANCO;0.4830917874396135;2;50.0
BRANCO;0.8595988538681948;2;43.08093994778068
BRANCO;1.0554089709762533;2;48.49187935034803
BRANCO;1.0638297872340425;2;41.25
BRANCO;0.5899705014749262;2;46.70184696569921
BRANCO;0.8152173913043478;2;48.18181818181818
BRANCO;0.8174386920980926;2;47.03196347031963
BRANCO;1.5873015873015872;2;47.65840220385675
BRANCO;0.273972602739726;2;41.19106699751861
BRANCO;0.5263157894736842;2;48.20627802690583
BRANCO;2.7027027027027026;2;48.07256235827664
BRANCO;0.5830903790087464;2;48.311688311688314
BRANCO;1.098901098901099;2;53.482587064676615
BRANCO;0.5555555555555556;2;44.85294117647059
BRANCO;0.2557544757033248;2;42.731277533039645
BRANCO;1.7341040462427746;2;49.06666666666667
BRANCO;0.5194805194805194;2;48.873873873873876
BRANCO;1.971830985915493;2;48.44559585492228
BRANCO;0.7915567282321899;2;47.99107142857143
BRANCO;0.5221932114882507;2;48.4304932735426
BRANCO;1.3440860215053763;2;45.18348623853211
BRANCO;1.0638297872340425;2;44.41860465116279
BRANCO;1.7857142857142858;2;42.731277533039645
BRANCO;0.60790273556231;2;44.32432432432432
BRANCO;2.557544757033248;2;45.82392776523702
BRANCO;3.508771929824561;2;39.84375
BRANCO;1.5432098765432098;2;46.02739726027397
BRANCO;1.2698412698412698;2;48.223350253807105
BRANCO;1.694915254237288;2;54.87012987012987
BRANCO;0.6535947712418301;2;50.43731778425656
BRANCO;1.4705882352941178;2;51.01010101010101
BRANCO;1.3029315960912051;2;48.5632183908046
BRANCO;0.5050505050505051;2;44.34782608695652
BRANCO;0.7853403141361257;2;46.01366742596811
BRANCO;1.3089005235602094;2;46.97986577181208
BRANCO;1.0135135135135136;2;47.747747747747745
BRANCO;0.7614213197969543;2;49.23747276688453
BRANCO;1.0389610389610389;2;45.19015659955257
BRANCO;1.8237082066869301;2;50.63938618925831
BRANCO;1.3157894736842106;2;49.44320712694878
BRANCO;1.607717041800643;2;44.19263456090651
BRANCO;1.0471204188481675;2;45.168539325842694
BRANCO;1.1560693641618498;2;52.94117647058823
BRANCO;0.9345794392523364;2;46.13333333333333
BRANCO;1.0389610389610389;2;49.88864142538976
BRANCO;3.3707865168539324;2;47.62979683972912
BRANCO;1.0810810810810811;2;44.49877750611247
BRANCO;1.6778523489932886;2;44.705882352941174
BRANCO;1.6713091922005572;2;48.17351598173516
BRANCO;0.5194805194805194;2;47.88418708240535
BRANCO;1.8404907975460123;2;45.026178010471206
BRANCO;1.5831134564643798;2;45.168539325842694
BRANCO;1.6216216216216217;2;51.04408352668214
BRANCO;2.18978102189781;2;48.57142857142857
BRANCO;0.9463722397476341;2;41.952506596306065
BRANCO;0.9345794392523364;2;42.17877094972067
BRANCO;1.9390581717451523;2;48.9749430523918
BRANCO;1.2048192771084338;2;47.07379134860051
BRANCO;1.0526315789473684;2;48.54586129753915
BRANCO;2.1367521367521367;2;43.25396825396825
BRANCO;0.3831417624521073;2;52.63157894736842
BRANCO;2.318840579710145;2;47.916666666666664
BRANCO;0.2695417789757412;2;47.07112970711297
BRANCO;2.7548209366391183;2;40.61757719714964
BRANCO;1.0025062656641603;2;40.36144578313253
BRANCO;1.2269938650306749;2;39.39393939393939
BRANCO;2.2792022792022792;2;52.0
BRANCO;0.9345794392523364;2;58.273381294964025
BRANCO;0.9389671361502347;2;41.24748490945674
BRANCO;0.7692307692307693;2;52.7972027972028
BRANCO;2.6548672566371683;2;56.557377049180324
BRANCO;0.7142857142857143;2;37.086092715231786
BRANCO;2.1333333333333333;2;43.566591422121896
BRANCO;1.3245033112582782;2;53.01204819277108
BRANCO;1.1940298507462686;2;42.40837696335078
BRANCO;3.8095238095238093;2;36.52173913043478
BRANCO;2.2058823529411766;2;47.99196787148595
BRANCO;0.7518796992481203;2;51.20967741935484
BRANCO;2.5380710659898478;2;51.36186770428016
BRANCO;3.053435114503817;2;51.25
BRANCO;1.1494252873563218;2;50.306748466257666
BRANCO;2.242152466367713;2;54.09836065573771
BRANCO;2.7522935779816513;2;46.82539682539682
BRANCO;1.2307692307692308;2;47.05882352941177
BRANCO;1.1811023622047243;2;45.051194539249146
BRANCO;1.7985611510791366;2;42.94871794871795
BRANCO;1.4705882352941178;2;44.983818770226534
BRANCO;2.142857142857143;2;47.284345047923324
BRANCO;2.18978102189781;2;50.80385852090032
BRANCO;3.883495145631068;2;55.172413793103445
BRANCO;2.1052631578947367;2;46.835443037974684
BRANCO;1.0101010101010102;2;52.80898876404494
BRANCO;0.44642857142857145;2;48.08510638297872
BRANCO;0.9049773755656109;2;47.5609756097561
BRANCO;0.9852216748768473;2;42.0353982300885
BRANCO;0.4065040650406504;2;48.943661971830984
BRANCO;1.4880952380952381;2;50.78534031413613
BRANCO;1.529051987767584;2;48.77384196185286
BRANCO;0.8955223880597015;2;48.55643044619423
BRANCO;1.1799410029498525;2;44.75
BRANCO;1.7467248908296944;2;42.023346303501945
BRANCO;0.8695652173913043;2;43.08300395256917
BRANCO;2.510460251046025;2;39.38223938223938
BRANCO;0.8810572687224669;2;47.24409448818898
BRANCO;0.4366812227074236;2;46.89922480620155
BRANCO;0.4484304932735426;2;45.95744680851064
BRANCO;1.015228426395939;2;47.747747747747745
BRANCO;2.803738317757009;2;44.255319148936174
BRANCO;0.975609756097561;2;42.35807860262009
BRANCO;1.6;2;47.08029197080292
BRANCO;2.2140221402214024;2;56.52173913043478
BRANCO;0.546448087431694;2;49.775784753363226
BRANCO;0.28328611898017;2;42.3469387755102
BRANCO;2.185792349726776;2;51.256281407035175
BRANCO;1.639344262295082;2;44.27860696517413
BRANCO;0.5617977528089888;2;38.5
BRANCO;1.0050251256281406;2;43.1578947368421
BRANCO;0.8849557522123894;2;44.29347826086956
BRANCO;1.8808777429467085;2;45.01424501424501
BRANCO;1.8808777429467085;2;44.84679665738162
BRANCO;0.2824858757062147;2;47.75725593667546
BRANCO;1.465201465201465;2;56.231884057971016
BRANCO;1.0;2;47.08520179372197
BRANCO;1.4285714285714286;2;48.663101604278076
BRANCO;0.7168458781362007;2;47.72036474164134
BRANCO;0.9493670886075949;2;48.06629834254144
BRANCO;2.027027027027027;2;47.30538922155689
BRANCO;0.7518796992481203;2;43.37078651685393
BRANCO;1.4962593516209477;2;42.37668161434978
BRANCO;1.8115942028985508;2;50.0
BRANCO;0.9523809523809523;2;49.85422740524781
BRANCO;0.5263157894736842;2;44.54976303317535
BRANCO;2.158273381294964;2;51.91740412979351
BRANCO;2.623906705539359;2;54.06091370558376
BRANCO;1.5105740181268883;2;45.08196721311475
BRANCO;2.0151133501259446;2;42.53897550111358
BRANCO;1.3745704467353952;2;54.91803278688525
BRANCO;1.7142857142857142;2;55.23809523809524
BRANCO;0.5813953488372093;2;47.83783783783784
BRANCO;0.3058103975535168;2;43.888888888888886
BRANCO;2.0134228187919465;2;55.48780487804878
BRANCO;2.0202020202020203;2;48.11594202898551
BRANCO;0.7874015748031497;2;57.605177993527505
BRANCO;1.3559322033898304;2;58.16618911174785
BRANCO;2.3890784982935154;2;49.421965317919074
BRANCO;0.9925558312655087;2;47.006651884700666
BRANCO;0.5730659025787965;2;44.08060453400504
BRANCO;2.380952380952381;2;50.45454545454545
BRANCO;0.28328611898017;2;45.799457994579946
BRANCO;1.2232415902140672;2;46.26038781163435
BRANCO;2.416918429003021;2;50.69637883008357
BRANCO;1.094890510948905;2;49.0
BRANCO;0.5830903790087464;2;42.77929155313352
BRANCO;0.3937007874015748;2;54.23728813559322
BRANCO;1.3793103448275863;2;43.13099041533546
BRANCO;1.1764705882352942;2;43.69973190348526
BRANCO;0.3448275862068966;2;47.756410256410255
BRANCO;1.0126582278481013;2;43.53741496598639
BRANCO;1.1594202898550725;2;46.81933842239186
BRANCO;1.0695187165775402;2;44.06392694063927
BRANCO;0.8823529411764706;2;41.11675126903553
BRANCO;1.6990291262135921;2;43.497757847533634
BRANCO;0.28328611898017;2;43.97905759162304
BRANCO;1.0335917312661498;2;48.1981981981982
BRANCO;1.486988847583643;2;48.24561403508772
BRANCO;0.423728813559322;2;42.023346303501945
BRANCO;2.4615384615384617;2;42.41573033707865
BRANCO;1.7902813299232736;2;47.33178654292343
BRANCO;0.5586592178770949;2;44.89795918367347
BRANCO;1.2269938650306749;2;51.94444444444444
BRANCO;1.094890510948905;2;52.58358662613982
BRANCO;1.440922190201729;2;48.84318766066838
BRANCO;0.37593984962406013;2;46.644295302013425
BRANCO;0.9615384615384616;2;51.666666666666664
BRANCO;1.1764705882352942;2;40.90909090909091
BRANCO;2.0;2;58.70786516853933
BRANCO;0.8310249307479224;2;44.41624365482234
BRANCO;0.25510204081632654;2;48.1981981981982
BRANCO;0.5089058524173028;2;40.04524886877828
BRANCO;0.5714285714285714;2;50.51282051282051
BRANCO;0.6711409395973155;2;48.97959183673469
BRANCO;1.2987012987012987;2;44.49438202247191
BRANCO;1.0869565217391304;2;48.78048780487805
BRANCO;0.9202453987730062;2;45.983379501385045
BRANCO;0.5555555555555556;2;46.954314720812185
BRANCO;0.7317073170731707;2;42.11711711711712
BRANCO;1.183431952662722;2;46.83195592286501
BRANCO;0.5167958656330749;2;41.666666666666664
BRANCO;0.3067484662576687;2;42.391304347826086
BRANCO;1.4577259475218658;2;46.373056994818654
BRANCO;1.2096774193548387;2;54.57516339869281
BRANCO;0.4830917874396135;2;46.25550660792952
BRANCO;0.5617977528089888;2;44.94949494949495
BRANCO;1.272264631043257;2;44.29530201342282
BRANCO;1.0025062656641603;2;39.018691588785046
BRANCO;1.3020833333333333;2;40.888888888888886
BRANCO;1.4534883720930232;2;42.857142857142854
BRANCO;0.5899705014749262;2;48.46153846153846
BRANCO;0.25380710659898476;2;47.309417040358746
BRANCO;2.2058823529411766;2;44.78114478114478
BRANCO;0.8670520231213873;2;45.59585492227979
BRANCO;1.3793103448275863;2;42.49201277955272
BRANCO;0.6060606060606061;2;46.3611859838275
BRANCO;0.8849557522123894;2;43.91534391534392
BRANCO;1.2269938650306749;2;40.38461538461539
BRANCO;0.6289308176100629;2;44.0
BRANCO;1.6025641025641026;2;44.24778761061947
BRANCO;1.095890410958904;2;41.37931034482759
BRANCO;1.5822784810126582;2;49.447513812154696
BRANCO;0.8522727272727273;2;44.87179487179487
BRANCO;1.488833746898263;2;46.78492239467849
BRANCO;0.373134328358209;2;51.482479784366575
BRANCO;1.1627906976744187;2;43.455497382198956
BRANCO;1.4545454545454546;2;49.70238095238095
BRANCO;0.8379888268156425;2;41.86046511627907
BRANCO;2.2792022792022792;2;42.11886304909561
BRANCO;0.8;2;44.70899470899471
BRANCO;1.7241379310344827;2;48.34437086092715
BRANCO;5.2631578947368425;2;84.0
BRANCO;1.5384615384615385;2;45.938375350140056
BRANCO;2.1739130434782608;2;98.64864864864865
BRANCO;0.8849557522123894;2;41.16094986807388
BRANCO;0.5509641873278237;2;45.36082474226804
BRANCO;1.0526315789473684;2;36.44859813084112
BRANCO;2.108433734939759;2;40.28169014084507
BRANCO;0.4914004914004914;2;44.742729306487696
BRANCO;1.0416666666666667;2;39.39393939393939
BRANCO;0.6514657980456026;2;40.76086956521739
BRANCO;2.2988505747126435;2;52.56797583081571
BRANCO;0.26595744680851063;2;35.266821345707655
BRANCO;0.7490636704119851;2;51.757188498402556
BRANCO;1.4326647564469914;2;47.53694581280788
BRANCO;1.0610079575596818;2;42.06896551724138
BRANCO;0.6451612903225806;2;42.64264264264264
BRANCO;2.1148036253776437;2;47.15447154471545
BRANCO;0.26109660574412535;2;48.99777282850779
BRANCO;0.5555555555555556;2;41.666666666666664
BRANCO;0.5494505494505495;2;44.30992736077482
BRANCO;1.567398119122257;2;44.35028248587571
BRANCO;0.4166666666666667;2;40.0
BRANCO;0.704225352112676;2;52.02312138728324
BRANCO;1.2853470437017995;2;41.16279069767442
BRANCO;1.1363636363636365;2;52.35849056603774
BRANCO;1.2987012987012987;2;43.323442136498514
BRANCO;1.0638297872340425;2;35.92964824120603
BRANCO;1.8617021276595744;2;40.090090090090094
BRANCO;1.1019283746556474;2;44.730679156908664
BRANCO;1.3477088948787062;2;48.764044943820224
BRANCO;0.5305039787798409;2;38.11764705882353
BRANCO;1.095890410958904;2;49.27536231884058
BRANCO;0.56657223796034;2;48.75
BRANCO;2.4154589371980677;2;42.016806722689076
BRANCO;0.32786885245901637;2;47.16417910447761
BRANCO;0.5602240896358543;2;45.283018867924525
BRANCO;0.60790273556231;2;47.54521963824289
BRANCO;0.2849002849002849;2;44.75
BRANCO;1.098901098901099;2;50.26737967914438
BRANCO;0.4219409282700422;2;52.72727272727273
BRANCO;1.3937282229965158;2;44.03669724770642
BRANCO;1.5723270440251573;2;49.43181818181818
BRANCO;1.7094017094017093;2;50.33557046979866
BRANCO;2.197802197802198;2;42.42424242424242
BRANCO;1.5267175572519085;2;44.18604651162791
BRANCO;1.183431952662722;2;48.54368932038835
BRANCO;0.6802721088435374;2;45.81005586592179
BRANCO;0.30959752321981426;2;47.175141242937855
BRANCO;1.3029315960912051;2;46.19718309859155
BRANCO;0.6211180124223602;2;44.7887323943662
BRANCO;0.3225806451612903;2;48.554913294797686
BRANCO;0.3937007874015748;2;56.441717791411044
BRANCO;0.5633802816901409;2;48.484848484848484
BRANCO;0.5376344086021505;2;45.27363184079602
BRANCO;1.5060240963855422;2;51.61290322580645
BRANCO;0.8771929824561403;2;49.59128065395095
BRANCO;1.1406844106463878;2;41.83673469387755
BRANCO;0.5714285714285714;2;43.07692307692308
BRANCO;0.7518796992481203;2;62.006079027355625
BRANCO;1.1173184357541899;2;46.8421052631579
BRANCO;0.7792207792207793;2;45.81395348837209
BRANCO;1.0638297872340425;2;45.19906323185012
BRANCO;0.5333333333333333;2;47.906976744186046
BRANCO;0.8086253369272237;2;48.5781990521327
BRANCO;2.4896265560165975;2;46.38783269961977
BRANCO;0.8064516129032258;2;48.249027237354085
BRANCO;0.851063829787234;2;47.148288973384034
BRANCO;1.2195121951219512;2;58.71559633027523
BRANCO;0.5586592178770949;2;47.69230769230769
BRANCO;0.5586592178770949;2;44.270833333333336
BRANCO;0.6369426751592356;2;51.76470588235294
BRANCO;0.5830903790087464;2;45.21963824289406
BRANCO;1.404494382022472;2;48.83720930232558
BRANCO;0.6191950464396285;2;45.938375350140056
BRANCO;1.8237082066869301;2;45.85635359116022
BRANCO;1.2987012987012987;2;46.380090497737555
BRANCO;0.25252525252525254;2;45.13274336283186
BRANCO;1.7543859649122806;2;59.06976744186046
BRANCO;0.5797101449275363;2;46.774193548387096
BRANCO;0.8426966292134831;2;43.76590330788804
BRANCO;1.1267605633802817;2;42.857142857142854
BRANCO;2.121212121212121;2;42.89617486338798
BRANCO;1.6042780748663101;2;41.333333333333336
BRANCO;0.8955223880597015;2;50.0
BRANCO;3.631284916201117;2;45.52238805970149
BRANCO;1.7094017094017093;2;44.96314496314496
BRANCO;0.3787878787878788;2;51.89003436426117
BRANCO;2.73972602739726;2;54.6448087431694
BRANCO;1.095890410958904;2;45.340050377833755
BRANCO;0.5405405405405406;2;47.422680412371136
BRANCO;0.8670520231213873;2;48.329048843187664
BRANCO;0.2724795640326976;2;47.174447174447174
BRANCO;0.4048582995951417;2;50.56603773584906
BRANCO;1.2096774193548387;2;54.61538461538461
BRANCO;0.6993006993006993;2;47.72727272727273
BRANCO;0.35842293906810035;2;44.89795918367347
BRANCO;1.0416666666666667;2;40.22222222222222
BRANCO;1.0169491525423728;2;52.459016393442624
BRANCO;0.7915567282321899;2;45.61797752808989
BRANCO;0.5;2;42.82511210762332
BRANCO;0.7653061224489796;2;47.77777777777778
BRANCO;1.36986301369863;2;43.84858044164038
BRANCO;3.5947712418300655;2;45.535714285714285
BRANCO;1.5337423312883436;2;45.2991452991453
BRANCO;1.7341040462427746;2;45.26854219948849
BRANCO;2.0408163265306123;2;47.570332480818415
BRANCO;0.6269592476489029;2;50.0
BRANCO;1.8575851393188854;2;54.67032967032967
BRANCO;1.0204081632653061;2;48.25174825174825
BRANCO;0.7575757575757576;2;46.59090909090909
BRANCO;0.7731958762886598;2;46.91943127962085
BRANCO;2.388059701492537;2;53.211009174311926
BRANCO;0.25125628140703515;2;46.62162162162162
BRANCO;0.7263922518159807;2;50.33112582781457
BRANCO;0.7352941176470589;2;45.887445887445885
BRANCO;0.7389162561576355;2;40.848214285714285
BRANCO;0.27100271002710025;2;44.801980198019805
BRANCO;2.2522522522522523;2;49.11032028469751
BRANCO;0.423728813559322;2;55.55555555555556
BRANCO;0.7936507936507936;2;57.61194029850746
BRANCO;0.4444444444444444;2;55.47945205479452
BRANCO;0.8547008547008547;2;54.151624548736464
BRANCO;0.8733624454148472;2;53.63321799307958
BRANCO;1.7543859649122806;2;53.68421052631579
BRANCO;0.43478260869565216;2;52.17391304347826
BRANCO;0.46296296296296297;2;56.94444444444444
BRANCO;1.3333333333333333;2;49.11032028469751
BRANCO;0.4329004329004329;2;57.08502024291498
BRANCO;0.8928571428571429;2;54.982817869415804
BRANCO;0.5405405405405406;2;55.921052631578945
BRANCO;0.4807692307692308;2;56.60377358490566
BRANCO;0.8298755186721992;2;50.16181229773463
BRANCO;0.43478260869565216;2;51.09489051094891
BRANCO;0.4878048780487805;2;50.709219858156025
BRANCO;0.847457627118644;2;52.59515570934256
BRANCO;0.45662100456621;2;54.08163265306123
BRANCO;0.7874015748031497;2;60.97560975609756
BRANCO;1.0204081632653061;2;57.407407407407405
BRANCO;1.2295081967213115;2;42.0
BRANCO;0.6172839506172839;2;39.37007874015748
BRANCO;1.4354066985645932;2;49.07063197026022
BRANCO;1.3513513513513513;2;50.28901734104046
BRANCO;0.6134969325153374;2;40.625
BRANCO;0.8849557522123894;2;47.03947368421053
BRANCO;0.8810572687224669;2;47.88273615635179
BRANCO;0.7692307692307693;2;53.14685314685315
BRANCO;1.0600706713780919;2;46.41638225255973
BRANCO;2.4271844660194173;2;49.65277777777778
BRANCO;0.974025974025974;2;50.0
BRANCO;0.8403361344537815;2;48.38709677419355
BRANCO;3.061224489795918;2;55.32786885245902
BRANCO;0.625;2;48.76847290640394
BRANCO;3.004291845493562;2;46.53465346534654
BRANCO;1.1406844106463878;2;51.4367816091954
BRANCO;0.7518796992481203;2;44.30379746835443
BRANCO;0.7142857142857143;2;53.67088607594937
BRANCO;1.0452961672473868;2;53.015075376884425
BRANCO;2.7210884353741496;2;55.76407506702413
BRANCO;0.3663003663003663;2;52.1978021978022
BRANCO;1.1583011583011582;2;49.307479224376735
BRANCO;0.36764705882352944;2;48.199445983379505
BRANCO;1.0869565217391304;2;55.73770491803279
BRANCO;3.409090909090909;2;56.326530612244895
BRANCO;0.43103448275862066;2;45.659163987138264
BRANCO;3.488372093023256;2;54.335260115606935
BRANCO;1.6597510373443984;2;56.73076923076923
BRANCO;0.8695652173913043;2;46.794871794871796
BRANCO;0.78125;2;54.45859872611465
BRANCO;0.746268656716418;2;51.1764705882353
BRANCO;1.0169491525423728;2;52.94117647058823
BRANCO;0.33783783783783783;2;50.0
BRANCO;0.9646302250803859;2;49.620253164556964
BRANCO;1.1494252873563218;2;58.09018567639257
BRANCO;2.6315789473684212;2;50.140845070422536
BRANCO;1.1764705882352942;2;53.723404255319146
BRANCO;0.3831417624521073;2;52.459016393442624
BRANCO;1.4285714285714286;2;46.59400544959128
BRANCO;0.7092198581560284;2;55.12820512820513
BRANCO;1.4134275618374559;2;49.61832061068702
BRANCO;1.3651877133105803;2;50.63938618925831
BRANCO;0.5649717514124294;2;54.39330543933055
BRANCO;0.5847953216374269;2;55.23012552301255
BRANCO;0.9478672985781991;2;56.89655172413793
BRANCO;1.2552301255230125;2;53.333333333333336
BRANCO;4.123711340206185;2;51.973684210526315
BRANCO;1.9672131147540983;2;48.994974874371856
BRANCO;0.3215434083601286;2;54.2713567839196
BRANCO;2.0905923344947737;2;52.141057934508815
BRANCO;1.644736842105263;2;53.43511450381679
BRANCO;1.0169491525423728;2;48.98989898989899
BRANCO;2.3076923076923075;2;57.22222222222222
BRANCO;2.527075812274368;2;55.124653739612185
BRANCO;1.0169491525423728;2;50.12658227848101
BRANCO;0.9345794392523364;2;50.12787723785166
BRANCO;0.6666666666666666;2;57.10659898477157
BRANCO;1.0169491525423728;2;57.43589743589744
BRANCO;1.2987012987012987;2;56.962025316455694
BRANCO;1.3100436681222707;2;51.111111111111114
BRANCO;1.0309278350515463;2;52.94117647058823
BRANCO;1.4814814814814814;2;53.37243401759531
BRANCO;2.6217228464419478;2;48.11594202898551
BRANCO;1.214574898785425;2;50.445103857566764
BRANCO;0.45045045045045046;2;55.29801324503311
BRANCO;1.0;2;57.326478149100254
BRANCO;0.6688963210702341;2;52.31958762886598
BRANCO;2.5157232704402515;2;55.04201680672269
BRANCO;1.932367149758454;2;42.25352112676056
BRANCO;0.9900990099009901;2;49.583333333333336
BRANCO;1.5748031496062993;2;52.03761755485893
BRANCO;0.36363636363636365;2;48.24561403508772
BRANCO;0.6410256410256411;2;54.81171548117155
BRANCO;0.8032128514056225;2;41.80064308681672
BRANCO;0.42016806722689076;2;45.07936507936508
BRANCO;0.31645569620253167;2;54.54545454545455
BRANCO;1.9455252918287937;2;49.546827794561935
BRANCO;0.8032128514056225;2;49.707602339181285
BRANCO;2.6578073089700998;2;46.596858638743456
BRANCO;1.7094017094017093;2;46.644295302013425
BRANCO;1.7985611510791366;2;50.79365079365079
BRANCO;0.6410256410256411;2;54.21994884910486
BRANCO;0.3952569169960474;2;46.325878594249204
BRANCO;1.5748031496062993;2;48.734177215189874
BRANCO;0.6493506493506493;2;56.962025316455694
BRANCO;0.45454545454545453;2;50.6578947368421
BRANCO;0.746268656716418;2;51.04477611940298
BRANCO;0.8583690987124464;2;51.282051282051285
BRANCO;0.8264462809917356;2;50.578034682080926
BRANCO;0.4166666666666667;2;45.56962025316456
BRANCO;3.0837004405286343;2;56.737588652482266
BRANCO;0.30959752321981426;2;44.97991967871486
BRANCO;1.214574898785425;2;46.53179190751445
BRANCO;0.4716981132075472;2;48.507462686567166
BRANCO;1.7857142857142858;2;44.38202247191011
BRANCO;0.9900990099009901;2;48.51485148514851
BRANCO;2.0161290322580645;2;53.29512893982808
BRANCO;1.1111111111111112;2;49.04632152588556
BRANCO;0.47619047619047616;2;47.63779527559055
BRANCO;0.7518796992481203;2;49.127906976744185
BRANCO;0.3436426116838488;2;43.869209809264305
BRANCO;1.694915254237288;2;43.88297872340426
BRANCO;0.9584664536741214;2;51.653944020356235
BRANCO;2.5806451612903225;2;39.81042654028436
BRANCO;0.9852216748768473;2;50.51903114186851
BRANCO;0.6493506493506493;2;57.47663551401869
BRANCO;1.444043321299639;2;51.83098591549296
BRANCO;0.8064516129032258;2;46.951219512195124
BRANCO;0.6557377049180327;2;48.952879581151834
BRANCO;1.3157894736842106;2;44.9468085106383
BRANCO;1.2048192771084338;2;50.30120481927711
BRANCO;0.5076142131979695;2;46.0
BRANCO;1.0582010582010581;2;53.459119496855344
BRANCO;1.7793594306049823;2;45.45454545454545
BRANCO;1.4285714285714286;2;57.78894472361809
BRANCO;1.1363636363636365;2;50.212765957446805
BRANCO;0.7547169811320755;2;49.27536231884058
BRANCO;1.6736401673640167;2;50.85324232081911
BRANCO;1.948051948051948;2;54.67289719626168
BRANCO;0.3597122302158273;2;60.59782608695652
BRANCO;2.2598870056497176;2;51.515151515151516
BRANCO;1.098901098901099;2;49.56011730205279
BRANCO;1.8050541516245486;2;48.16901408450704
BRANCO;2.2388059701492535;2;49.720670391061454
BRANCO;1.5075376884422111;2;55.747126436781606
BRANCO;0.45871559633027525;2;45.0
BRANCO;0.6779661016949152;2;50.80213903743316
BRANCO;1.9736842105263157;2;55.172413793103445
BRANCO;1.1494252873563218;2;47.19101123595506
BRANCO;1.2295081967213115;2;47.474747474747474
BRANCO;0.9090909090909091;2;51.65289256198347
BRANCO;0.3472222222222222;2;50.0
BRANCO;0.5102040816326531;2;53.81679389312977
BRANCO;0.3424657534246575;2;48.433048433048434
BRANCO;1.9083969465648856;2;45.370370370370374
BRANCO;1.8604651162790697;2;53.6231884057971
BRANCO;0.7490636704119851;2;42.737430167597765
BRANCO;0.9433962264150944;2;50.65359477124183
BRANCO;1.2820512820512822;2;48.07121661721068
BRANCO;1.0273972602739727;2;57.74278215223097
BRANCO;0.35587188612099646;2;55.95854922279793
BRANCO;1.0344827586206897;2;48.94179894179894
BRANCO;0.49504950495049505;2;54.48275862068966
BRANCO;0.7575757575757576;2;51.399491094147585
BRANCO;1.5463917525773196;2;53.02491103202847
BRANCO;2.314814814814815;2;50.0
BRANCO;0.42016806722689076;2;48.0
BRANCO;0.6688963210702341;2;51.26903553299493
BRANCO;2.7777777777777777;2;51.25
BRANCO;1.342281879194631;2;49.333333333333336
BRANCO;2.542372881355932;2;46.8013468013468
BRANCO;0.8810572687224669;2;55.3125
BRANCO;0.78125;2;53.753753753753756
BRANCO;1.9305019305019304;2;50.328947368421055
BRANCO;0.5181347150259067;2;54.44444444444444
BRANCO;0.6211180124223602;2;47.950819672131146
BRANCO;1.6597510373443984;2;54.193548387096776
BRANCO;0.3215434083601286;2;53.43511450381679
BRANCO;0.4854368932038835;2;51.60142348754449
BRANCO;1.015228426395939;2;51.74825174825175
BRANCO;0.5102040816326531;2;55.033557046979865
BRANCO;2.7237354085603114;2;50.14577259475219
BRANCO;2.904564315352697;2;50.30864197530864
BRANCO;0.91324200913242;2;58.214285714285715
BRANCO;0.8403361344537815;2;53.93939393939394
BRANCO;1.845018450184502;2;45.205479452054796
BRANCO;0.6557377049180327;2;53.35120643431635
BRANCO;0.6944444444444444;2;55.851063829787236
BRANCO;1.075268817204301;2;46.666666666666664
BRANCO;1.9047619047619047;2;50.18315018315018
BRANCO;0.7434944237918215;2;52.33644859813084
BRANCO;1.5686274509803921;2;49.299719887955185
BRANCO;0.6968641114982579;2;49.59128065395095
BRANCO;1.9607843137254901;2;50.45871559633027
BRANCO;1.7751479289940828;2;48.607594936708864
BRANCO;0.411522633744856;2;50.85324232081911
BRANCO;0.847457627118644;2;48.42767295597484
BRANCO;0.9966777408637874;2;49.48186528497409
BRANCO;1.1194029850746268;2;48.529411764705884
BRANCO;0.32051282051282054;2;54.87179487179487
BRANCO;0.5291005291005291;2;57.93991416309013
BRANCO;1.7937219730941705;2;47.07903780068729
BRANCO;1.4705882352941178;2;49.85422740524781
BRANCO;0.4807692307692308;2;53.28947368421053
BRANCO;2.7777777777777777;2;46.09929078014184
BRANCO;0.9090909090909091;2;58.23529411764706
BRANCO;0.45871559633027525;2;51.9434628975265
BRANCO;1.6835016835016836;2;49.13793103448276
BRANCO;0.36101083032490977;2;48.324022346368714
BRANCO;2.0408163265306123;2;42.618384401114206
BRANCO;0.32679738562091504;2;51.63934426229508
BRANCO;0.8771929824561403;2;43.421052631578945
BRANCO;1.550387596899225;2;48.75776397515528
BRANCO;0.6289308176100629;2;55.98086124401914
BRANCO;1.1673151750972763;2;53.453453453453456
BRANCO;1.5325670498084292;2;52.976190476190474
BRANCO;0.5263157894736842;2;53.44827586206897
BRANCO;0.974025974025974;2;54.59317585301837
BRANCO;0.6802721088435374;2;59.78260869565217
BRANCO;0.45248868778280543;2;53.63321799307958
BRANCO;1.2738853503184713;2;50.51020408163265
BRANCO;0.6289308176100629;2;45.04504504504504
BRANCO;0.37735849056603776;2;47.9224376731302
BRANCO;0.5555555555555556;2;49.13793103448276
BRANCO;0.36764705882352944;2;47.63231197771588
BRANCO;0.6329113924050633;2;52.216748768472904
BRANCO;0.8333333333333334;2;41.00946372239748
BRANCO;0.5780346820809249;2;48.11083123425693
BRANCO;0.43103448275862066;2;51.37931034482759
BRANCO;0.8658008658008658;2;53.987730061349694
BRANCO;0.9852216748768473;2;53.03514376996805
BRANCO;2.197802197802198;2;50.72886297376093
BRANCO;0.38461538461538464;2;46.58753709198813
BRANCO;0.7272727272727273;2;48.83720930232558
BRANCO;1.3937282229965158;2;49.01960784313726
BRANCO;0.5050505050505051;2;46.44351464435147
BRANCO;1.7391304347826086;2;47.09480122324159
BRANCO;1.3986013986013985;2;49.21465968586387
BRANCO;0.37453183520599254;2;47.61904761904762
BRANCO;1.953125;2;49.09090909090909
BRANCO;1.4705882352941178;2;37.68115942028985
BRANCO;0.625;2;50.253807106598984
BRANCO;0.36764705882352944;2;54.84764542936288
BRANCO;2.0202020202020203;2;50.0
BRANCO;1.7793594306049823;2;44.986449864498645
BRANCO;1.25;2;47.22222222222222
BRANCO;1.079136690647482;2;44.97041420118343
BRANCO;1.7241379310344827;2;44.40677966101695
BRANCO;2.7681660899653977;2;50.13192612137203
BRANCO;2.0242914979757085;2;45.13274336283186
BRANCO;2.2222222222222223;2;47.46835443037975
BRANCO;2.192982456140351;2;52.96296296296296
BRANCO;1.7921146953405018;2;42.39766081871345
BRANCO;0.5714285714285714;2;43.85245901639344
BRANCO;0.6153846153846154;2;49.36386768447837
BRANCO;0.33222591362126247;2;51.832460732984295
BRANCO;1.1111111111111112;2;47.82608695652174
BRANCO;0.7936507936507936;2;47.15025906735751
BRANCO;0.3333333333333333;2;43.19371727748691
BRANCO;0.9049773755656109;2;47.30769230769231
BRANCO;0.45454545454545453;2;53.597122302158276
BRANCO;1.0273972602739727;2;48.648648648648646
BRANCO;0.4716981132075472;2;44.488188976377955
BRANCO;0.3115264797507788;2;54.81927710843374
BRANCO;1.2269938650306749;2;48.76847290640394
BRANCO;1.5544041450777202;2;49.61538461538461
BRANCO;0.43478260869565216;2;53.47432024169184
BRANCO;0.4784688995215311;2;51.68539325842696
BRANCO;0.3546099290780142;2;48.83040935672515
BRANCO;2.0408163265306123;2;51.851851851851855
BRANCO;1.0638297872340425;2;50.69637883008357
BRANCO;1.9305019305019304;2;49.404761904761905
BRANCO;1.0695187165775402;2;48.83720930232558
BRANCO;0.4830917874396135;2;50.81967213114754
BRANCO;1.8796992481203008;2;49.107142857142854
BRANCO;0.8298755186721992;2;51.19047619047619
BRANCO;0.6896551724137931;2;52.33160621761658
BRANCO;1.1560693641618498;2;48.648648648648646
BRANCO;1.1494252873563218;2;43.90243902439025
BRANCO;3.0303030303030303;2;100.0
BRANCO;1.694915254237288;2;52.980132450331126
BRANCO;1.935483870967742;2;43.442622950819676
BRANCO;1.2195121951219512;2;54.22885572139303
BRANCO;1.5151515151515151;2;53.68421052631579
BRANCO;0.6600660066006601;2;49.08616187989556
BRANCO;1.0;2;52.54237288135593
BRANCO;1.25;2;52.46636771300449
BRANCO;1.1494252873563218;2;55.96707818930041
BRANCO;0.3460207612456747;2;48.10495626822158
BRANCO;0.6896551724137931;2;47.10982658959538
BRANCO;0.7299270072992701;2;49.08256880733945
BRANCO;0.36900369003690037;2;47.52851711026616
BRANCO;1.1029411764705883;2;47.714285714285715
BRANCO;0.625;2;49.6551724137931
BRANCO;0.6779661016949152;2;47.53623188405797
BRANCO;1.2658227848101267;2;44.827586206896555
BRANCO;3.3333333333333335;2;57.00934579439252
BRANCO;1.1194029850746268;2;51.13636363636363
BRANCO;0.47393364928909953;2;45.774647887323944
BRANCO;1.1029411764705883;2;50.14836795252226
BRANCO;0.7633587786259542;2;48.80952380952381
BRANCO;1.5037593984962405;2;48.338368580060425
BRANCO;1.2396694214876034;2;46.440677966101696
BRANCO;0.9259259259259259;2;48.58156028368794
BRANCO;0.3401360544217687;2;57.54475703324808
BRANCO;0.4149377593360996;2;47.674418604651166
BRANCO;0.7782101167315175;2;45.07462686567164
BRANCO;1.1627906976744187;2;50.445103857566764
BRANCO;1.1583011583011582;2;46.706586826347305
BRANCO;1.5037593984962405;2;47.57575757575758
BRANCO;2.2813688212927756;2;50.29940119760479
BRANCO;0.4807692307692308;2;47.16981132075472
BRANCO;1.6574585635359116;2;49.38775510204081
BRANCO;1.0256410256410255;2;43.62139917695473
BRANCO;1.1857707509881423;2;49.853372434017594
BRANCO;1.4184397163120568;2;47.47774480712166
BRANCO;2.0408163265306123;2;52.083333333333336
BRANCO;1.1235955056179776;2;48.08259587020649
BRANCO;2.6515151515151514;2;45.32163742690059
BRANCO;1.092896174863388;2;55.08474576271186
BRANCO;0.7751937984496124;2;45.662100456621005
BRANCO;3.1496062992125986;2;49.08256880733945
BRANCO;1.4184397163120568;2;46.34146341463415
BRANCO;1.2658227848101267;2;45.77114427860697
BRANCO;3.7267080745341614;2;41.951219512195124
BRANCO;0.3787878787878788;2;43.84384384384384
BRANCO;0.5181347150259067;2;41.25874125874126
BRANCO;0.4032258064516129;2;54.6448087431694
BRANCO;1.0638297872340425;2;53.84615384615385
BRANCO;0.37037037037037035;2;54.427083333333336
BRANCO;0.8064516129032258;2;55.97667638483965
BRANCO;0.7434944237918215;2;48.1958762886598
BRANCO;1.0135135135135136;2;51.94805194805195
BRANCO;0.373134328358209;2;54.617414248021106
BRANCO;1.092896174863388;2;38.46153846153846
BRANCO;1.0416666666666667;2;52.38095238095238
BRANCO;1.3651877133105803;2;52.67175572519084
BRANCO;0.9259259259259259;2;47.70318021201413
BRANCO;1.7621145374449338;2;52.054794520547944
BRANCO;0.4219409282700422;2;48.01324503311258
BRANCO;0.352112676056338;2;49.57507082152974
BRANCO;0.6711409395973155;2;49.61832061068702
BRANCO;0.4444444444444444;2;51.14754098360656
BRANCO;2.7777777777777777;2;55.36480686695279
BRANCO;0.6666666666666666;2;47.704081632653065
BRANCO;1.1538461538461537;2;52.96803652968037
BRANCO;2.3178807947019866;2;48.46938775510204
BRANCO;1.7316017316017316;2;54.54545454545455
BRANCO;2.5906735751295336;2;56.62251655629139
BRANCO;1.6736401673640167;2;57.05521472392638
BRANCO;1.5873015873015872;2;50.0
BRANCO;3.658536585365854;2;52.03252032520325
BRANCO;0.9900990099009901;2;46.69260700389105
BRANCO;1.7937219730941705;2;50.173010380622834
BRANCO;0.4132231404958678;2;47.452229299363054
BRANCO;3.4722222222222223;2;51.1764705882353
BRANCO;0.411522633744856;2;52.7027027027027
BRANCO;0.5154639175257731;2;49.81132075471698
BRANCO;0.9523809523809523;2;50.0
BRANCO;2.898550724637681;2;55.12820512820513
BRANCO;1.3157894736842106;2;47.72727272727273
BRANCO;0.5586592178770949;2;59.61538461538461
BRANCO;0.6756756756756757;2;60.16949152542373
BRANCO;2.5531914893617023;2;52.861952861952865
BRANCO;1.183431952662722;2;50.21097046413502
BRANCO;1.2658227848101267;2;52.287581699346404
BRANCO;1.0050251256281406;2;46.917808219178085
BRANCO;0.5952380952380952;2;50.99601593625498
BRANCO;0.8403361344537815;2;53.65079365079365
BRANCO;1.5267175572519085;2;49.4661921708185
BRANCO;3.0927835051546393;2;49.458483754512635
BRANCO;1.5228426395939085;2;50.68493150684932
BRANCO;1.4423076923076923;2;42.3728813559322
BRANCO;1.1952191235059761;2;52.07667731629393
BRANCO;0.9523809523809523;2;61.224489795918366
BRANCO;1.639344262295082;2;56.934306569343065
BRANCO;1.951219512195122;2;49.14675767918089
BRANCO;0.5617977528089888;2;52.67175572519084
BRANCO;1.5228426395939085;2;50.370370370370374
BRANCO;0.49019607843137253;2;56.31399317406143
BRANCO;1.834862385321101;2;55.48172757475083
BRANCO;1.4285714285714286;2;48.39857651245551
BRANCO;3.1963470319634704;2;52.26480836236934
BRANCO;0.4608294930875576;2;52.861952861952865
BRANCO;0.8810572687224669;2;54.10958904109589
BRANCO;0.91324200913242;2;55.59440559440559
BRANCO;1.9801980198019802;2;48.148148148148145
BRANCO;3.827751196172249;2;56.890459363957596
BRANCO;1.8433179723502304;2;59.79381443298969
BRANCO;1.932367149758454;2;49.48096885813149
BRANCO;2.0408163265306123;2;49.6124031007752
BRANCO;1.1049723756906078;2;44.39655172413793
BRANCO;0.4219409282700422;2;57.28813559322034
BRANCO;0.42016806722689076;2;55.59322033898305
BRANCO;0.4166666666666667;2;56.653992395437264
BRANCO;1.834862385321101;2;48.03921568627451
BRANCO;0.9389671361502347;2;54.60750853242321
BRANCO;0.41841004184100417;2;52.49169435215947
BRANCO;1.7045454545454546;2;59.05511811023622
BRANCO;1.3513513513513513;2;51.291512915129154
BRANCO;0.7874015748031497;2;62.083333333333336
BRANCO;2.1052631578947367;2;48.72727272727273
BRANCO;1.25;2;57.4585635359116
BRANCO;0.9852216748768473;2;53.81526104417671
BRANCO;0.4878048780487805;2;55.49132947976879
BRANCO;0.970873786407767;2;53.333333333333336
BRANCO;0.4048582995951417;2;49.328859060402685
BRANCO;0.966183574879227;2;52.592592592592595
BRANCO;1.015228426395939;2;53.81818181818182
BRANCO;1.2820512820512822;2;56.59163987138264
BRANCO;1.8181818181818181;2;51.351351351351354
BRANCO;1.3953488372093024;2;48.49624060150376
BRANCO;1.2121212121212122;2;52.33644859813084
BRANCO;0.40160642570281124;2;49.83277591973244
BRANCO;2.9702970297029703;2;50.57471264367816
BRANCO;1.1111111111111112;2;59.130434782608695
BRANCO;1.8518518518518519;2;50.666666666666664
BRANCO;1.2875536480686696;2;45.26315789473684
BRANCO;2.727272727272727;2;45.70446735395189
BRANCO;0.46511627906976744;2;45.8955223880597
BRANCO;0.9090909090909091;2;50.470219435736674
BRANCO;1.9704433497536946;2;43.7007874015748
BRANCO;0.625;2;50.471698113207545
BRANCO;0.9009009009009009;2;49.48096885813149
BRANCO;0.6993006993006993;2;55.61224489795919
BRANCO;1.2269938650306749;2;51.64319248826291
BRANCO;1.0204081632653061;2;53.05343511450382
BRANCO;0.704225352112676;2;49.171270718232044
BRANCO;0.6211180124223602;2;58.02469135802469
BRANCO;0.6944444444444444;2;54.5945945945946
BRANCO;7.518796992481203;2;54.861111111111114
BRANCO;2.3972602739726026;2;47.32620320855615
BRANCO;1.1363636363636365;2;47.10982658959538
BRANCO;1.7543859649122806;2;60.317460317460316
BRANCO;0.6711409395973155;2;48.98989898989899
BRANCO;3.9215686274509802;2;44.067796610169495
BRANCO;1.8181818181818181;2;47.55043227665706
BRANCO;2.5396825396825395;2;46.33507853403141
BRANCO;2.0689655172413794;2;53.69458128078818
BRANCO;0.7905138339920948;2;48.58490566037736
BRANCO;0.6896551724137931;2;55.27638190954774
BRANCO;0.6329113924050633;2;43.0622009569378
BRANCO;1.2578616352201257;2;55.3921568627451
BRANCO;2.232142857142857;2;53.191489361702125
BRANCO;0.45454545454545453;2;48.014440433213
BRANCO;0.4065040650406504;2;56.441717791411044
BRANCO;0.43103448275862066;2;49.83818770226537
BRANCO;1.0416666666666667;2;55.82010582010582
BRANCO;1.3793103448275863;2;52.41935483870968
BRANCO;1.2875536480686696;2;51.773049645390074
BRANCO;2.0618556701030926;2;50.51020408163265
BRANCO;1.5037593984962405;2;48.18941504178273
BRANCO;0.3508771929824561;2;53.4435261707989
BRANCO;2.6022304832713754;2;45.535714285714285
BRANCO;1.0101010101010102;2;49.7907949790795
BRANCO;0.5025125628140703;2;57.85123966942149
BRANCO;1.9230769230769231;2;50.77319587628866
BRANCO;0.425531914893617;2;49.666666666666664
BRANCO;0.5714285714285714;2;45.320197044334975
BRANCO;0.37735849056603776;2;44.09221902017291
BRANCO;0.974025974025974;2;50.13550135501355
BRANCO;0.4048582995951417;2;49.333333333333336
BRANCO;1.1428571428571428;2;52.97029702970297
BRANCO;1.1976047904191616;2;58.604651162790695
BRANCO;1.4336917562724014;2;56.231884057971016
BRANCO;1.1538461538461537;2;48.37758112094395
BRANCO;1.5444015444015444;2;52.046783625730995
BRANCO;0.4098360655737705;2;51.245551601423486
BRANCO;1.3215859030837005;2;49.163879598662206
BRANCO;0.7547169811320755;2;55.88235294117647
BRANCO;0.9803921568627451;2;47.66839378238342
BRANCO;2.611940298507463;2;51.76470588235294
BRANCO;1.1111111111111112;2;50.2906976744186
BRANCO;2.9411764705882355;2;51.733333333333334
BRANCO;1.3888888888888888;2;45.333333333333336
BRANCO;0.9803921568627451;2;50.4
BRANCO;3.1372549019607843;2;46.470588235294116
BRANCO;0.4444444444444444;2;55.86206896551724
BRANCO;0.8333333333333334;2;56.2043795620438
BRANCO;0.9389671361502347;2;57.92880258899677
BRANCO;4.0201005025125625;2;56.741573033707866
BRANCO;0.6711409395973155;2;51.8041237113402
BRANCO;1.7777777777777777;2;49.504950495049506
BRANCO;1.6835016835016836;2;54.42359249329759
BRANCO;1.6891891891891893;2;45.08196721311475
BRANCO;1.8315018315018314;2;48.8235294117647
BRANCO;0.3460207612456747;2;48.63387978142077
BRANCO;1.0714285714285714;2;45.88235294117647
BRANCO;0.6430868167202572;2;50.67385444743935
BRANCO;0.2932551319648094;2;52.41730279898219
BRANCO;1.8248175182481752;2;50.43478260869565
BRANCO;0.7352941176470589;2;44.44444444444444
BRANCO;2.73972602739726;2;56.470588235294116
BRANCO;0.851063829787234;2;51.48514851485149
BRANCO;3.2679738562091503;2;53.591160220994475
BRANCO;1.092896174863388;2;49.523809523809526
BRANCO;1.1029411764705883;2;44.87179487179487
BRANCO;0.6514657980456026;2;48.663101604278076
BRANCO;2.04778156996587;2;47.77777777777778
BRANCO;1.3840830449826989;2;51.45348837209303
BRANCO;0.3546099290780142;2;47.94117647058823
BRANCO;0.9950248756218906;2;56.2753036437247
BRANCO;1.8604651162790697;2;53.15614617940199
BRANCO;0.36496350364963503;2;47.66081871345029
BRANCO;0.974025974025974;2;46.79144385026738
BRANCO;0.9009009009009009;2;50.36496350364963
BRANCO;0.37593984962406013;2;50.29761904761905
BRANCO;2.185792349726776;2;41.810344827586206
BRANCO;1.3468013468013469;2;46.26038781163435
BRANCO;0.32051282051282054;2;50.38560411311054
BRANCO;0.684931506849315;2;47.527472527472526
BRANCO;0.6430868167202572;2;51.41388174807198
BRANCO;1.7857142857142858;2;44.18604651162791
BRANCO;0.7092198581560284;2;53.42465753424658
BRANCO;1.098901098901099;2;46.62921348314607
BRANCO;0.704225352112676;2;51.39664804469274
BRANCO;1.0101010101010102;2;47.58064516129032
BRANCO;0.5780346820809249;2;58.94736842105263
BRANCO;0.7692307692307693;2;54.83870967741935
BRANCO;0.970873786407767;2;50.18181818181818
BRANCO;2.9411764705882355;2;49.80544747081712
BRANCO;0.5263157894736842;2;54.121863799283155
BRANCO;0.966183574879227;2;54.09252669039146
BRANCO;1.015228426395939;2;52.34657039711191
BRANCO;0.4854368932038835;2;48.04270462633452
BRANCO;0.46511627906976744;2;53.14685314685315
BRANCO;0.4830917874396135;2;47.81021897810219
BRANCO;1.5384615384615385;2;50.3875968992248
BRANCO;2.347417840375587;2;56.43939393939394
BRANCO;0.9302325581395349;2;54.78927203065134
BRANCO;1.0101010101010102;2;58.13953488372093
BRANCO;0.5128205128205128;2;52.12355212355212
BRANCO;0.5494505494505495;2;58.4
BRANCO;0.5;2;48.49624060150376
BRANCO;1.0810810810810811;2;52.325581395348834
BRANCO;1.8867924528301887;2;54.97835497835498
BRANCO;1.4354066985645932;2;45.744680851063826
BRANCO;0.4784688995215311;2;52.8957528957529
BRANCO;1.0;2;60.431654676258994
BRANCO;0.49261083743842365;2;51.43884892086331
BRANCO;0.44642857142857145;2;50.90252707581227
BRANCO;0.4608294930875576;2;55.749128919860624
BRANCO;0.8333333333333334;2;49.49152542372882
BRANCO;0.4694835680751174;2;49.42528735632184
BRANCO;1.345291479820628;2;45.80419580419581
BRANCO;0.5102040816326531;2;49.808429118773944
BRANCO;0.8771929824561403;2;49.826989619377166
BRANCO;0.975609756097561;2;49.20634920634921
BRANCO;0.5970149253731343;2;45.22821576763486
BRANCO;1.8099547511312217;2;53.79061371841155
BRANCO;0.4716981132075472;2;54.966887417218544
BRANCO;0.5747126436781609;2;53.714285714285715
BRANCO;0.8403361344537815;2;49.65034965034965
BRANCO;2.727272727272727;2;45.12635379061372
BRANCO;0.5050505050505051;2;55.93869731800766
BRANCO;0.4694835680751174;2;55.59701492537314
BRANCO;2.1186440677966103;2;55.86206896551724
BRANCO;0.4424778761061947;2;48.04270462633452
BRANCO;1.3888888888888888;2;71.95121951219512
BRANCO;0.45871559633027525;2;46.00760456273764
BRANCO;1.5463917525773196;2;56.34920634920635
BRANCO;0.5319148936170213;2;50.19607843137255
BRANCO;1.2244897959183674;2;51.013513513513516
BRANCO;6.0606060606060606;2;45.033112582781456
BRANCO;0.4854368932038835;2;46.017699115044245
BRANCO;0.8620689655172413;2;45.16129032258065
BRANCO;1.2820512820512822;2;49.285714285714285
BRANCO;1.1049723756906078;2;51.383399209486164
BRANCO;0.4065040650406504;2;47.79661016949152
BRANCO;0.5405405405405406;2;49.01960784313726
BRANCO;0.7194244604316546;2;53.67231638418079
BRANCO;0.5494505494505495;2;47.05882352941177
BRANCO;3.319502074688797;2;50.719424460431654
BRANCO;1.486988847583643;2;52.259887005649716
BRANCO;0.8928571428571429;2;54.45205479452055
BRANCO;1.3157894736842106;2;54.67128027681661
BRANCO;1.3392857142857142;2;61.82432432432432
BRANCO;0.4366812227074236;2;53.04054054054054
BRANCO;0.4424778761061947;2;56.013745704467354
BRANCO;1.1406844106463878;2;52.76872964169381
BRANCO;1.9900497512437811;2;51.11940298507463
BRANCO;0.3787878787878788;2;53.61842105263158
BRANCO;0.796812749003984;2;54.666666666666664
BRANCO;1.36986301369863;2;53.13653136531365
BRANCO;0.5555555555555556;2;54.67289719626168
BRANCO;0.7843137254901961;2;53.943217665615144
BRANCO;1.492537313432836;2;55.240793201133144
BRANCO;1.858736059479554;2;48.5207100591716
BRANCO;0.3968253968253968;2;48.31460674157304
BRANCO;0.46296296296296297;2;53.2
BRANCO;0.6993006993006993;2;61.235955056179776
BRANCO;1.5873015873015872;2;57.049180327868854
BRANCO;1.5544041450777202;2;52.54237288135593
BRANCO;0.38910505836575876;2;55.016181229773466
BRANCO;1.4705882352941178;2;50.56818181818182
BRANCO;2.2346368715083798;2;56.08695652173913
BRANCO;1.9841269841269842;2;47.41641337386018
BRANCO;1.530612244897959;2;55.601659751037346
BRANCO;2.73224043715847;2;50.925925925925924
BRANCO;0.7662835249042146;2;50.62111801242236
BRANCO;1.1070110701107012;2;48.95522388059702
BRANCO;1.5686274509803921;2;48.0565371024735
BRANCO;1.5;2;55.32786885245902
BRANCO;1.7985611510791366;2;49.852507374631266
BRANCO;1.593625498007968;2;54.02684563758389
BRANCO;0.5291005291005291;2;50.43103448275862
BRANCO;0.5025125628140703;2;52.892561983471076
BRANCO;0.78125;2;50.78864353312303
BRANCO;1.0050251256281406;2;52.14007782101167
BRANCO;1.1857707509881423;2;52.64900662251656
BRANCO;1.1673151750972763;2;47.740112994350284
BRANCO;3.349282296650718;2;52.64900662251656
BRANCO;0.8928571428571429;2;54.121863799283155
BRANCO;2.6143790849673203;2;45.0
BRANCO;0.9345794392523364;2;54.32098765432099
BRANCO;0.33112582781456956;2;52.30769230769231
BRANCO;1.9704433497536946;2;52.22672064777328
BRANCO;0.7352941176470589;2;56.25
BRANCO;1.2195121951219512;2;54.02684563758389
BRANCO;1.098901098901099;2;54.106280193236714
BRANCO;1.4760147601476015;2;48.795180722891565
BRANCO;1.1235955056179776;2;56.58682634730539
BRANCO;0.2932551319648094;2;52.74390243902439
BRANCO;0.6622516556291391;2;53.125
BRANCO;0.9615384615384616;2;52.592592592592595
BRANCO;1.8099547511312217;2;53.20754716981132
BRANCO;0.847457627118644;2;55.55555555555556
BRANCO;0.8;2;52.313167259786475
BRANCO;1.9230769230769231;2;61.206896551724135
BRANCO;0.9478672985781991;2;59.01639344262295
BRANCO;0.5952380952380952;2;43.627450980392155
BRANCO;1.183431952662722;2;50.0
BRANCO;2.9411764705882355;2;57.83783783783784
BRANCO;1.675977653631285;2;52.38095238095238
BRANCO;1.25;2;53.291536050156736
BRANCO;1.976284584980237;2;50.814332247557005
BRANCO;0.8264462809917356;2;48.23943661971831
BRANCO;0.8403361344537815;2;56.41891891891892
BRANCO;0.4484304932735426;2;50.833333333333336
BRANCO;0.819672131147541;2;52.243589743589745
BRANCO;1.694915254237288;2;53.39366515837104
BRANCO;2.5157232704402515;2;49.77777777777778
BRANCO;0.9933774834437086;2;49.10485933503836
BRANCO;1.3761467889908257;2;38.25503355704698
BRANCO;1.342281879194631;2;52.459016393442624
BRANCO;2.7303754266211606;2;57.74647887323944
BRANCO;0.6802721088435374;2;52.892561983471076
BRANCO;3.125;2;60.273972602739725
BRANCO;0.6024096385542169;2;52.51141552511415
BRANCO;2.6737967914438503;2;51.17370892018779
BRANCO;0.7194244604316546;2;45.73170731707317
BRANCO;2.5936599423631126;2;46.15384615384615
BRANCO;0.6097560975609756;2;36.55913978494624
BRANCO;1.7605633802816902;2;50.0
BRANCO;1.7316017316017316;2;57.142857142857146
BRANCO;1.0362694300518134;2;50.59288537549407
BRANCO;2.127659574468085;2;50.33783783783784
BRANCO;1.2048192771084338;2;49.75124378109453
BRANCO;1.8018018018018018;2;51.282051282051285
BRANCO;0.3861003861003861;2;54.57413249211356
BRANCO;1.941747572815534;2;55.78947368421053
BRANCO;1.6;2;55.20504731861199
BRANCO;0.78125;2;49.56268221574344
BRANCO;0.5649717514124294;2;50.0
BRANCO;0.7547169811320755;2;50.29585798816568
BRANCO;1.7793594306049823;2;50.2906976744186
BRANCO;0.6779661016949152;2;51.388888888888886
BRANCO;1.2605042016806722;2;51.73501577287066
BRANCO;1.4634146341463414;2;56.14035087719298
BRANCO;1.7751479289940828;2;46.51162790697674
BRANCO;1.9455252918287937;2;46.56716417910448
BRANCO;0.6097560975609756;2;55.72139303482587
BRANCO;1.1857707509881423;2;54.11392405063291
BRANCO;2.7472527472527473;2;53.55648535564853
BRANCO;0.8968609865470852;2;54.90909090909091
BRANCO;1.3761467889908257;2;53.380782918149464
BRANCO;0.5128205128205128;2;52.02952029520295
BRANCO;2.158273381294964;2;54.34782608695652
BRANCO;1.6778523489932886;2;54.95049504950495
BRANCO;1.3953488372093024;2;50.91575091575091
BRANCO;1.2765957446808511;2;52.577319587628864
BRANCO;2.2140221402214024;2;52.9126213592233
BRANCO;1.1049723756906078;2;62.10045662100457
BRANCO;0.32051282051282054;2;49.54545454545455
BRANCO;1.639344262295082;2;52.07373271889401
BRANCO;0.7117437722419929;2;51.67464114832536
BRANCO;1.1976047904191616;2;52.97029702970297
BRANCO;0.390625;2;56.875
BRANCO;1.1173184357541899;2;53.02325581395349
BRANCO;2.0242914979757085;2;55.319148936170215
BRANCO;2.5210084033613445;2;54.00696864111498
BRANCO;1.6597510373443984;2;50.0
BRANCO;2.7777777777777777;2;53.7037037037037
BRANCO;1.3636363636363635;2;60.07194244604317
BRANCO;1.6;2;52.160493827160494
BRANCO;1.25;2;51.03448275862069
BRANCO;1.4423076923076923;2;47.03703703703704
BRANCO;1.1235955056179776;2;54.794520547945204
BRANCO;2.8925619834710745;2;51.533742331288344
BRANCO;1.0309278350515463;2;55.88235294117647
BRANCO;1.098901098901099;2;60.2803738317757
BRANCO;1.408450704225352;2;60.32786885245902
BRANCO;1.875;2;53.48837209302326
BRANCO;0.9090909090909091;2;55.673758865248224
BRANCO;0.8733624454148472;2;56.0
BRANCO;1.2195121951219512;2;53.93939393939394
BRANCO;0.3115264797507788;2;58.032786885245905
BRANCO;1.293103448275862;2;52.56410256410256
BRANCO;3.65296803652968;2;59.40594059405941
BRANCO;0.45045045045045046;2;55.78947368421053
BRANCO;1.7857142857142858;2;51.40845070422535
BRANCO;1.1320754716981132;2;49.096385542168676
BRANCO;1.6853932584269662;2;51.94805194805195
BRANCO;1.6483516483516483;2;52.863436123348016
BRANCO;1.5325670498084292;2;53.18471337579618
BRANCO;1.0256410256410255;2;51.666666666666664
BRANCO;3.2432432432432434;2;62.44541484716157
BRANCO;1.9157088122605364;2;53.535353535353536
BRANCO;1.0;2;53.44827586206897
BRANCO;1.9125683060109289;2;55.29953917050691
BRANCO;0.2680965147453083;2;46.00484261501211
BRANCO;2.0527859237536656;2;47.956403269754766
BRANCO;0.5333333333333333;2;45.18518518518518
BRANCO;1.2820512820512822;2;44.44444444444444
BRANCO;1.4527845036319613;2;42.731277533039645
BRANCO;0.8264462809917356;2;48.091603053435115
BRANCO;1.1049723756906078;2;47.73869346733668
BRANCO;0.5405405405405406;2;47.36842105263158
BRANCO;1.7811704834605597;2;40.21739130434783
BRANCO;0.8333333333333334;2;50.526315789473685
BRANCO;1.4423076923076923;2;43.73626373626374
BRANCO;0.9933774834437086;2;52.395209580838326
BRANCO;2.127659574468085;2;53.58166189111748
BRANCO;2.622950819672131;2;49.458483754512635
BRANCO;0.9345794392523364;2;47.091412742382275
BRANCO;1.6129032258064515;2;48.87640449438202
BRANCO;0.6230529595015576;2;42.547425474254744
BRANCO;1.5479876160990713;2;48.57954545454545
BRANCO;0.591715976331361;2;51.45888594164456
BRANCO;0.5390835579514824;2;43.872549019607845
BRANCO;0.5681818181818182;2;52.1505376344086
BRANCO;0.3937007874015748;2;54.063604240282686
BRANCO;1.3029315960912051;2;48.4472049689441
BRANCO;1.2531328320802004;2;41.03139013452915
BRANCO;2.08955223880597;2;47.8021978021978
BRANCO;2.2222222222222223;2;45.91549295774648
BRANCO;0.8108108108108109;2;40.94292803970223
BRANCO;0.3048780487804878;2;44.817927170868344
BRANCO;1.0498687664041995;2;51.68269230769231
BRANCO;0.9803921568627451;2;43.43891402714932
BRANCO;0.8042895442359249;2;46.829268292682926
BRANCO;2.42914979757085;2;45.16129032258065
BRANCO;0.2717391304347826;2;43.06930693069307
BRANCO;1.1152416356877324;2;53.86819484240688
BRANCO;0.8771929824561403;2;45.205479452054796
BRANCO;0.2604166666666667;2;41.68674698795181
BRANCO;2.095808383233533;2;44.054054054054056
BRANCO;0.6097560975609756;2;44.93150684931507
BRANCO;0.5208333333333334;2;51.96506550218341
BRANCO;0.3952569169960474;2;51.60142348754449
BRANCO;1.1940298507462686;2;42.93478260869565
BRANCO;0.5555555555555556;2;50.75757575757576
BRANCO;0.6153846153846154;2;44.225352112676056
BRANCO;0.25125628140703515;2;46.03174603174603
BRANCO;0.9090909090909091;2;46.239554317548745
BRANCO;0.6024096385542169;2;44.19889502762431
BRANCO;1.0695187165775402;2;46.73123486682809
BRANCO;2.0151133501259446;2;37.16216216216216
BRANCO;0.5934718100890207;2;40.99722991689751
BRANCO;0.847457627118644;2;48.31460674157304
BRANCO;2.0725388601036268;2;42.857142857142854
BRANCO;0.8379888268156425;2;43.12169312169312
BRANCO;0.31545741324921134;2;44.21965317919075
BRANCO;1.674641148325359;2;45.45454545454545
BRANCO;1.0582010582010581;2;48.77450980392157
BRANCO;0.3831417624521073;2;51.3986013986014
BRANCO;1.13314447592068;2;46.93333333333333
BRANCO;3.6912751677852347;2;47.1976401179941
BRANCO;0.9146341463414634;2;38.764044943820224
BRANCO;2.3728813559322033;2;49.526813880126184
BRANCO;1.3605442176870748;2;49.19614147909968
BRANCO;0.28653295128939826;2;47.55784061696658
BRANCO;0.6024096385542169;2;47.96747967479675
BRANCO;2.9810298102981028;2;46.62162162162162
BRANCO;1.941747572815534;2;48.97959183673469
BRANCO;0.5181347150259067;2;44.742729306487696
BRANCO;1.4234875444839858;2;51.37614678899082
BRANCO;1.639344262295082;2;44.84848484848485
BRANCO;1.1363636363636365;2;47.05882352941177
BRANCO;1.3888888888888888;2;50.51282051282051
BRANCO;6.451612903225806;2;95.0
BRANCO;1.6620498614958448;2;46.07843137254902
BRANCO;0.4728132387706856;2;45.43478260869565
BRANCO;2.2408963585434174;2;45.7286432160804
BRANCO;1.6528925619834711;2;48.49624060150376
BRANCO;0.2631578947368421;2;46.98795180722892
BRANCO;1.3404825737265416;2;47.12918660287081
BRANCO;0.5154639175257731;2;43.73522458628842
BRANCO;0.8695652173913043;2;51.401869158878505
BRANCO;1.524390243902439;2;45.09803921568628
BRANCO;1.6901408450704225;2;43.32493702770781
BRANCO;0.5361930294906166;2;45.588235294117645
BRANCO;1.4749262536873156;2;47.67123287671233
BRANCO;1.1070110701107012;2;51.57593123209169
BRANCO;0.5115089514066496;2;42.281879194630875
BRANCO;1.4450867052023122;2;48.484848484848484
BRANCO;0.9316770186335404;2;45.32577903682719
BRANCO;0.42735042735042733;2;55.71955719557196
BRANCO;0.3067484662576687;2;45.4054054054054
BRANCO;0.26737967914438504;2;44.038929440389296
BRANCO;0.5434782608695652;2;44.85294117647059
BRANCO;0.8379888268156425;2;47.51243781094527
BRANCO;1.0416666666666667;2;45.76271186440678
BRANCO;0.7092198581560284;2;50.30487804878049
BRANCO;1.0101010101010102;2;52.94117647058823
BRANCO;0.6309148264984227;2;42.492917847025495
BRANCO;1.345291479820628;2;53.125
BRANCO;1.3736263736263736;2;45.501285347043705
BRANCO;1.7964071856287425;2;38.858695652173914
BRANCO;1.0638297872340425;2;45.25547445255474
BRANCO;0.8;2;44.00977995110024
BRANCO;0.7518796992481203;2;48.63945578231292
BRANCO;1.873536299765808;2;45.33622559652928
BRANCO;1.2048192771084338;2;53.37837837837838
BRANCO;1.9083969465648856;2;53.77358490566038
BRANCO;1.6891891891891893;2;54.6242774566474
BRANCO;0.8379888268156425;2;44.69135802469136
BRANCO;0.5235602094240838;2;49.16067146282974
BRANCO;0.7211538461538461;2;40.26258205689278
BRANCO;0.6779661016949152;2;45.45454545454545
BRANCO;0.56657223796034;2;44.55696202531646
BRANCO;0.36496350364963503;2;46.52777777777778
BRANCO;0.2631578947368421;2;43.583535108958834
BRANCO;1.0050251256281406;2;42.410714285714285
BRANCO;3.7593984962406015;2;51.41065830721003
BRANCO;3.7974683544303796;2;55.05226480836237
BRANCO;1.5748031496062993;2;46.85314685314685
BRANCO;0.4329004329004329;2;46.81647940074907
BRANCO;1.7191977077363896;2;45.380434782608695
BRANCO;0.3003003003003003;2;49.59349593495935
BRANCO;0.24330900243309003;2;42.73504273504273
BRANCO;0.5524861878453039;2;44.33497536945813
BRANCO;1.1450381679389312;2;45.6140350877193
BRANCO;1.7241379310344827;2;46.51898734177215
BRANCO;1.1494252873563218;2;45.13715710723192
BRANCO;1.4388489208633093;2;44.62540716612378
BRANCO;2.0080321285140563;2;36.60377358490566
BRANCO;0.7874015748031497;2;49.883449883449885
BRANCO;0.2849002849002849;2;51.776649746192895
BRANCO;1.6666666666666667;2;51.632047477744806
BRANCO;1.6620498614958448;2;47.04545454545455
BRANCO;1.7094017094017093;2;44.69135802469136
BRANCO;0.6756756756756757;2;51.80722891566265
BRANCO;0.5291005291005291;2;43.71980676328502
BRANCO;0.2824858757062147;2;39.84771573604061
BRANCO;2.5477707006369426;2;53.6388140161725
BRANCO;1.0869565217391304;2;52.036199095022624
BRANCO;1.8134715025906736;2;44.15584415584416
BRANCO;0.5617977528089888;2;42.931937172774866
BRANCO;0.8108108108108109;2;43.7037037037037
BRANCO;1.834862385321101;2;41.732283464566926
BRANCO;0.6514657980456026;2;53.28083989501312
BRANCO;1.4124293785310735;2;37.5
BRANCO;0.6060606060606061;2;48.167539267015705
BRANCO;1.9662921348314606;2;38.27160493827161
BRANCO;1.529051987767584;2;49.473684210526315
BRANCO;1.3333333333333333;2;41.46341463414634
BRANCO;1.6528925619834711;2;48.95104895104895
BRANCO;0.5434782608695652;2;46.601941747572816
BRANCO;2.127659574468085;2;49.469214437367306
BRANCO;0.9063444108761329;2;47.66839378238342
BRANCO;1.0126582278481013;2;49.45054945054945
BRANCO;1.278772378516624;2;40.1766004415011
BRANCO;0.9324009324009324;2;43.373493975903614
BRANCO;1.7766497461928934;2;44.650205761316876
BRANCO;0.7556675062972292;2;45.98393574297189
BRANCO;0.8086253369272237;2;45.34313725490196
BRANCO;1.5873015873015872;2;40.0
BRANCO;2.3391812865497075;2;46.85138539042821
BRANCO;1.5748031496062993;2;47.32824427480916
BRANCO;0.3003003003003003;2;42.821158690176325
BRANCO;0.2840909090909091;2;44.0
BRANCO;0.8583690987124464;2;42.36641221374046
BRANCO;1.5527950310559007;2;43.850267379679146
BRANCO;1.1299435028248588;2;38.79093198992443
BRANCO;0.5361930294906166;2;43.76528117359413
BRANCO;1.5267175572519085;2;41.104294478527606
BRANCO;0.477326968973747;2;46.27766599597585
BRANCO;1.550387596899225;2;50.32051282051282
BRANCO;2.4242424242424243;2;49.87405541561713
BRANCO;0.9009009009009009;2;50.78125
BRANCO;2.608695652173913;2;54.01459854014598
BRANCO;1.444043321299639;2;46.794871794871796
BRANCO;0.390625;2;45.535714285714285
BRANCO;2.6315789473684212;2;43.67816091954023
BRANCO;1.5873015873015872;2;52.63157894736842
BRANCO;1.694915254237288;2;51.291512915129154
BRANCO;1.2626262626262625;2;42.63392857142857
BRANCO;0.4716981132075472;2;46.60633484162896
BRANCO;1.3089005235602094;2;46.875
BRANCO;0.47393364928909953;2;47.92626728110599
BRANCO;0.5405405405405406;2;43.27628361858191
BRANCO;1.2903225806451613;2;46.3768115942029
BRANCO;1.0033444816053512;2;40.869565217391305
BRANCO;0.9463722397476341;2;46.53179190751445
BRANCO;0.7407407407407407;2;46.875
BRANCO;1.5873015873015872;2;54.09252669039146
BRANCO;1.910828025477707;2;50.0
BRANCO;1.2903225806451613;2;46.24277456647399
BRANCO;1.10803324099723;2;49.849849849849846
BRANCO;1.6901408450704225;2;52.450980392156865
BRANCO;0.273224043715847;2;45.30120481927711
BRANCO;1.0610079575596818;2;46.34146341463415
BRANCO;1.183431952662722;2;49.21465968586387
BRANCO;1.1764705882352942;2;50.810810810810814
BRANCO;1.6;2;50.36764705882353
BRANCO;0.6644518272425249;2;49.193548387096776
BRANCO;3.1545741324921135;2;46.236559139784944
BRANCO;0.6309148264984227;2;53.005464480874316
BRANCO;1.4018691588785046;2;49.714285714285715
BRANCO;0.8097165991902834;2;48.55072463768116
BRANCO;1.1673151750972763;2;46.83098591549296
BRANCO;0.7434944237918215;2;43.91891891891892
BRANCO;2.3346303501945527;2;46.64310954063604
BRANCO;0.46511627906976744;2;56.83453237410072
BRANCO;1.171875;2;46.73913043478261
BRANCO;0.5633802816901409;2;48.25
BRANCO;0.5780346820809249;2;46.25
BRANCO;0.28169014084507044;2;40.75
BRANCO;1.7804154302670623;2;48.34254143646409
BRANCO;1.288659793814433;2;49.88235294117647
BRANCO;0.5102040816326531;2;43.294117647058826
BRANCO;0.7692307692307693;2;45.45454545454545
BRANCO;1.4534883720930232;2;44.77211796246649
BRANCO;0.2717391304347826;2;44.44444444444444
BRANCO;0.26525198938992045;2;50.24390243902439
BRANCO;0.4716981132075472;2;52.61194029850746
BRANCO;1.8126888217522659;2;50.0
BRANCO;0.7434944237918215;2;48.25174825174825
BRANCO;1.1111111111111112;2;52.348993288590606
BRANCO;1.3745704467353952;2;46.22950819672131
BRANCO;0.38461538461538464;2;48.38709677419355
BRANCO;0.3816793893129771;2;48.39857651245551
BRANCO;1.941747572815534;2;48.95522388059702
BRANCO;1.597444089456869;2;43.895348837209305
BRANCO;0.5405405405405406;2;45.340050377833755
BRANCO;1.639344262295082;2;50.887573964497044
BRANCO;3.0434782608695654;2;51.301115241635685
BRANCO;2.0547945205479454;2;52.293577981651374
BRANCO;0.3460207612456747;2;50.31055900621118
BRANCO;1.0067114093959733;2;46.03658536585366
BRANCO;0.9900990099009901;2;45.61933534743203
BRANCO;1.7361111111111112;2;51.41065830721003
BRANCO;0.546448087431694;2;46.246973365617436
BRANCO;0.5249343832020997;2;48.214285714285715
BRANCO;1.0899182561307903;2;51.339285714285715
BRANCO;0.7407407407407407;2;47.072072072072075
BRANCO;2.5380710659898478;2;53.84615384615385
BRANCO;1.6085790884718498;2;44.306930693069305
BRANCO;0.5076142131979695;2;46.48910411622276
BRANCO;0.2932551319648094;2;49.3368700265252
BRANCO;0.2849002849002849;2;40.54726368159204
BRANCO;1.1527377521613833;2;48.888888888888886
BRANCO;2.73972602739726;2;50.36144578313253
BRANCO;1.2195121951219512;2;46.388888888888886
BRANCO;0.6060606060606061;2;45.78651685393258
BRANCO;1.876675603217158;2;51.07398568019093
BRANCO;1.098901098901099;2;48.2837528604119
