DILMA;33.50515463917526;2;48.82629107981221
DILMA;33.7962962962963;2;52.30125523012552
DILMA;38.12709030100334;2;44.05797101449275
DILMA;33.65384615384615;2;43.26647564469914
DILMA;34.56221198156682;2;61.47540983606557
DILMA;36.44859813084112;2;57.6271186440678
DILMA;34.39153439153439;2;46.04651162790697
DILMA;40.625;2;47.77777777777778
DILMA;34.300791556728235;2;43.50961538461539
DILMA;32.432432432432435;2;46.228710462287104
DILMA;41.36363636363637;2;44.656488549618324
DILMA;35.426008968609864;2;49.43396226415094
DILMA;39.877300613496935;2;44.751381215469614
DILMA;33.67875647668394;2;39.906103286384976
DILMA;33.771929824561404;2;47.407407407407405
DILMA;34.46969696969697;2;44.554455445544555
DILMA;28.42105263157895;2;54.716981132075475
DILMA;35.0;2;55.3921568627451
DILMA;34.463276836158194;2;50.24875621890547
DILMA;31.325301204819276;2;45.833333333333336
DILMA;34.196891191709845;2;51.36363636363637
DILMA;33.333333333333336;2;45.564516129032256
DILMA;36.633663366336634;2;48.90829694323144
DILMA;38.914027149321264;2;47.5
DILMA;30.446194225721786;2;47.11316397228637
DILMA;33.42245989304813;2;45.642201834862384
DILMA;29.6875;2;51.14678899082569
DILMA;38.46153846153846;2;53.94736842105263
DILMA;36.72727272727273;2;44.370860927152314
DILMA;33.55263157894737;2;50.59171597633136
DILMA;33.673469387755105;2;50.0
DILMA;30.102040816326532;2;48.648648648648646
DILMA;40.66985645933014;2;41.6289592760181
DILMA;37.34939759036145;2;51.832460732984295
DILMA;31.159420289855074;2;55.55555555555556
DILMA;41.23711340206186;2;47.51131221719457
DILMA;35.670731707317074;2;51.075268817204304
DILMA;43.57541899441341;2;47.61904761904762
DILMA;31.11888111888112;2;52.27963525835866
DILMA;32.743362831858406;2;47.23247232472325
DILMA;32.33830845771144;2;52.91479820627803
DILMA;33.98692810457516;2;51.13636363636363
DILMA;26.358695652173914;2;48.02784222737819
DILMA;34.285714285714285;2;46.741573033707866
DILMA;35.08771929824562;2;46.03174603174603
DILMA;30.311614730878187;2;45.7286432160804
DILMA;32.70676691729323;2;44.85049833887043
DILMA;31.940298507462686;2;47.63157894736842
DILMA;28.880866425992778;2;43.641618497109825
DILMA;32.751091703056765;2;49.647887323943664
DILMA;33.64485981308411;2;49.21465968586387
DILMA;29.702970297029704;2;43.946188340807176
DILMA;34.72803347280335;2;47.794117647058826
DILMA;25.0;2;46.15384615384615
DILMA;33.64485981308411;2;41.514360313315926
DILMA;32.18390804597701;2;51.32275132275132
DILMA;27.7027027027027;2;52.02312138728324
DILMA;39.30348258706468;2;50.23041474654378
DILMA;30.20304568527919;2;46.34146341463415
DILMA;36.21621621621622;2;46.26168224299065
DILMA;36.89320388349515;2;48.8235294117647
DILMA;31.044776119402986;2;42.480211081794195
DILMA;31.25;2;52.608695652173914
DILMA;36.72316384180791;2;45.04950495049505
DILMA;37.735849056603776;2;39.10614525139665
DILMA;32.01970443349754;2;39.82683982683983
DILMA;25.26595744680851;2;41.935483870967744
DILMA;31.446540880503143;2;47.277936962750715
DILMA;33.87533875338753;2;46.2962962962963
DILMA;32.25806451612903;2;52.56410256410256
DILMA;32.035928143712574;2;42.92929292929293
DILMA;36.70886075949367;2;40.94488188976378
DILMA;33.98328690807799;2;48.0
DILMA;27.92792792792793;2;50.4
DILMA;28.426395939086294;2;52.03252032520325
DILMA;37.28813559322034;2;51.111111111111114
DILMA;33.80281690140845;2;44.67213114754098
DILMA;36.881188118811885;2;49.35064935064935
DILMA;30.32490974729242;2;49.7093023255814
DILMA;32.35294117647059;2;45.1530612244898
DILMA;29.924242424242426;2;46.82274247491639
DILMA;29.775280898876403;2;48.76847290640394
DILMA;26.31578947368421;2;55.32544378698225
DILMA;26.72811059907834;2;53.036437246963565
DILMA;33.42391304347826;2;47.5609756097561
DILMA;31.010452961672474;2;45.481049562682216
DILMA;36.75213675213675;2;41.1764705882353
DILMA;26.804123711340207;2;50.0
DILMA;34.51086956521739;2;46.36363636363637
DILMA;33.333333333333336;2;45.72072072072072
DILMA;27.42382271468144;2;49.54545454545455
DILMA;28.92768079800499;2;48.89867841409691
DILMA;26.5625;2;50.22222222222222
DILMA;27.5974025974026;2;48.29545454545455
DILMA;37.5;2;43.58974358974359
DILMA;31.612903225806452;2;51.142857142857146
DILMA;26.96078431372549;2;50.0
DILMA;32.34421364985163;2;43.08093994778068
DILMA;26.256983240223462;2;48.49187935034803
DILMA;34.196891191709845;2;42.10526315789474
DILMA;37.45454545454545;2;41.25
DILMA;32.7217125382263;2;46.70184696569921
DILMA;36.26373626373626;2;48.18181818181818
DILMA;27.393617021276597;2;47.03196347031963
DILMA;28.664495114006513;2;47.65840220385675
DILMA;32.87292817679558;2;41.19106699751861
DILMA;27.419354838709676;2;48.20627802690583
DILMA;23.314606741573034;2;48.07256235827664
DILMA;24.924012158054712;2;48.311688311688314
DILMA;31.123919308357348;2;53.482587064676615
DILMA;32.544378698224854;2;44.85294117647059
DILMA;21.680216802168022;2;42.731277533039645
DILMA;37.60932944606414;2;49.06666666666667
DILMA;27.72020725388601;2;48.873873873873876
DILMA;23.391812865497077;2;48.44559585492228
DILMA;25.068119891008173;2;47.99107142857143
DILMA;25.46419098143236;2;48.4304932735426
DILMA;25.683060109289617;2;45.18348623853211
DILMA;25.068870523415978;2;44.41860465116279
DILMA;31.914893617021278;2;43.63636363636363
DILMA;35.35620052770449;2;42.731277533039645
DILMA;31.428571428571427;2;44.32432432432432
DILMA;25.9946949602122;2;45.82392776523702
DILMA;33.23170731707317;2;39.84375
DILMA;35.256410256410255;2;46.02739726027397
DILMA;25.252525252525253;2;48.223350253807105
DILMA;37.67605633802817;2;54.87012987012987
DILMA;26.804123711340207;2;50.43731778425656
DILMA;31.645569620253166;2;51.01010101010101
DILMA;26.440677966101696;2;48.5632183908046
DILMA;29.842931937172775;2;44.34782608695652
DILMA;21.40921409214092;2;46.01366742596811
DILMA;31.948051948051948;2;46.97986577181208
DILMA;26.27986348122867;2;47.747747747747745
DILMA;30.53435114503817;2;49.23747276688453
DILMA;30.334190231362467;2;45.19015659955257
DILMA;28.608247422680414;2;48.05491990846682
DILMA;26.76923076923077;2;50.63938618925831
DILMA;29.365079365079364;2;49.44320712694878
DILMA;26.923076923076923;2;44.19263456090651
DILMA;26.05263157894737;2;45.168539325842694
DILMA;41.37931034482759;2;52.94117647058823
DILMA;27.936507936507937;2;46.13333333333333
DILMA;27.2972972972973;2;49.88864142538976
DILMA;24.30939226519337;2;47.62979683972912
DILMA;24.566473988439306;2;44.49877750611247
DILMA;25.34722222222222;2;44.705882352941174
DILMA;26.050420168067227;2;48.17351598173516
DILMA;22.6775956284153;2;47.88418708240535
DILMA;30.944625407166125;2;45.026178010471206
DILMA;24.46808510638298;2;45.168539325842694
DILMA;34.59119496855346;2;35.8974358974359
DILMA;29.558011049723756;2;51.04408352668214
DILMA;35.07462686567164;2;48.57142857142857
DILMA;36.39344262295082;2;41.952506596306065
DILMA;29.096989966555185;2;42.17877094972067
DILMA;28.695652173913043;2;48.9749430523918
DILMA;26.2987012987013;2;47.07379134860051
DILMA;31.21693121693122;2;48.54586129753915
DILMA;29.59641255605381;2;43.25396825396825
DILMA;35.9375;2;52.63157894736842
DILMA;31.3953488372093;2;47.916666666666664
DILMA;30.327868852459016;2;47.07112970711297
DILMA;32.212885154061624;2;40.61757719714964
DILMA;27.098321342925658;2;40.36144578313253
DILMA;28.02547770700637;2;39.39393939393939
DILMA;26.21359223300971;2;45.67901234567901
DILMA;27.761194029850746;2;52.0
DILMA;19.0;2;58.273381294964025
DILMA;29.156626506024097;2;41.24748490945674
DILMA;34.66135458167331;2;52.7972027972028
DILMA;31.60377358490566;2;56.557377049180324
DILMA;32.57575757575758;2;37.086092715231786
DILMA;28.90173410404624;2;43.566591422121896
DILMA;26.53061224489796;2;53.01204819277108
DILMA;26.605504587155963;2;42.40837696335078
DILMA;25.252525252525253;2;36.52173913043478
DILMA;25.126903553299492;2;47.99196787148595
DILMA;26.5625;2;51.20967741935484
DILMA;31.122448979591837;2;51.36186770428016
DILMA;21.367521367521366;2;51.25
DILMA;29.04564315352697;2;50.306748466257666
DILMA;28.110599078341014;2;54.09836065573771
DILMA;27.184466019417474;2;46.82539682539682
DILMA;29.850746268656717;2;56.97674418604651
DILMA;34.13897280966767;2;47.05882352941177
DILMA;34.30962343096234;2;45.051194539249146
DILMA;30.291970802919707;2;42.94871794871795
DILMA;34.42622950819672;2;44.983818770226534
DILMA;36.162361623616235;2;47.284345047923324
DILMA;34.732824427480914;2;50.80385852090032
DILMA;30.612244897959183;2;55.172413793103445
DILMA;37.407407407407405;2;46.835443037974684
DILMA;35.87786259541985;2;52.80898876404494
DILMA;30.8411214953271;2;48.08510638297872
DILMA;32.407407407407405;2;47.5609756097561
DILMA;33.66834170854271;2;42.0353982300885
DILMA;33.47826086956522;2;48.943661971830984
DILMA;30.124223602484474;2;50.78534031413613
DILMA;30.3125;2;48.77384196185286
DILMA;24.776119402985074;2;48.55643044619423
DILMA;35.82089552238806;2;44.75
DILMA;33.333333333333336;2;42.023346303501945
DILMA;40.723981900452486;2;43.08300395256917
DILMA;33.47280334728033;2;39.38223938223938
DILMA;36.24454148471616;2;56.52173913043478
DILMA;28.444444444444443;2;47.24409448818898
DILMA;32.28699551569507;2;46.89922480620155
DILMA;40.09216589861751;2;45.95744680851064
DILMA;32.59668508287293;2;47.747747747747745
DILMA;32.58426966292135;2;43.1924882629108
DILMA;31.92488262910798;2;44.255319148936174
DILMA;35.32338308457712;2;42.35807860262009
DILMA;32.244897959183675;2;47.08029197080292
DILMA;47.41035856573705;2;56.52173913043478
DILMA;29.281767955801104;2;49.775784753363226
DILMA;29.761904761904763;2;42.3469387755102
DILMA;36.02150537634409;2;51.256281407035175
DILMA;36.72316384180791;2;44.27860696517413
DILMA;30.0;2;38.5
DILMA;31.46067415730337;2;41.05263157894737
DILMA;27.083333333333332;2;43.1578947368421
DILMA;30.538922155688624;2;44.29347826086956
DILMA;27.419354838709676;2;45.01424501424501
DILMA;28.802588996763753;2;44.84679665738162
DILMA;33.8150289017341;2;47.75725593667546
DILMA;32.53968253968254;2;56.231884057971016
DILMA;25.38860103626943;2;47.08520179372197
DILMA;22.75449101796407;2;48.663101604278076
DILMA;45.78313253012048;2;47.72036474164134
DILMA;31.818181818181817;2;48.06629834254144
DILMA;31.61764705882353;2;47.30538922155689
DILMA;27.96833773087071;2;43.37078651685393
DILMA;27.2264631043257;2;42.37668161434978
DILMA;28.41328413284133;2;50.0
DILMA;24.600638977635782;2;49.85422740524781
DILMA;24.043715846994534;2;44.54976303317535
DILMA;29.083665338645417;2;51.91740412979351
DILMA;37.05882352941177;2;54.06091370558376
DILMA;30.246913580246915;2;45.08196721311475
DILMA;30.53435114503817;2;42.53897550111358
DILMA;44.23076923076923;2;54.91803278688525
DILMA;34.73053892215569;2;55.23809523809524
DILMA;26.126126126126128;2;47.83783783783784
DILMA;27.358490566037737;2;43.888888888888886
DILMA;30.49645390070922;2;55.48780487804878
DILMA;32.758620689655174;2;48.11594202898551
DILMA;39.39393939393939;2;57.605177993527505
DILMA;32.758620689655174;2;58.16618911174785
DILMA;21.25;2;45.63380281690141
DILMA;34.18181818181818;2;49.421965317919074
DILMA;24.5;2;47.006651884700666
DILMA;28.695652173913043;2;44.08060453400504
DILMA;28.37837837837838;2;50.45454545454545
DILMA;22.093023255813954;2;45.799457994579946
DILMA;21.58730158730159;2;46.26038781163435
DILMA;30.967741935483872;2;50.69637883008357
DILMA;19.18819188191882;2;49.0
DILMA;25.077399380804952;2;42.77929155313352
DILMA;69.47791164658635;2;54.23728813559322
DILMA;25.899280575539567;2;43.13099041533546
DILMA;25.671641791044777;2;43.69973190348526
DILMA;21.47887323943662;2;47.756410256410255
DILMA;29.198966408268735;2;43.53741496598639
DILMA;33.63095238095238;2;46.81933842239186
DILMA;35.79234972677595;2;44.06392694063927
DILMA;26.392961876832846;2;47.66839378238342
DILMA;29.27536231884058;2;41.11675126903553
DILMA;26.075949367088608;2;43.497757847533634
DILMA;20.99125364431487;2;43.97905759162304
DILMA;29.25925925925926;2;50.66225165562914
DILMA;24.479166666666668;2;48.1981981981982
DILMA;31.325301204819276;2;48.24561403508772
DILMA;28.326180257510728;2;42.023346303501945
DILMA;28.164556962025316;2;42.41573033707865
DILMA;21.038961038961038;2;47.33178654292343
DILMA;26.628895184135978;2;44.89795918367347
DILMA;26.517571884984026;2;51.94444444444444
DILMA;22.670025188916878;2;47.57709251101321
DILMA;45.416666666666664;2;52.58358662613982
DILMA;23.919308357348704;2;48.84318766066838
DILMA;29.118773946360154;2;46.644295302013425
DILMA;33.559322033898304;2;51.666666666666664
DILMA;25.149700598802394;2;40.90909090909091
DILMA;32.55813953488372;2;58.70786516853933
DILMA;28.653295128939828;2;44.41624365482234
DILMA;27.272727272727273;2;48.1981981981982
DILMA;21.95767195767196;2;40.04524886877828
DILMA;20.54380664652568;2;50.51282051282051
DILMA;28.282828282828284;2;48.97959183673469
DILMA;29.44297082228117;2;44.49438202247191
DILMA;32.960893854748605;2;48.78048780487805
DILMA;23.65930599369085;2;45.983379501385045
DILMA;24.127906976744185;2;46.954314720812185
DILMA;29.974811083123427;2;42.11711711711712
DILMA;24.924012158054712;2;46.83195592286501
DILMA;32.64781491002571;2;41.666666666666664
DILMA;26.39751552795031;2;42.391304347826086
DILMA;23.668639053254438;2;46.373056994818654
DILMA;26.73521850899743;2;48.52607709750567
DILMA;36.440677966101696;2;54.57516339869281
DILMA;26.616915422885572;2;46.25550660792952
DILMA;32.22222222222222;2;44.94949494949495
DILMA;35.0383631713555;2;44.29530201342282
DILMA;22.448979591836736;2;39.018691588785046
DILMA;23.157894736842106;2;40.888888888888886
DILMA;23.167155425219942;2;42.857142857142854
DILMA;28.3987915407855;2;48.46153846153846
DILMA;29.71576227390181;2;47.309417040358746
DILMA;25.37878787878788;2;44.78114478114478
DILMA;33.134328358208954;2;45.59585492227979
DILMA;33.56890459363957;2;42.49201277955272
DILMA;21.846153846153847;2;46.3611859838275
DILMA;36.59942363112392;2;43.91534391534392
DILMA;27.725856697819314;2;40.38461538461539
DILMA;32.03125;2;45.93023255813954
DILMA;27.3015873015873;2;44.0
DILMA;30.847457627118644;2;44.24778761061947
DILMA;25.0;2;43.627450980392155
DILMA;24.099722991689752;2;41.37931034482759
DILMA;28.620689655172413;2;49.447513812154696
DILMA;27.941176470588236;2;44.87179487179487
DILMA;31.68831168831169;2;46.78492239467849
DILMA;48.4375;2;51.482479784366575
DILMA;32.132132132132135;2;43.455497382198956
DILMA;32.67716535433071;2;49.70238095238095
DILMA;28.24207492795389;2;41.86046511627907
DILMA;22.485207100591715;2;42.11886304909561
DILMA;27.272727272727273;2;44.70899470899471
DILMA;25.423728813559322;2;48.34437086092715
DILMA;29.62962962962963;2;84.0
DILMA;25.396825396825395;2;45.938375350140056
DILMA;30.0;2;98.64864864864865
DILMA;29.618768328445746;2;41.16094986807388
DILMA;29.76878612716763;2;45.36082474226804
DILMA;24.30939226519337;2;36.44859813084112
DILMA;28.173374613003094;2;40.28169014084507
DILMA;24.935064935064936;2;44.742729306487696
DILMA;25.08833922261484;2;39.39393939393939
DILMA;27.335640138408305;2;40.76086956521739
DILMA;31.944444444444443;2;52.56797583081571
DILMA;32.53968253968254;2;35.266821345707655
DILMA;30.078125;2;51.757188498402556
DILMA;34.36532507739938;2;47.53694581280788
DILMA;28.266666666666666;2;42.06896551724138
DILMA;30.92105263157895;2;42.64264264264264
DILMA;23.56687898089172;2;47.15447154471545
DILMA;28.90625;2;48.99777282850779
DILMA;22.513089005235603;2;41.666666666666664
DILMA;26.81564245810056;2;44.30992736077482
DILMA;24.367088607594937;2;44.35028248587571
DILMA;29.914529914529915;2;40.0
DILMA;31.365313653136532;2;52.02312138728324
DILMA;25.454545454545453;2;41.16279069767442
DILMA;24.358974358974358;2;52.35849056603774
DILMA;30.718954248366014;2;43.323442136498514
DILMA;30.853994490358126;2;35.92964824120603
DILMA;24.390243902439025;2;40.090090090090094
DILMA;29.943502824858758;2;44.730679156908664
DILMA;25.984251968503937;2;48.764044943820224
DILMA;31.550802139037433;2;38.11764705882353
DILMA;23.28767123287671;2;49.27536231884058
DILMA;25.423728813559322;2;48.75
DILMA;25.247524752475247;2;42.016806722689076
DILMA;31.907894736842106;2;47.16417910447761
DILMA;22.10242587601078;2;45.283018867924525
DILMA;27.358490566037737;2;47.54521963824289
DILMA;30.63063063063063;2;44.75
DILMA;23.897058823529413;2;50.26737967914438
DILMA;27.11111111111111;2;52.72727272727273
DILMA;30.249110320284696;2;44.03669724770642
DILMA;26.875;2;38.020833333333336
DILMA;33.87096774193548;2;49.43181818181818
DILMA;29.295774647887324;2;50.33557046979866
DILMA;29.26829268292683;2;42.42424242424242
DILMA;26.693227091633467;2;44.18604651162791
DILMA;30.0;2;50.45454545454545
DILMA;27.5;2;36.666666666666664
DILMA;27.976190476190474;2;48.54368932038835
DILMA;27.40740740740741;2;45.81005586592179
DILMA;32.60188087774295;2;47.175141242937855
DILMA;25.35211267605634;2;50.526315789473685
DILMA;34.85342019543974;2;46.19718309859155
DILMA;29.702970297029704;2;44.7887323943662
DILMA;33.86581469648562;2;48.554913294797686
DILMA;45.4954954954955;2;56.441717791411044
DILMA;31.3953488372093;2;48.484848484848484
DILMA;26.01156069364162;2;45.27363184079602
DILMA;35.869565217391305;2;48.5
DILMA;27.134146341463413;2;51.61290322580645
DILMA;27.761194029850746;2;49.59128065395095
DILMA;26.349206349206348;2;50.67385444743935
DILMA;25.572519083969464;2;47.491638795986624
DILMA;28.517110266159698;2;41.83673469387755
DILMA;29.577464788732396;2;43.07692307692308
DILMA;34.20289855072464;2;41.475826972010175
DILMA;43.388429752066116;2;62.006079027355625
DILMA;22.189349112426036;2;41.62303664921466
DILMA;30.857142857142858;2;46.8421052631579
DILMA;31.446540880503143;2;54.14364640883978
DILMA;33.333333333333336;2;45.81395348837209
DILMA;33.98328690807799;2;45.19906323185012
DILMA;27.027027027027028;2;47.906976744186046
DILMA;29.41176470588235;2;48.5781990521327
DILMA;31.40495867768595;2;46.38783269961977
DILMA;38.61788617886179;2;48.249027237354085
DILMA;30.084745762711865;2;47.148288973384034
DILMA;35.44303797468354;2;58.71559633027523
DILMA;26.40449438202247;2;45.27363184079602
DILMA;35.42857142857143;2;47.69230769230769
DILMA;30.508474576271187;2;44.270833333333336
DILMA;30.92105263157895;2;51.76470588235294
DILMA;34.61538461538461;2;45.21963824289406
DILMA;30.857142857142858;2;48.83720930232558
DILMA;32.81733746130031;2;45.938375350140056
DILMA;35.09316770186335;2;45.85635359116022
DILMA;27.64857881136951;2;46.380090497737555
DILMA;24.444444444444443;2;45.13274336283186
DILMA;40.963855421686745;2;59.06976744186046
DILMA;27.893175074183976;2;46.774193548387096
DILMA;28.011204481792717;2;43.76590330788804
DILMA;28.862973760932945;2;42.857142857142854
DILMA;33.130699088145896;2;42.89617486338798
DILMA;37.755102040816325;2;49.528301886792455
DILMA;28.01047120418848;2;41.333333333333336
DILMA;34.11078717201166;2;50.0
DILMA;31.728045325779036;2;45.52238805970149
DILMA;34.40233236151604;2;44.96314496314496
DILMA;30.76923076923077;2;51.89003436426117
DILMA;32.11678832116788;2;54.6448087431694
DILMA;29.805013927576603;2;45.340050377833755
DILMA;30.0;2;47.422680412371136
DILMA;27.92792792792793;2;48.329048843187664
DILMA;33.739837398373986;2;52.41635687732342
DILMA;22.437673130193907;2;47.174447174447174
DILMA;26.359832635983263;2;50.56603773584906
DILMA;32.244897959183675;2;54.61538461538461
DILMA;25.63176895306859;2;47.72727272727273
DILMA;24.354243542435423;2;44.89795918367347
DILMA;22.10796915167095;2;40.22222222222222
DILMA;37.94326241134752;2;52.459016393442624
DILMA;27.945205479452056;2;45.61797752808989
DILMA;26.5;2;42.82511210762332
DILMA;31.25;2;47.77777777777778
DILMA;36.29893238434164;2;43.84858044164038
DILMA;30.201342281879196;2;45.535714285714285
DILMA;25.0;2;45.2991452991453
DILMA;22.478386167146976;2;45.26854219948849
DILMA;22.123893805309734;2;47.570332480818415
DILMA;29.968454258675077;2;50.0
DILMA;37.2093023255814;2;54.67032967032967
DILMA;24.54308093994778;2;48.25174825174825
DILMA;27.15736040609137;2;46.59090909090909
DILMA;24.46808510638298;2;46.91943127962085
DILMA;28.698224852071007;2;53.211009174311926
DILMA;27.889447236180903;2;46.62162162162162
DILMA;23.79746835443038;2;50.33112582781457
DILMA;27.81954887218045;2;45.887445887445885
DILMA;20.09925558312655;2;40.848214285714285
DILMA;28.40909090909091;2;44.801980198019805
DILMA;45.32710280373832;2;49.11032028469751
DILMA;42.672413793103445;2;55.55555555555556
DILMA;45.76271186440678;2;57.61194029850746
DILMA;50.887573964497044;2;60.0
DILMA;46.22641509433962;2;55.47945205479452
DILMA;42.4390243902439;2;53.31010452961672
DILMA;48.13084112149533;2;54.151624548736464
DILMA;39.732142857142854;2;53.63321799307958
DILMA;46.57534246575342;2;53.68421052631579
DILMA;46.2962962962963;2;52.17391304347826
DILMA;45.8128078817734;2;56.94444444444444
DILMA;45.089285714285715;2;49.11032028469751
DILMA;50.48076923076923;2;52.32974910394265
DILMA;46.0;2;54.752851711026615
DILMA;48.1651376146789;2;57.08502024291498
DILMA;47.36842105263158;2;54.982817869415804
DILMA;46.496815286624205;2;55.921052631578945
DILMA;47.66839378238342;2;56.60377358490566
DILMA;41.78403755868545;2;50.16181229773463
DILMA;51.22950819672131;2;48.23529411764706
DILMA;48.18652849740933;2;55.55555555555556
DILMA;51.1520737327189;2;51.09489051094891
DILMA;46.192893401015226;2;50.709219858156025
DILMA;43.98148148148148;2;52.59515570934256
DILMA;43.56435643564357;2;54.08163265306123
DILMA;61.03896103896104;2;60.46511627906977
DILMA;88.59649122807018;2;60.97560975609756
DILMA;84.04255319148936;2;59.541984732824424
DILMA;74.26470588235294;2;55.75221238938053
DILMA;14.583333333333334;2;57.407407407407405
DILMA;49.59349593495935;2;61.1764705882353
DILMA;44.339622641509436;2;49.4661921708185
DILMA;45.2914798206278;2;42.0
DILMA;49.673202614379086;2;39.37007874015748
DILMA;52.747252747252745;2;54.5945945945946
DILMA;47.783251231527096;2;49.07063197026022
DILMA;43.01470588235294;2;50.28901734104046
DILMA;60.0;2;39.02439024390244
DILMA;56.68789808917197;2;40.625
DILMA;44.54976303317535;2;47.03947368421053
DILMA;44.54976303317535;2;47.88273615635179
DILMA;46.33204633204633;2;53.14685314685315
DILMA;47.34848484848485;2;46.41638225255973
DILMA;30.481283422459892;2;49.65277777777778
DILMA;32.30769230769231;2;50.0
DILMA;2.2988505747126435;2;48.38709677419355
DILMA;67.29559748427673;2;55.32786885245902
DILMA;70.96774193548387;2;56.962025316455694
DILMA;31.690140845070424;2;48.76847290640394
DILMA;35.55555555555556;2;46.53465346534654
DILMA;43.66197183098591;2;51.4367816091954
DILMA;30.088495575221238;2;44.30379746835443
DILMA;36.8421052631579;2;57.534246575342465
DILMA;28.571428571428573;2;53.67088607594937
DILMA;34.91379310344828;2;53.015075376884425
DILMA;26.070038910505836;2;55.76407506702413
DILMA;25.0;2;52.1978021978022
DILMA;29.017857142857142;2;49.307479224376735
DILMA;28.270042194092827;2;48.199445983379505
DILMA;28.481012658227847;2;55.73770491803279
DILMA;31.543624161073826;2;56.326530612244895
DILMA;29.85781990521327;2;45.659163987138264
DILMA;31.884057971014492;2;54.335260115606935
DILMA;34.97536945812808;2;56.73076923076923
DILMA;35.148514851485146;2;46.794871794871796
DILMA;29.613733905579398;2;54.45859872611465
DILMA;35.43689320388349;2;52.56797583081571
DILMA;40.090090090090094;2;51.1764705882353
DILMA;34.58646616541353;2;52.94117647058823
DILMA;35.24904214559387;2;50.0
DILMA;30.0;2;49.620253164556964
DILMA;33.460076045627375;2;52.94117647058823
DILMA;28.761061946902654;2;58.09018567639257
DILMA;35.319148936170215;2;50.140845070422536
DILMA;28.51063829787234;2;53.723404255319146
DILMA;35.32608695652174;2;51.21951219512195
DILMA;31.57894736842105;2;52.459016393442624
DILMA;35.86497890295359;2;46.59400544959128
DILMA;29.26829268292683;2;55.12820512820513
DILMA;30.19607843137255;2;49.61832061068702
DILMA;26.016260162601625;2;50.63938618925831
DILMA;33.333333333333336;2;54.39330543933055
DILMA;33.333333333333336;2;55.23012552301255
DILMA;33.52601156069364;2;56.89655172413793
DILMA;30.476190476190474;2;53.333333333333336
DILMA;33.142857142857146;2;51.973684210526315
DILMA;43.75;2;48.994974874371856
DILMA;39.55223880597015;2;54.2713567839196
DILMA;46.33204633204633;2;52.141057934508815
DILMA;46.42857142857143;2;53.43511450381679
DILMA;47.72727272727273;2;51.26262626262626
DILMA;49.438202247191015;2;48.98989898989899
DILMA;48.26086956521739;2;57.22222222222222
DILMA;47.03389830508475;2;55.124653739612185
DILMA;46.5863453815261;2;50.12658227848101
DILMA;32.12996389891697;2;50.12787723785166
DILMA;46.2406015037594;2;57.10659898477157
DILMA;49.392712550607285;2;57.43589743589744
DILMA;48.91304347826087;2;56.962025316455694
DILMA;32.35294117647059;2;51.111111111111114
DILMA;33.333333333333336;2;52.94117647058823
DILMA;31.98198198198198;2;53.37243401759531
DILMA;32.18884120171674;2;48.11594202898551
DILMA;32.367149758454104;2;50.445103857566764
DILMA;55.78947368421053;2;55.29801324503311
DILMA;44.01544401544402;2;57.326478149100254
DILMA;32.330827067669176;2;52.31958762886598
DILMA;57.2463768115942;2;55.04201680672269
DILMA;36.904761904761905;2;42.25352112676056
DILMA;33.898305084745765;2;49.583333333333336
DILMA;34.27230046948357;2;52.03761755485893
DILMA;31.11111111111111;2;48.24561403508772
DILMA;50.81967213114754;2;54.81171548117155
DILMA;31.27962085308057;2;41.80064308681672
DILMA;28.365384615384617;2;45.07936507936508
DILMA;30.03802281368821;2;54.54545454545455
DILMA;24.88479262672811;2;49.546827794561935
DILMA;36.91588785046729;2;49.707602339181285
DILMA;35.294117647058826;2;46.596858638743456
DILMA;26.630434782608695;2;46.644295302013425
DILMA;55.88235294117647;2;50.79365079365079
DILMA;28.125;2;54.21994884910486
DILMA;25.90909090909091;2;46.325878594249204
DILMA;34.63414634146341;2;48.734177215189874
DILMA;55.88235294117647;2;56.962025316455694
DILMA;67.24137931034483;2;50.6578947368421
DILMA;31.11111111111111;2;51.04477611940298
DILMA;32.97872340425532;2;51.282051282051285
DILMA;32.21153846153846;2;50.578034682080926
DILMA;19.0;2;45.56962025316456
DILMA;26.55367231638418;2;56.737588652482266
DILMA;34.412955465587046;2;44.97991967871486
DILMA;26.5;2;46.53179190751445
DILMA;30.057803468208093;2;48.507462686567166
DILMA;59.39393939393939;2;54.509803921568626
DILMA;40.833333333333336;2;44.38202247191011
DILMA;53.246753246753244;2;45.22968197879859
DILMA;47.59036144578313;2;48.51485148514851
DILMA;41.666666666666664;2;53.29512893982808
DILMA;37.5;2;49.04632152588556
DILMA;27.894736842105264;2;47.63779527559055
DILMA;25.0;2;49.127906976744185
DILMA;29.333333333333332;2;43.869209809264305
DILMA;27.95275590551181;2;43.88297872340426
DILMA;27.66798418972332;2;51.653944020356235
DILMA;35.35353535353536;2;39.81042654028436
DILMA;43.005181347150256;2;50.51903114186851
DILMA;6.25;2;96.15384615384616
DILMA;44.89795918367347;2;57.47663551401869
DILMA;35.90909090909091;2;51.83098591549296
DILMA;40.67796610169491;2;46.951219512195124
DILMA;41.54589371980676;2;53.048780487804876
DILMA;55.303030303030305;2;48.952879581151834
DILMA;59.375;2;44.9468085106383
DILMA;44.796380090497735;2;50.30120481927711
DILMA;57.59493670886076;2;52.13032581453634
DILMA;39.56043956043956;2;46.0
DILMA;42.93478260869565;2;53.459119496855344
DILMA;36.18677042801556;2;45.45454545454545
DILMA;35.24590163934426;2;57.78894472361809
DILMA;28.125;2;50.212765957446805
DILMA;35.34136546184739;2;49.27536231884058
DILMA;33.333333333333336;2;50.85324232081911
DILMA;35.507246376811594;2;54.67289719626168
DILMA;48.57142857142857;2;60.59782608695652
DILMA;47.61904761904762;2;53.018372703412076
DILMA;49.390243902439025;2;51.515151515151516
DILMA;37.5;2;48.86363636363637
DILMA;35.0;2;50.253807106598984
DILMA;41.2;2;49.56011730205279
DILMA;37.2093023255814;2;48.16901408450704
DILMA;36.99186991869919;2;49.720670391061454
DILMA;43.82022471910113;2;55.747126436781606
DILMA;40.14598540145985;2;51.0
DILMA;39.705882352941174;2;45.0
DILMA;43.65079365079365;2;50.80213903743316
DILMA;40.0;2;55.172413793103445
DILMA;37.81512605042017;2;47.19101123595506
DILMA;39.66244725738397;2;47.474747474747474
DILMA;39.21568627450981;2;51.65289256198347
DILMA;47.89272030651341;2;50.0
DILMA;31.088082901554404;2;53.81679389312977
DILMA;38.57677902621723;2;48.433048433048434
DILMA;31.25;2;50.0
DILMA;27.80269058295964;2;45.370370370370374
DILMA;33.50785340314136;2;53.6231884057971
DILMA;42.51012145748988;2;42.737430167597765
DILMA;44.921875;2;51.45888594164456
DILMA;47.34299516908212;2;50.65359477124183
DILMA;46.875;2;48.07121661721068
DILMA;47.08029197080292;2;59.541984732824424
DILMA;48.35164835164835;2;57.74278215223097
DILMA;45.418326693227094;2;55.95854922279793
DILMA;55.6420233463035;2;48.94179894179894
DILMA;40.0;2;54.48275862068966
DILMA;39.24050632911393;2;51.399491094147585
DILMA;43.02325581395349;2;53.02491103202847
DILMA;37.5;2;50.0
DILMA;52.99145299145299;2;57.89473684210526
DILMA;38.009049773755656;2;48.0
DILMA;41.63424124513619;2;51.26903553299493
DILMA;35.44303797468354;2;51.25
DILMA;34.55882352941177;2;49.333333333333336
DILMA;38.35616438356164;2;46.8013468013468
DILMA;37.93103448275862;2;55.3125
DILMA;32.231404958677686;2;53.753753753753756
DILMA;42.241379310344826;2;50.328947368421055
DILMA;26.16822429906542;2;53.91705069124424
DILMA;53.43511450381679;2;51.697127937336816
DILMA;49.45652173913044;2;54.44444444444444
DILMA;50.0;2;56.29370629370629
DILMA;41.25;2;55.10204081632653
DILMA;17.5;2;60.456273764258555
DILMA;40.229885057471265;2;64.16184971098266
DILMA;29.41176470588235;2;47.950819672131146
DILMA;35.13513513513514;2;54.193548387096776
DILMA;43.07116104868914;2;53.43511450381679
DILMA;40.09661835748792;2;47.26027397260274
DILMA;43.82022471910113;2;51.60142348754449
DILMA;38.4180790960452;2;51.74825174825175
DILMA;32.25806451612903;2;55.033557046979865
DILMA;31.12033195020747;2;50.14577259475219
DILMA;49.31506849315068;2;51.41242937853107
DILMA;39.44954128440367;2;50.30864197530864
DILMA;38.38383838383838;2;58.214285714285715
DILMA;60.674157303370784;2;53.93939393939394
DILMA;29.288702928870293;2;45.205479452054796
DILMA;34.73684210526316;2;50.0
DILMA;56.47482014388489;2;53.35120643431635
DILMA;58.26086956521739;2;55.851063829787236
DILMA;56.557377049180324;2;53.5
DILMA;37.15415019762846;2;46.666666666666664
DILMA;33.99014778325123;2;50.18315018315018
DILMA;38.36206896551724;2;52.33644859813084
DILMA;35.98326359832636;2;49.299719887955185
DILMA;32.95019157088122;2;49.59128065395095
DILMA;33.06122448979592;2;50.45871559633027
DILMA;58.65384615384615;2;48.607594936708864
DILMA;36.563876651982376;2;50.85324232081911
DILMA;26.548672566371682;2;48.42767295597484
DILMA;40.44117647058823;2;49.48186528497409
DILMA;33.333333333333336;2;48.529411764705884
DILMA;38.46153846153846;2;50.38363171355499
DILMA;47.5177304964539;2;54.87179487179487
DILMA;44.099378881987576;2;57.93991416309013
DILMA;39.23444976076555;2;47.07903780068729
DILMA;37.75100401606426;2;49.85422740524781
DILMA;39.682539682539684;2;53.28947368421053
DILMA;41.01123595505618;2;46.09929078014184
DILMA;50.79365079365079;2;53.90334572490706
DILMA;43.58974358974359;2;58.23529411764706
DILMA;46.733668341708544;2;51.9434628975265
DILMA;37.59124087591241;2;49.13793103448276
DILMA;26.785714285714285;2;50.0
DILMA;50.191570881226056;2;48.324022346368714
DILMA;32.22222222222222;2;42.618384401114206
DILMA;39.71291866028708;2;43.82022471910113
DILMA;52.83018867924528;2;51.63934426229508
DILMA;38.53658536585366;2;43.421052631578945
DILMA;33.60655737704918;2;48.75776397515528
DILMA;51.851851851851855;2;46.8
DILMA;37.3134328358209;2;55.98086124401914
DILMA;29.24901185770751;2;53.453453453453456
DILMA;34.285714285714285;2;52.976190476190474
DILMA;45.93023255813954;2;53.44827586206897
DILMA;56.52173913043478;2;54.59317585301837
DILMA;35.39823008849557;2;59.78260869565217
DILMA;46.794871794871796;2;53.63321799307958
DILMA;36.610169491525426;2;50.51020408163265
DILMA;40.13157894736842;2;45.04504504504504
DILMA;32.79352226720648;2;47.9224376731302
DILMA;60.256410256410255;2;48.25581395348837
DILMA;31.41025641025641;2;49.13793103448276
DILMA;54.31472081218274;2;53.420195439739416
DILMA;33.333333333333336;2;98.21428571428571
DILMA;50.0;2;47.63231197771588
DILMA;28.87323943661972;2;52.216748768472904
DILMA;41.891891891891895;2;41.00946372239748
DILMA;38.52813852813853;2;47.89156626506024
DILMA;43.18181818181818;2;50.520833333333336
DILMA;53.90625;2;50.24875621890547
DILMA;47.0;2;48.11083123425693
DILMA;56.18556701030928;2;51.37931034482759
DILMA;51.401869158878505;2;49.249249249249246
DILMA;46.93877551020408;2;56.07142857142857
DILMA;43.58974358974359;2;47.77070063694268
DILMA;81.67539267015707;2;53.987730061349694
DILMA;61.855670103092784;2;53.03514376996805
DILMA;39.91935483870968;2;50.72886297376093
DILMA;49.794238683127574;2;46.58753709198813
DILMA;41.24513618677043;2;48.83720930232558
DILMA;45.859872611464965;2;51.27272727272727
DILMA;32.18390804597701;2;49.01960784313726
DILMA;31.550802139037433;2;46.44351464435147
DILMA;36.76470588235294;2;47.09480122324159
DILMA;41.221374045801525;2;49.21465968586387
DILMA;29.032258064516128;2;47.61904761904762
DILMA;27.93522267206478;2;49.09090909090909
DILMA;33.88429752066116;2;45.283018867924525
DILMA;38.095238095238095;2;37.68115942028985
DILMA;41.36690647482014;2;50.253807106598984
DILMA;49.38775510204081;2;54.84764542936288
DILMA;36.14035087719298;2;50.0
DILMA;33.739837398373986;2;44.986449864498645
DILMA;27.510917030567686;2;47.22222222222222
DILMA;40.74074074074074;2;44.97041420118343
DILMA;35.23809523809524;2;44.40677966101695
DILMA;35.55555555555556;2;50.13192612137203
DILMA;38.732394366197184;2;45.853658536585364
DILMA;38.392857142857146;2;45.13274336283186
DILMA;38.63636363636363;2;47.46835443037975
DILMA;38.96103896103896;2;47.02549575070822
DILMA;34.82587064676617;2;52.96296296296296
DILMA;47.52066115702479;2;42.39766081871345
DILMA;33.75796178343949;2;43.85245901639344
DILMA;57.54385964912281;2;49.36386768447837
DILMA;51.401869158878505;2;48.059701492537314
DILMA;47.148288973384034;2;51.832460732984295
DILMA;33.87096774193548;2;47.82608695652174
DILMA;57.06214689265537;2;44.71544715447155
DILMA;36.36363636363637;2;52.666666666666664
DILMA;32.22222222222222;2;47.15025906735751
DILMA;48.58156028368794;2;43.19371727748691
DILMA;35.36585365853659;2;51.55555555555556
DILMA;66.66666666666667;2;47.30769230769231
DILMA;11.794871794871796;2;53.597122302158276
DILMA;45.91439688715953;2;48.648648648648646
DILMA;74.73684210526316;2;44.488188976377955
DILMA;82.46753246753246;2;54.81927710843374
DILMA;39.62264150943396;2;48.76847290640394
DILMA;47.906976744186046;2;57.049180327868854
DILMA;40.21164021164021;2;49.61538461538461
DILMA;29.23076923076923;2;53.47432024169184
DILMA;47.27272727272727;2;51.68539325842696
DILMA;32.098765432098766;2;48.83040935672515
DILMA;37.93103448275862;2;51.851851851851855
DILMA;46.902654867256636;2;56.83646112600536
DILMA;13.333333333333334;2;46.3768115942029
DILMA;63.829787234042556;2;57.142857142857146
DILMA;40.94488188976378;2;50.69637883008357
DILMA;35.44303797468354;2;49.404761904761905
DILMA;18.181818181818183;2;58.87850467289719
DILMA;36.87150837988827;2;48.83720930232558
DILMA;18.94736842105263;2;46.721311475409834
DILMA;27.950310559006212;2;51.417004048582996
DILMA;34.61538461538461;2;52.40174672489083
DILMA;46.03174603174603;2;50.81967213114754
DILMA;64.86486486486487;2;50.0
DILMA;25.94142259414226;2;49.107142857142854
DILMA;35.77235772357724;2;51.18483412322275
DILMA;51.18483412322275;2;51.19047619047619
DILMA;57.526881720430104;2;50.55762081784387
DILMA;47.00854700854701;2;52.33160621761658
DILMA;38.69047619047619;2;48.648648648648646
DILMA;32.87671232876713;2;43.90243902439025
DILMA;50.0;2;100.0
DILMA;88.39779005524862;2;47.18614718614719
DILMA;24.742268041237114;2;55.47445255474452
DILMA;85.08771929824562;2;47.928994082840234
DILMA;53.535353535353536;2;52.980132450331126
DILMA;37.908496732026144;2;50.54945054945055
DILMA;28.26086956521739;2;44.3609022556391
DILMA;82.25806451612904;2;48.92086330935252
DILMA;32.63157894736842;2;49.18032786885246
DILMA;50.666666666666664;2;48.704663212435236
DILMA;35.53719008264463;2;51.541850220264315
DILMA;52.205882352941174;2;43.442622950819676
DILMA;65.625;2;54.22885572139303
DILMA;35.0;2;44.274809160305345
DILMA;50.0;2;53.68421052631579
DILMA;23.28767123287671;2;55.0
DILMA;34.285714285714285;2;49.08616187989556
DILMA;32.06106870229008;2;51.70454545454545
DILMA;44.15584415584416;2;49.23076923076923
DILMA;75.33333333333333;2;51.81347150259067
DILMA;42.42424242424242;2;52.54237288135593
DILMA;39.86486486486486;2;52.46636771300449
DILMA;53.84615384615385;2;55.96707818930041
DILMA;50.0;2;58.51851851851852
DILMA;33.58490566037736;2;48.10495626822158
DILMA;41.51624548736462;2;47.10982658959538
DILMA;42.45283018867924;2;50.6578947368421
DILMA;59.23076923076923;2;53.333333333333336
DILMA;96.8;2;49.08256880733945
DILMA;46.03174603174603;2;47.52851711026616
DILMA;37.2093023255814;2;47.714285714285715
DILMA;57.54716981132076;2;43.39622641509434
DILMA;34.72222222222222;2;49.6551724137931
DILMA;50.75757575757576;2;47.53623188405797
DILMA;42.10526315789474;2;44.827586206896555
DILMA;31.645569620253166;2;57.00934579439252
DILMA;52.83018867924528;2;55.73770491803279
DILMA;38.578680203045685;2;49.35897435897436
DILMA;34.30962343096234;2;51.13636363636363
DILMA;33.830845771144276;2;45.774647887323944
DILMA;40.229885057471265;2;50.14836795252226
DILMA;38.429752066115704;2;48.80952380952381
DILMA;36.29032258064516;2;48.338368580060425
DILMA;41.201716738197426;2;46.440677966101696
DILMA;39.45945945945946;2;51.590106007067135
DILMA;36.94581280788177;2;48.58156028368794
DILMA;34.76702508960574;2;57.54475703324808
DILMA;37.99126637554585;2;47.674418604651166
DILMA;35.56485355648535;2;45.07462686567164
DILMA;37.71186440677966;2;50.445103857566764
DILMA;35.0210970464135;2;46.706586826347305
DILMA;38.8663967611336;2;47.57575757575758
DILMA;37.086092715231786;2;57.26495726495727
DILMA;30.0;2;50.29940119760479
DILMA;38.46153846153846;2;47.16981132075472
DILMA;34.93975903614458;2;49.38775510204081
DILMA;40.57142857142857;2;43.62139917695473
DILMA;42.56198347107438;2;49.853372434017594
DILMA;40.15444015444015;2;47.47774480712166
DILMA;32.97872340425532;2;52.083333333333336
DILMA;32.16374269005848;2;48.83720930232558
DILMA;41.05691056910569;2;48.08259587020649
DILMA;37.130801687763714;2;45.32163742690059
DILMA;34.355828220858896;2;55.08474576271186
DILMA;45.0;2;45.662100456621005
DILMA;31.35593220338983;2;49.08256880733945
DILMA;34.53237410071942;2;46.34146341463415
DILMA;41.61073825503356;2;45.77114427860697
DILMA;40.0;2;41.951219512195124
DILMA;40.24896265560166;2;43.84384384384384
DILMA;39.24731182795699;2;41.25874125874126
DILMA;38.94230769230769;2;45.88235294117647
DILMA;25.43859649122807;2;54.6448087431694
DILMA;41.666666666666664;2;53.84615384615385
DILMA;43.08300395256917;2;54.427083333333336
DILMA;49.57983193277311;2;54.166666666666664
DILMA;44.888888888888886;2;55.97667638483965
DILMA;41.42259414225941;2;55.97667638483965
DILMA;54.0084388185654;2;48.1958762886598
DILMA;53.57142857142857;2;51.94805194805195
DILMA;45.0;2;54.617414248021106
DILMA;41.566265060240966;2;38.46153846153846
DILMA;47.27272727272727;2;52.38095238095238
DILMA;39.78102189781022;2;52.67175572519084
DILMA;46.31578947368421;2;47.70318021201413
DILMA;39.90384615384615;2;52.054794520547944
DILMA;37.98882681564246;2;51.492537313432834
DILMA;37.64705882352941;2;56.10687022900763
DILMA;40.78947368421053;2;48.01324503311258
DILMA;38.18181818181818;2;49.57507082152974
DILMA;38.41463414634146;2;50.4
DILMA;38.57142857142857;2;49.61832061068702
DILMA;48.01980198019802;2;51.14754098360656
DILMA;46.951219512195124;2;55.36480686695279
DILMA;43.109540636042404;2;44.783715012722645
DILMA;42.33576642335766;2;47.704081632653065
DILMA;43.43891402714932;2;52.96803652968037
DILMA;42.4812030075188;2;48.46938775510204
DILMA;42.857142857142854;2;54.54545454545455
DILMA;43.96551724137931;2;48.81656804733728
DILMA;58.56353591160221;2;56.62251655629139
DILMA;55.348837209302324;2;57.05521472392638
DILMA;50.602409638554214;2;50.0
DILMA;37.07865168539326;2;51.8796992481203
DILMA;98.1981981981982;2;51.470588235294116
DILMA;64.70588235294117;2;52.03252032520325
DILMA;51.19047619047619;2;46.69260700389105
DILMA;54.40414507772021;2;50.173010380622834
DILMA;90.47619047619048;2;57.333333333333336
DILMA;55.90909090909091;2;47.452229299363054
DILMA;42.95302013422819;2;50.0
DILMA;55.38461538461539;2;51.1764705882353
DILMA;54.066985645933016;2;52.7027027027027
DILMA;73.62637362637362;2;52.84552845528455
DILMA;59.73154362416108;2;50.806451612903224
DILMA;47.857142857142854;2;49.81132075471698
DILMA;53.191489361702125;2;50.0
DILMA;51.64835164835165;2;55.12820512820513
DILMA;54.411764705882355;2;47.72727272727273
DILMA;50.0;2;59.61538461538461
DILMA;46.56488549618321;2;60.16949152542373
DILMA;47.03196347031963;2;52.861952861952865
DILMA;52.94117647058823;2;50.21097046413502
DILMA;52.65486725663717;2;52.287581699346404
DILMA;49.18032786885246;2;46.917808219178085
DILMA;54.375;2;50.99601593625498
DILMA;52.036199095022624;2;53.65079365079365
DILMA;38.62660944206009;2;49.4661921708185
DILMA;46.32768361581921;2;49.458483754512635
DILMA;56.14035087719298;2;50.68493150684932
DILMA;48.87640449438202;2;42.3728813559322
DILMA;47.78761061946903;2;52.07667731629393
DILMA;42.857142857142854;2;61.224489795918366
DILMA;47.524752475247524;2;58.04416403785489
DILMA;59.111111111111114;2;56.934306569343065
DILMA;50.810810810810814;2;49.14675767918089
DILMA;57.34265734265734;2;52.67175572519084
DILMA;51.70454545454545;2;50.370370370370374
DILMA;56.98924731182796;2;56.31399317406143
DILMA;56.111111111111114;2;55.48172757475083
DILMA;52.747252747252745;2;48.39857651245551
DILMA;50.5;2;52.26480836236934
DILMA;57.94871794871795;2;52.861952861952865
DILMA;56.544502617801044;2;54.10958904109589
DILMA;59.68586387434555;2;55.59440559440559
DILMA;50.54347826086956;2;48.148148148148145
DILMA;56.353591160220994;2;56.890459363957596
DILMA;51.336898395721924;2;59.79381443298969
DILMA;54.45026178010471;2;49.48096885813149
DILMA;55.02958579881657;2;49.6124031007752
DILMA;53.7037037037037;2;44.39655172413793
DILMA;55.98086124401914;2;57.28813559322034
DILMA;47.59615384615385;2;55.59322033898305
DILMA;57.926829268292686;2;47.77327935222672
DILMA;48.07692307692308;2;56.653992395437264
DILMA;61.452513966480446;2;46.613545816733065
DILMA;55.729166666666664;2;48.03921568627451
DILMA;60.1123595505618;2;54.60750853242321
DILMA;57.05128205128205;2;49.81549815498155
DILMA;51.92307692307692;2;52.49169435215947
DILMA;61.111111111111114;2;59.05511811023622
DILMA;77.21518987341773;2;60.46511627906977
DILMA;70.67669172932331;2;51.291512915129154
DILMA;65.35433070866142;2;57.65765765765766
DILMA;56.60377358490566;2;62.083333333333336
DILMA;46.951219512195124;2;54.32098765432099
DILMA;48.04469273743017;2;48.72727272727273
DILMA;65.42056074766356;2;57.4585635359116
DILMA;75.5813953488372;2;53.81526104417671
DILMA;56.68789808917197;2;58.333333333333336
DILMA;64.36781609195403;2;55.49132947976879
DILMA;65.24064171122994;2;53.333333333333336
DILMA;59.09090909090909;2;51.17056856187291
DILMA;61.80555555555556;2;47.5
DILMA;57.142857142857146;2;49.328859060402685
DILMA;55.27950310559006;2;52.592592592592595
DILMA;57.59493670886076;2;53.81818181818182
DILMA;43.18181818181818;2;56.59163987138264
DILMA;46.951219512195124;2;46.82539682539682
DILMA;57.142857142857146;2;51.351351351351354
DILMA;58.94736842105263;2;48.49624060150376
DILMA;90.55555555555556;2;55.0
DILMA;88.06818181818181;2;51.904761904761905
DILMA;52.79503105590062;2;53.01204819277108
DILMA;45.39007092198582;2;52.33644859813084
DILMA;49.30232558139535;2;49.83277591973244
DILMA;55.15151515151515;2;50.57471264367816
DILMA;74.17218543046357;2;59.130434782608695
DILMA;53.225806451612904;2;50.666666666666664
DILMA;56.613756613756614;2;45.26315789473684
DILMA;55.23255813953488;2;45.70446735395189
DILMA;54.21052631578947;2;46.8013468013468
DILMA;56.21890547263681;2;44.91228070175438
DILMA;54.54545454545455;2;45.8955223880597
DILMA;51.707317073170735;2;50.470219435736674
DILMA;55.747126436781606;2;43.7007874015748
DILMA;64.8854961832061;2;50.471698113207545
DILMA;53.44827586206897;2;49.48096885813149
DILMA;47.286821705426355;2;55.61224489795919
DILMA;54.81481481481482;2;51.64319248826291
DILMA;34.946236559139784;2;53.05343511450382
DILMA;27.96934865900383;2;49.171270718232044
DILMA;57.31707317073171;2;58.02469135802469
DILMA;48.148148148148145;2;59.04761904761905
DILMA;49.26470588235294;2;54.5945945945946
DILMA;61.40350877192982;2;54.861111111111114
DILMA;59.74025974025974;2;48.598130841121495
DILMA;29.69924812030075;2;47.32620320855615
DILMA;31.896551724137932;2;47.10982658959538
DILMA;35.08064516129032;2;47.53623188405797
DILMA;85.8974358974359;2;58.18181818181818
DILMA;29.62962962962963;2;60.317460317460316
DILMA;39.436619718309856;2;48.98989898989899
DILMA;38.095238095238095;2;54.929577464788736
DILMA;39.39393939393939;2;48.75
DILMA;20.967741935483872;2;52.857142857142854
DILMA;55.81395348837209;2;54.0
DILMA;59.32203389830509;2;48.31460674157304
DILMA;36.53846153846154;2;44.067796610169495
DILMA;27.888446215139442;2;47.55043227665706
DILMA;79.36507936507937;2;65.9090909090909
DILMA;32.8719723183391;2;46.33507853403141
DILMA;38.62068965517241;2;53.69458128078818
DILMA;37.109375;2;46.74556213017752
DILMA;35.86497890295359;2;48.58490566037736
DILMA;47.26027397260274;2;55.27638190954774
DILMA;43.333333333333336;2;43.0622009569378
DILMA;35.947712418300654;2;55.3921568627451
DILMA;38.94230769230769;2;53.191489361702125
DILMA;41.41414141414141;2;48.014440433213
DILMA;32.20338983050848;2;56.441717791411044
DILMA;30.357142857142858;2;49.83818770226537
DILMA;42.7007299270073;2;55.82010582010582
DILMA;41.87725631768953;2;52.41935483870968
DILMA;32.27272727272727;2;51.773049645390074
DILMA;30.240549828178693;2;50.51020408163265
DILMA;36.86274509803921;2;48.18941504178273
DILMA;39.38223938223938;2;53.4435261707989
DILMA;28.11244979919679;2;45.535714285714285
DILMA;38.19095477386934;2;49.7907949790795
DILMA;40.7035175879397;2;57.85123966942149
DILMA;41.851851851851855;2;53.31230283911672
DILMA;35.57046979865772;2;50.77319587628866
DILMA;39.69465648854962;2;48.50498338870432
DILMA;43.41085271317829;2;50.0
DILMA;39.55555555555556;2;49.666666666666664
DILMA;44.51219512195122;2;45.320197044334975
DILMA;33.46774193548387;2;44.09221902017291
DILMA;46.35761589403973;2;50.13550135501355
DILMA;45.30612244897959;2;49.333333333333336
DILMA;33.75796178343949;2;52.97029702970297
DILMA;37.01298701298701;2;58.604651162790695
DILMA;36.329588014981276;2;56.231884057971016
DILMA;32.92181069958848;2;48.37758112094395
DILMA;35.874439461883405;2;49.831649831649834
DILMA;31.007751937984494;2;52.046783625730995
DILMA;40.34334763948498;2;51.245551601423486
DILMA;40.93023255813954;2;49.163879598662206
DILMA;32.945736434108525;2;55.88235294117647
DILMA;31.316725978647685;2;47.66839378238342
DILMA;29.387755102040817;2;51.76470588235294
DILMA;32.421875;2;50.2906976744186
DILMA;31.4878892733564;2;51.733333333333334
DILMA;37.97909407665505;2;45.333333333333336
DILMA;32.64604810996563;2;50.4
DILMA;37.5;2;46.470588235294116
DILMA;46.351931330472105;2;50.357142857142854
DILMA;27.74869109947644;2;55.86206896551724
DILMA;75.67567567567568;2;56.2043795620438
DILMA;35.57692307692308;2;57.92880258899677
DILMA;42.10526315789474;2;49.523809523809526
DILMA;27.428571428571427;2;56.741573033707866
DILMA;32.74021352313167;2;51.8041237113402
DILMA;39.320388349514566;2;49.504950495049506
DILMA;30.545454545454547;2;54.42359249329759
DILMA;33.08550185873606;2;45.08196721311475
DILMA;36.86274509803921;2;48.8235294117647
DILMA;40.14598540145985;2;48.63387978142077
DILMA;35.96837944664031;2;45.88235294117647
DILMA;32.98245614035088;2;50.67385444743935
DILMA;42.16867469879518;2;52.41730279898219
DILMA;39.37007874015748;2;50.43478260869565
DILMA;32.388663967611336;2;44.44444444444444
DILMA;65.21739130434783;2;56.470588235294116
DILMA;33.93665158371041;2;51.48514851485149
DILMA;37.5;2;53.591160220994475
DILMA;40.65934065934066;2;49.523809523809526
DILMA;21.73913043478261;2;56.779661016949156
DILMA;45.0;2;44.87179487179487
DILMA;35.76158940397351;2;48.663101604278076
DILMA;38.28996282527881;2;47.77777777777778
DILMA;37.5968992248062;2;51.45348837209303
DILMA;29.961089494163424;2;47.94117647058823
DILMA;73.33333333333333;2;56.2753036437247
DILMA;77.97619047619048;2;53.80952380952381
DILMA;35.602094240837694;2;53.15614617940199
DILMA;40.0;2;47.66081871345029
DILMA;44.630872483221474;2;46.79144385026738
DILMA;24.752475247524753;2;50.36496350364963
DILMA;36.65338645418327;2;50.29761904761905
DILMA;34.30232558139535;2;41.810344827586206
DILMA;39.705882352941174;2;46.26038781163435
DILMA;29.51388888888889;2;50.38560411311054
DILMA;39.25925925925926;2;47.527472527472526
DILMA;35.507246376811594;2;51.41388174807198
DILMA;34.25196850393701;2;44.18604651162791
DILMA;30.37037037037037;2;53.42465753424658
DILMA;38.914027149321264;2;49.494949494949495
DILMA;34.01639344262295;2;46.62921348314607
DILMA;39.473684210526315;2;51.39664804469274
DILMA;39.20863309352518;2;47.58064516129032
DILMA;41.53846153846154;2;44.905660377358494
DILMA;44.44444444444444;2;56.21621621621622
DILMA;45.55555555555556;2;54.76190476190476
DILMA;54.166666666666664;2;58.94736842105263
DILMA;12.977099236641221;2;54.83870967741935
DILMA;61.904761904761905;2;50.18181818181818
DILMA;52.513966480446925;2;49.80544747081712
DILMA;58.19209039548023;2;54.121863799283155
DILMA;54.09836065573771;2;52.51798561151079
DILMA;54.891304347826086;2;54.09252669039146
DILMA;52.12765957446808;2;52.34657039711191
DILMA;58.69565217391305;2;48.04270462633452
DILMA;51.70068027210884;2;55.65217391304348
DILMA;54.4973544973545;2;53.14685314685315
DILMA;55.38461538461539;2;47.81021897810219
DILMA;50.0;2;45.195729537366546
DILMA;55.11363636363637;2;50.3875968992248
DILMA;50.76142131979695;2;56.43939393939394
DILMA;52.02020202020202;2;54.78927203065134
DILMA;54.14364640883978;2;58.13953488372093
DILMA;56.024096385542165;2;52.12355212355212
DILMA;49.404761904761905;2;58.4
DILMA;48.924731182795696;2;48.49624060150376
DILMA;52.906976744186046;2;52.325581395348834
DILMA;60.810810810810814;2;50.672645739910315
DILMA;53.191489361702125;2;54.97835497835498
DILMA;63.58695652173913;2;45.744680851063826
DILMA;47.474747474747474;2;52.8957528957529
DILMA;69.10994764397905;2;60.431654676258994
DILMA;61.93181818181818;2;52.94117647058823
DILMA;51.39664804469274;2;51.43884892086331
DILMA;56.21890547263681;2;50.90252707581227
DILMA;56.19047619047619;2;55.749128919860624
DILMA;53.63128491620112;2;46.71814671814672
DILMA;57.89473684210526;2;43.373493975903614
DILMA;52.17391304347826;2;49.49152542372882
DILMA;52.06185567010309;2;49.42528735632184
DILMA;50.490196078431374;2;45.80419580419581
DILMA;55.73770491803279;2;49.808429118773944
DILMA;66.33663366336634;2;49.826989619377166
DILMA;58.76288659793814;2;50.0
DILMA;58.56353591160221;2;49.20634920634921
DILMA;45.97315436241611;2;45.22821576763486
DILMA;56.41025641025641;2;53.79061371841155
DILMA;92.06349206349206;2;54.966887417218544
DILMA;64.08450704225352;2;53.714285714285715
DILMA;78.02197802197803;2;56.626506024096386
DILMA;68.72037914691943;2;49.65034965034965
DILMA;49.46808510638298;2;45.12635379061372
DILMA;48.648648648648646;2;55.93869731800766
DILMA;51.666666666666664;2;55.59701492537314
DILMA;46.97674418604651;2;55.86206896551724
DILMA;82.0;2;55.61797752808989
DILMA;81.875;2;50.67567567567568
DILMA;48.704663212435236;2;48.04270462633452
DILMA;85.45454545454545;2;71.95121951219512
DILMA;63.888888888888886;2;56.07843137254902
DILMA;45.026178010471206;2;46.00760456273764
DILMA;50.588235294117645;2;56.34920634920635
DILMA;49.44444444444444;2;50.19607843137255
DILMA;59.58188153310105;2;50.92250922509225
DILMA;53.881278538812786;2;51.013513513513516
DILMA;84.72222222222223;2;45.033112582781456
DILMA;67.11409395973155;2;53.57142857142857
DILMA;55.55555555555556;2;48.0
DILMA;47.093023255813954;2;53.72549019607843
DILMA;91.53439153439153;2;46.017699115044245
DILMA;98.02631578947368;2;52.17391304347826
DILMA;57.42574257425743;2;45.16129032258065
DILMA;58.13953488372093;2;51.64835164835165
DILMA;51.515151515151516;2;49.285714285714285
DILMA;65.11627906976744;2;56.578947368421055
DILMA;60.0;2;51.383399209486164
DILMA;56.60377358490566;2;47.79661016949152
DILMA;52.7363184079602;2;49.29577464788732
DILMA;72.64957264957265;2;50.955414012738856
DILMA;50.89820359281437;2;49.01960784313726
DILMA;34.35114503816794;2;53.67231638418079
DILMA;34.30232558139535;2;47.05882352941177
DILMA;32.432432432432435;2;50.719424460431654
DILMA;33.06122448979592;2;52.259887005649716
DILMA;42.857142857142854;2;54.45205479452055
DILMA;28.846153846153847;2;54.67128027681661
DILMA;21.962616822429908;2;61.82432432432432
DILMA;23.853211009174313;2;53.04054054054054
DILMA;23.300970873786408;2;56.013745704467354
DILMA;26.470588235294116;2;52.76872964169381
DILMA;29.72972972972973;2;51.11940298507463
DILMA;24.701195219123505;2;53.61842105263158
DILMA;29.646017699115045;2;54.666666666666664
DILMA;28.877005347593585;2;53.13653136531365
DILMA;30.952380952380953;2;54.67289719626168
DILMA;31.004366812227076;2;53.943217665615144
DILMA;27.310924369747898;2;55.240793201133144
DILMA;29.6;2;48.5207100591716
DILMA;32.327586206896555;2;48.31460674157304
DILMA;27.860696517412936;2;53.2
DILMA;21.48148148148148;2;61.235955056179776
DILMA;22.026431718061673;2;57.049180327868854
DILMA;23.497267759562842;2;52.54237288135593
DILMA;24.896265560165975;2;55.016181229773466
DILMA;34.10852713178294;2;50.56818181818182
DILMA;42.857142857142854;2;56.08695652173913
DILMA;30.434782608695652;2;47.41641337386018
DILMA;43.35260115606936;2;55.601659751037346
DILMA;28.658536585365855;2;50.925925925925924
DILMA;30.042918454935624;2;50.62111801242236
DILMA;23.728813559322035;2;53.52697095435685
DILMA;31.70731707317073;2;48.95522388059702
DILMA;39.075630252100844;2;48.0565371024735
DILMA;28.79581151832461;2;55.32786885245902
DILMA;32.8125;2;49.852507374631266
DILMA;34.09090909090909;2;54.02684563758389
DILMA;27.976190476190474;2;50.43103448275862
DILMA;30.386740331491712;2;52.892561983471076
DILMA;29.493087557603687;2;50.78864353312303
DILMA;27.932960893854748;2;52.14007782101167
DILMA;41.06280193236715;2;52.64900662251656
DILMA;30.80168776371308;2;47.740112994350284
DILMA;30.27027027027027;2;52.64900662251656
DILMA;27.419354838709676;2;54.121863799283155
DILMA;28.467153284671532;2;45.0
DILMA;32.77777777777778;2;54.32098765432099
DILMA;34.5679012345679;2;56.45161290322581
DILMA;40.714285714285715;2;52.30769230769231
DILMA;25.263157894736842;2;52.22672064777328
DILMA;54.83870967741935;2;56.25
DILMA;36.75213675213675;2;54.02684563758389
DILMA;40.42553191489362;2;51.724137931034484
DILMA;34.355828220858896;2;54.106280193236714
DILMA;32.6530612244898;2;48.795180722891565
DILMA;34.92537313432836;2;56.58682634730539
DILMA;39.17197452229299;2;52.74390243902439
DILMA;30.37037037037037;2;53.125
DILMA;34.04255319148936;2;52.592592592592595
DILMA;29.385964912280702;2;51.5527950310559
DILMA;18.226600985221676;2;53.20754716981132
DILMA;31.914893617021278;2;56.54761904761905
DILMA;34.54545454545455;2;55.55555555555556
DILMA;38.99082568807339;2;52.313167259786475
DILMA;47.674418604651166;2;61.206896551724135
DILMA;32.63157894736842;2;59.01639344262295
DILMA;25.0;2;43.627450980392155
DILMA;42.51497005988024;2;50.0
DILMA;22.0125786163522;2;57.83783783783784
DILMA;33.97435897435897;2;52.38095238095238
DILMA;40.30612244897959;2;53.291536050156736
DILMA;24.271844660194176;2;50.814332247557005
DILMA;18.90547263681592;2;63.38028169014085
DILMA;23.893805309734514;2;48.23943661971831
DILMA;26.548672566371682;2;56.41891891891892
DILMA;26.923076923076923;2;50.833333333333336
DILMA;24.074074074074073;2;52.243589743589745
DILMA;30.246913580246915;2;53.39366515837104
DILMA;31.20567375886525;2;49.77777777777778
DILMA;37.5;2;49.10485933503836
DILMA;27.317073170731707;2;38.25503355704698
DILMA;30.075187969924812;2;52.459016393442624
DILMA;28.846153846153847;2;57.74647887323944
DILMA;54.54545454545455;2;59.375
DILMA;55.84415584415584;2;50.561797752808985
DILMA;22.745098039215687;2;52.892561983471076
DILMA;30.18867924528302;2;60.273972602739725
DILMA;58.208955223880594;2;54.63917525773196
DILMA;51.54639175257732;2;48.46153846153846
DILMA;32.0;2;52.51141552511415
DILMA;33.333333333333336;2;47.71784232365145
DILMA;32.16374269005848;2;51.17370892018779
DILMA;20.634920634920636;2;45.73170731707317
DILMA;26.13981762917933;2;46.15384615384615
DILMA;30.392156862745097;2;36.55913978494624
DILMA;29.343629343629345;2;50.0
DILMA;29.81651376146789;2;57.142857142857146
DILMA;40.963855421686745;2;57.93991416309013
DILMA;29.479768786127167;2;50.59288537549407
DILMA;30.044843049327355;2;50.33783783783784
DILMA;31.0126582278481;2;49.75124378109453
DILMA;37.55868544600939;2;51.282051282051285
DILMA;29.67479674796748;2;54.57413249211356
DILMA;30.530973451327434;2;47.07903780068729
DILMA;37.5;2;55.78947368421053
DILMA;29.487179487179485;2;55.20504731861199
DILMA;34.136546184738954;2;49.56268221574344
DILMA;35.632183908045974;2;50.0
DILMA;32.28346456692913;2;50.29585798816568
DILMA;28.99628252788104;2;50.2906976744186
DILMA;31.316725978647685;2;51.388888888888886
DILMA;32.18390804597701;2;54.46927374301676
DILMA;28.820960698689955;2;51.73501577287066
DILMA;29.545454545454547;2;56.14035087719298
DILMA;27.741935483870968;2;46.51162790697674
DILMA;27.77777777777778;2;46.56716417910448
DILMA;31.818181818181817;2;55.72139303482587
DILMA;25.53191489361702;2;54.11392405063291
DILMA;38.01169590643275;2;53.55648535564853
DILMA;26.3681592039801;2;54.90909090909091
DILMA;28.14070351758794;2;53.380782918149464
DILMA;33.72093023255814;2;52.02952029520295
DILMA;21.875;2;54.34782608695652
DILMA;32.47232472324723;2;54.95049504950495
DILMA;36.898395721925134;2;50.91575091575091
DILMA;28.89908256880734;2;52.577319587628864
DILMA;28.063241106719367;2;52.9126213592233
DILMA;32.075471698113205;2;62.10045662100457
DILMA;30.06993006993007;2;49.54545454545455
DILMA;31.213872832369944;2;52.07373271889401
DILMA;32.71375464684015;2;51.67464114832536
DILMA;35.256410256410255;2;52.97029702970297
DILMA;29.26829268292683;2;56.875
DILMA;31.60919540229885;2;53.02325581395349
DILMA;30.56768558951965;2;55.319148936170215
DILMA;32.857142857142854;2;54.00696864111498
DILMA;33.333333333333336;2;50.0
DILMA;24.2603550295858;2;53.7037037037037
DILMA;36.45320197044335;2;60.07194244604317
DILMA;31.985294117647058;2;53.63636363636363
DILMA;19.02654867256637;2;55.33596837944664
DILMA;40.42553191489362;2;52.160493827160494
DILMA;24.0;2;51.03448275862069
DILMA;24.193548387096776;2;47.03703703703704
DILMA;33.76623376623377;2;54.794520547945204
DILMA;30.76923076923077;2;51.533742331288344
DILMA;33.68983957219251;2;55.88235294117647
DILMA;20.77922077922078;2;60.2803738317757
DILMA;39.698492462311556;2;60.32786885245902
DILMA;31.34328358208955;2;52.592592592592595
DILMA;31.25;2;53.48837209302326
DILMA;28.78048780487805;2;55.673758865248224
DILMA;31.65829145728643;2;56.0
DILMA;29.661016949152543;2;53.93939393939394
DILMA;38.33865814696485;2;58.032786885245905
DILMA;35.77981651376147;2;52.56410256410256
DILMA;30.97826086956522;2;59.40594059405941
DILMA;27.751196172248804;2;55.78947368421053
DILMA;27.61904761904762;2;51.40845070422535
DILMA;41.1522633744856;2;49.096385542168676
DILMA;27.54491017964072;2;51.94805194805195
DILMA;41.58878504672897;2;57.6271186440678
DILMA;22.65193370165746;2;52.863436123348016
DILMA;31.048387096774192;2;53.18471337579618
DILMA;40.449438202247194;2;51.666666666666664
DILMA;37.7906976744186;2;62.44541484716157
DILMA;37.6425855513308;2;53.535353535353536
DILMA;28.7292817679558;2;53.44827586206897
DILMA;31.754874651810585;2;55.29953917050691
DILMA;32.520325203252035;2;46.00484261501211
DILMA;38.125;2;47.956403269754766
DILMA;28.37465564738292;2;45.18518518518518
DILMA;31.89873417721519;2;44.44444444444444
DILMA;30.693069306930692;2;42.731277533039645
DILMA;31.33903133903134;2;48.091603053435115
DILMA;35.59322033898305;2;47.73869346733668
DILMA;39.26553672316384;2;47.36842105263158
DILMA;28.426395939086294;2;40.21739130434783
DILMA;33.97790055248619;2;50.526315789473685
DILMA;30.339805825242717;2;43.73626373626374
DILMA;37.97909407665505;2;52.395209580838326
DILMA;40.71146245059288;2;53.58166189111748
DILMA;33.98692810457516;2;49.458483754512635
DILMA;37.54045307443366;2;47.091412742382275
DILMA;32.450331125827816;2;48.87640449438202
DILMA;34.74025974025974;2;42.547425474254744
DILMA;37.85488958990536;2;48.57954545454545
DILMA;27.027027027027028;2;51.45888594164456
DILMA;29.490616621983914;2;43.872549019607845
DILMA;33.61581920903955;2;52.1505376344086
DILMA;30.327868852459016;2;54.063604240282686
DILMA;31.0580204778157;2;48.4472049689441
DILMA;27.94871794871795;2;41.03139013452915
DILMA;27.77777777777778;2;47.8021978021978
DILMA;33.44481605351171;2;45.91549295774648
DILMA;30.386740331491712;2;40.94292803970223
DILMA;29.0625;2;44.817927170868344
DILMA;30.50397877984085;2;51.68269230769231
DILMA;28.88888888888889;2;43.43891402714932
DILMA;30.11049723756906;2;46.829268292682926
DILMA;41.77215189873418;2;45.16129032258065
DILMA;30.362116991643454;2;43.06930693069307
DILMA;39.44223107569721;2;53.86819484240688
DILMA;33.746130030959755;2;45.205479452054796
DILMA;32.020997375328086;2;41.68674698795181
DILMA;25.471698113207548;2;44.054054054054056
DILMA;25.54517133956386;2;44.93150684931507
DILMA;30.061349693251532;2;51.96506550218341
DILMA;34.30962343096234;2;51.60142348754449
DILMA;27.96352583586626;2;42.93478260869565
DILMA;24.022346368715084;2;50.75757575757576
DILMA;28.846153846153847;2;44.225352112676056
DILMA;30.946291560102303;2;46.03174603174603
DILMA;34.394904458598724;2;46.239554317548745
DILMA;28.481012658227847;2;44.19889502762431
DILMA;25.41899441340782;2;46.73123486682809
DILMA;30.158730158730158;2;37.16216216216216
DILMA;30.091185410334347;2;40.99722991689751
DILMA;29.829545454545453;2;47.63092269326683
DILMA;23.68421052631579;2;48.31460674157304
DILMA;27.320954907161802;2;42.857142857142854
DILMA;26.956521739130434;2;43.12169312169312
DILMA;36.36363636363637;2;44.21965317919075
DILMA;23.26139088729017;2;45.45454545454545
DILMA;25.19893899204244;2;48.77450980392157
DILMA;27.49003984063745;2;51.3986013986014
DILMA;28.1524926686217;2;46.93333333333333
DILMA;26.29757785467128;2;47.1976401179941
DILMA;29.051987767584098;2;38.764044943820224
DILMA;27.659574468085108;2;49.526813880126184
DILMA;33.098591549295776;2;49.19614147909968
DILMA;30.232558139534884;2;47.55784061696658
DILMA;26.96969696969697;2;47.96747967479675
DILMA;31.793478260869566;2;46.62162162162162
DILMA;43.624161073825505;2;48.97959183673469
DILMA;27.464788732394368;2;57.870370370370374
DILMA;30.21390374331551;2;44.742729306487696
DILMA;44.78764478764479;2;51.37614678899082
DILMA;31.27147766323024;2;44.84848484848485
DILMA;28.68217054263566;2;47.05882352941177
DILMA;28.402366863905325;2;44.61942257217848
DILMA;27.094972067039105;2;50.51282051282051
DILMA;18.181818181818183;2;95.0
DILMA;28.735632183908045;2;46.07843137254902
DILMA;30.071599045346062;2;45.43478260869565
DILMA;26.271186440677965;2;45.7286432160804
DILMA;30.252100840336134;2;48.49624060150376
DILMA;28.64864864864865;2;46.98795180722892
DILMA;24.65753424657534;2;47.12918660287081
DILMA;26.5625;2;43.73522458628842
DILMA;32.30088495575221;2;51.401869158878505
DILMA;21.904761904761905;2;45.09803921568628
DILMA;31.444759206798867;2;43.32493702770781
DILMA;24.860335195530727;2;45.588235294117645
DILMA;28.484848484848484;2;47.67123287671233
DILMA;40.476190476190474;2;51.57593123209169
DILMA;23.40966921119593;2;42.281879194630875
DILMA;26.31578947368421;2;48.484848484848484
DILMA;28.289473684210527;2;45.32577903682719
DILMA;33.333333333333336;2;55.71955719557196
DILMA;28.02547770700637;2;45.4054054054054
DILMA;26.944444444444443;2;44.038929440389296
DILMA;31.76795580110497;2;44.85294117647059
DILMA;36.33879781420765;2;47.51243781094527
DILMA;26.79045092838196;2;45.76271186440678
DILMA;35.79335793357934;2;50.30487804878049
DILMA;30.87719298245614;2;52.94117647058823
DILMA;27.67295597484277;2;42.492917847025495
DILMA;30.73394495412844;2;53.125
DILMA;26.589595375722542;2;45.501285347043705
DILMA;32.82674772036474;2;38.858695652173914
DILMA;26.373626373626372;2;45.25547445255474
DILMA;30.65015479876161;2;50.810810810810814
DILMA;26.486486486486488;2;44.00977995110024
DILMA;39.84375;2;48.63945578231292
DILMA;26.555023923444978;2;45.33622559652928
DILMA;39.583333333333336;2;53.37837837837838
DILMA;26.74897119341564;2;53.77358490566038
DILMA;35.07462686567164;2;54.6242774566474
DILMA;25.280898876404493;2;44.69135802469136
DILMA;26.005361930294907;2;49.16067146282974
DILMA;21.823204419889503;2;49.5260663507109
DILMA;27.565982404692082;2;48.6284289276808
DILMA;30.198019801980198;2;40.26258205689278
DILMA;35.416666666666664;2;45.45454545454545
DILMA;28.32369942196532;2;44.55696202531646
DILMA;31.90661478599222;2;46.52777777777778
DILMA;27.100271002710027;2;43.583535108958834
DILMA;29.156010230179028;2;42.410714285714285
DILMA;34.146341463414636;2;51.41065830721003
DILMA;47.19626168224299;2;55.05226480836237
DILMA;25.333333333333332;2;46.85314685314685
DILMA;25.87719298245614;2;46.81647940074907
DILMA;27.87878787878788;2;45.380434782608695
DILMA;35.01483679525222;2;49.59349593495935
DILMA;24.019607843137255;2;42.73504273504273
DILMA;31.024930747922436;2;44.33497536945813
DILMA;28.136882129277566;2;45.6140350877193
DILMA;29.285714285714285;2;46.51898734177215
DILMA;24.2603550295858;2;45.13715710723192
DILMA;25.475285171102662;2;44.62540716612378
DILMA;27.530364372469634;2;36.60377358490566
DILMA;29.551451187335093;2;49.883449883449885
DILMA;29.62962962962963;2;51.776649746192895
DILMA;31.141868512110726;2;51.632047477744806
DILMA;34.166666666666664;2;47.04545454545455
DILMA;29.281767955801104;2;44.69135802469136
DILMA;44.966442953020135;2;51.80722891566265
DILMA;25.0;2;43.71980676328502
DILMA;28.862973760932945;2;39.84771573604061
DILMA;30.201342281879196;2;53.6388140161725
DILMA;24.48377581120944;2;52.036199095022624
DILMA;32.19178082191781;2;53.73134328358209
DILMA;29.081632653061224;2;44.15584415584416
DILMA;29.855072463768117;2;42.931937172774866
DILMA;26.345609065155806;2;43.7037037037037
DILMA;32.323232323232325;2;41.732283464566926
DILMA;31.802120141342755;2;53.28083989501312
DILMA;45.45454545454545;2;45.36082474226804
DILMA;30.612244897959183;2;37.5
DILMA;26.08695652173913;2;48.167539267015705
DILMA;29.41176470588235;2;38.27160493827161
DILMA;34.95145631067961;2;49.473684210526315
DILMA;33.56643356643357;2;41.46341463414634
DILMA;29.41176470588235;2;48.95104895104895
DILMA;29.347826086956523;2;46.601941747572816
DILMA;28.41823056300268;2;49.469214437367306
DILMA;31.80327868852459;2;47.66839378238342
DILMA;28.306878306878307;2;49.45054945054945
DILMA;35.549872122762146;2;40.1766004415011
DILMA;26.834862385321102;2;43.373493975903614
DILMA;32.914572864321606;2;44.650205761316876
DILMA;24.014336917562723;2;44.03669724770642
DILMA;28.571428571428573;2;45.98393574297189
DILMA;43.15068493150685;2;53.768844221105525
DILMA;31.564245810055866;2;45.34313725490196
DILMA;29.12087912087912;2;40.0
DILMA;26.666666666666668;2;46.85138539042821
DILMA;40.35087719298246;2;47.32824427480916
DILMA;26.548672566371682;2;42.821158690176325
DILMA;25.0;2;44.0
DILMA;37.5;2;55.319148936170215
DILMA;29.017857142857142;2;42.36641221374046
DILMA;30.618892508143322;2;43.850267379679146
DILMA;24.2603550295858;2;38.79093198992443
DILMA;29.380053908355794;2;43.76528117359413
DILMA;40.94488188976378;2;41.104294478527606
DILMA;24.759615384615383;2;46.27766599597585
DILMA;30.923694779116467;2;50.32051282051282
DILMA;25.666666666666668;2;49.87405541561713
DILMA;28.155339805825243;2;50.78125
DILMA;38.26086956521739;2;54.01459854014598
DILMA;26.96629213483146;2;46.794871794871796
DILMA;23.770491803278688;2;45.535714285714285
DILMA;25.0;2;51.181102362204726
DILMA;20.27027027027027;2;43.67816091954023
DILMA;25.0;2;52.63157894736842
DILMA;28.74493927125506;2;53.30882352941177
DILMA;34.49781659388646;2;51.291512915129154
DILMA;32.098765432098766;2;42.63392857142857
DILMA;29.65686274509804;2;43.66812227074236
DILMA;33.014354066985646;2;46.60633484162896
DILMA;30.133333333333333;2;46.875
DILMA;26.73267326732673;2;47.92626728110599
DILMA;28.925619834710744;2;43.27628361858191
DILMA;27.574750830564785;2;46.3768115942029
DILMA;28.571428571428573;2;40.869565217391305
DILMA;30.0;2;46.53179190751445
DILMA;34.21052631578947;2;46.875
DILMA;36.70886075949367;2;54.09252669039146
DILMA;31.645569620253166;2;50.0
DILMA;26.578073089700997;2;46.24277456647399
DILMA;33.521126760563384;2;49.849849849849846
DILMA;33.16831683168317;2;46.32034632034632
DILMA;29.26829268292683;2;40.0
DILMA;32.0;2;52.450980392156865
DILMA;31.9672131147541;2;45.30120481927711
DILMA;36.95652173913044;2;46.34146341463415
DILMA;23.391812865497077;2;49.21465968586387
DILMA;32.098765432098766;2;50.810810810810814
DILMA;30.99173553719008;2;50.36764705882353
DILMA;32.01320132013201;2;49.193548387096776
DILMA;33.64779874213836;2;46.236559139784944
DILMA;36.148648648648646;2;53.005464480874316
DILMA;29.207920792079207;2;49.714285714285715
DILMA;29.959514170040485;2;48.55072463768116
DILMA;34.25196850393701;2;46.83098591549296
DILMA;36.60377358490566;2;43.91891891891892
DILMA;31.349206349206348;2;46.64310954063604
DILMA;31.753554502369667;2;56.83453237410072
DILMA;30.76923076923077;2;46.73913043478261
DILMA;27.696793002915452;2;48.25
DILMA;23.59882005899705;2;46.25
DILMA;23.142857142857142;2;40.75
DILMA;34.25076452599389;2;48.34254143646409
DILMA;36.05263157894737;2;49.88235294117647
DILMA;32.08020050125313;2;43.294117647058826
DILMA;31.13456464379947;2;45.45454545454545
DILMA;26.524390243902438;2;44.77211796246649
DILMA;32.68156424581006;2;44.44444444444444
DILMA;25.61307901907357;2;50.24390243902439
DILMA;33.333333333333336;2;52.61194029850746
DILMA;26.182965299684543;2;50.0
DILMA;32.075471698113205;2;48.25174825174825
DILMA;27.81954887218045;2;52.348993288590606
DILMA;27.43682310469314;2;46.22950819672131
DILMA;29.921259842519685;2;48.38709677419355
DILMA;23.015873015873016;2;48.39857651245551
DILMA;36.87707641196013;2;48.95522388059702
DILMA;32.78145695364238;2;43.895348837209305
DILMA;33.798882681564244;2;45.340050377833755
DILMA;30.666666666666668;2;50.887573964497044
DILMA;24.299065420560748;2;51.301115241635685
DILMA;34.72222222222222;2;52.293577981651374
DILMA;31.899641577060933;2;50.31055900621118
DILMA;30.612244897959183;2;46.03658536585366
DILMA;30.508474576271187;2;45.61933534743203
DILMA;24.22145328719723;2;49.843260188087775
DILMA;45.018450184501845;2;51.41065830721003
DILMA;29.971988795518207;2;46.246973365617436
DILMA;27.894736842105264;2;48.214285714285715
DILMA;30.27027027027027;2;51.339285714285715
DILMA;24.427480916030536;2;47.072072072072075
DILMA;38.285714285714285;2;53.84615384615385
DILMA;32.24932249322493;2;44.306930693069305
DILMA;29.30591259640103;2;46.48910411622276
DILMA;28.994082840236686;2;49.3368700265252
DILMA;30.76923076923077;2;40.54726368159204
DILMA;28.611898016997166;2;48.888888888888886
DILMA;27.170868347338935;2;50.36144578313253
DILMA;28.30188679245283;2;46.388888888888886
DILMA;27.86377708978328;2;45.78651685393258
DILMA;30.113636363636363;2;51.07398568019093
DILMA;34.91620111731844;2;48.2837528604119
