EYMAEL;0.5102040816326531;2;48.82629107981221
EYMAEL;0.44642857142857145;2;52.30125523012552
EYMAEL;0.32051282051282054;2;44.05797101449275
EYMAEL;0.36496350364963503;2;44.554455445544555
EYMAEL;0.49019607843137253;2;48.90829694323144
EYMAEL;0.4854368932038835;2;53.94736842105263
EYMAEL;0.3401360544217687;2;55.55555555555556
EYMAEL;1.0416666666666667;2;47.51131221719457
EYMAEL;0.2597402597402597;2;46.741573033707866
EYMAEL;0.2801120448179272;2;45.7286432160804
EYMAEL;0.3003003003003003;2;49.21465968586387
EYMAEL;0.3058103975535168;2;41.514360313315926
EYMAEL;0.2506265664160401;2;46.34146341463415
EYMAEL;0.29850746268656714;2;42.480211081794195
EYMAEL;0.2976190476190476;2;39.10614525139665
EYMAEL;0.2680965147453083;2;41.935483870967744
EYMAEL;0.2403846153846154;2;49.35064935064935
EYMAEL;1.0101010101010102;2;50.0
EYMAEL;0.6211180124223602;2;48.29545454545455
EYMAEL;0.28653295128939826;2;43.08093994778068
EYMAEL;0.2717391304347826;2;48.18181818181818
EYMAEL;0.547945205479452;2;41.19106699751861
EYMAEL;0.2597402597402597;2;48.873873873873876
EYMAEL;0.26109660574412535;2;48.4304932735426
EYMAEL;0.303951367781155;2;44.32432432432432
EYMAEL;0.30864197530864196;2;46.02739726027397
EYMAEL;0.32679738562091504;2;50.43731778425656
EYMAEL;0.29411764705882354;2;51.01010101010101
EYMAEL;0.2557544757033248;2;48.05491990846682
EYMAEL;0.5780346820809249;2;52.94117647058823
EYMAEL;0.3115264797507788;2;46.13333333333333
EYMAEL;0.5617977528089888;2;47.62979683972912
EYMAEL;0.2702702702702703;2;44.49877750611247
EYMAEL;0.2785515320334262;2;48.17351598173516
EYMAEL;0.42735042735042733;2;43.25396825396825
EYMAEL;0.5797101449275363;2;47.916666666666664
EYMAEL;0.2695417789757412;2;47.07112970711297
EYMAEL;0.38461538461538464;2;52.7972027972028
EYMAEL;0.26666666666666666;2;43.566591422121896
EYMAEL;0.9523809523809523;2;36.52173913043478
EYMAEL;0.24509803921568626;2;47.99196787148595
EYMAEL;0.5076142131979695;2;51.36186770428016
EYMAEL;0.3831417624521073;2;50.306748466257666
EYMAEL;0.3076923076923077;2;47.05882352941177
EYMAEL;0.4854368932038835;2;55.172413793103445
EYMAEL;0.3508771929824561;2;46.835443037974684
EYMAEL;0.45248868778280543;2;47.5609756097561
EYMAEL;0.5952380952380952;2;50.78534031413613
EYMAEL;0.546448087431694;2;43.1924882629108
EYMAEL;0.36900369003690037;2;56.52173913043478
EYMAEL;0.28328611898017;2;42.3469387755102
EYMAEL;0.2949852507374631;2;44.29347826086956
EYMAEL;0.6329113924050633;2;48.06629834254144
EYMAEL;0.6756756756756757;2;47.30538922155689
EYMAEL;0.2506265664160401;2;43.37078651685393
EYMAEL;0.3412969283276451;2;49.421965317919074
EYMAEL;0.5952380952380952;2;50.45454545454545
EYMAEL;0.6042296072507553;2;50.69637883008357
EYMAEL;0.2898550724637681;2;47.66839378238342
EYMAEL;0.37174721189591076;2;48.24561403508772
EYMAEL;0.3067484662576687;2;51.94444444444444
EYMAEL;0.3333333333333333;2;58.70786516853933
EYMAEL;0.2770083102493075;2;44.41624365482234
EYMAEL;0.2544529262086514;2;40.04524886877828
EYMAEL;0.33557046979865773;2;48.97959183673469
EYMAEL;0.5434782608695652;2;48.78048780487805
EYMAEL;0.5167958656330749;2;41.666666666666664
EYMAEL;0.4032258064516129;2;54.57516339869281
EYMAEL;0.31446540880503143;2;44.0
EYMAEL;0.2840909090909091;2;44.87179487179487
EYMAEL;0.2849002849002849;2;42.11886304909561
EYMAEL;2.1739130434782608;2;98.64864864864865
EYMAEL;0.27548209366391185;2;45.36082474226804
EYMAEL;0.37453183520599254;2;51.757188498402556
EYMAEL;0.26595744680851063;2;40.090090090090094
EYMAEL;0.273972602739726;2;49.27536231884058
EYMAEL;0.4830917874396135;2;42.016806722689076
EYMAEL;0.6802721088435374;2;45.81005586592179
EYMAEL;0.3105590062111801;2;44.7887323943662
EYMAEL;0.3225806451612903;2;48.554913294797686
EYMAEL;1.075268817204301;2;45.27363184079602
EYMAEL;0.31347962382445144;2;50.67385444743935
EYMAEL;0.2949852507374631;2;41.62303664921466
EYMAEL;0.26666666666666666;2;47.906976744186046
EYMAEL;0.425531914893617;2;47.148288973384034
EYMAEL;0.546448087431694;2;45.27363184079602
EYMAEL;0.30959752321981426;2;45.938375350140056
EYMAEL;0.26737967914438504;2;41.333333333333336
EYMAEL;0.2849002849002849;2;44.96314496314496
EYMAEL;0.2724795640326976;2;47.174447174447174
EYMAEL;0.2604166666666667;2;40.22222222222222
EYMAEL;0.6269592476489029;2;50.0
EYMAEL;0.30959752321981426;2;54.67032967032967
EYMAEL;0.25773195876288657;2;46.91943127962085
EYMAEL;0.25125628140703515;2;46.62162162162162
EYMAEL;0.24630541871921183;2;40.848214285714285
EYMAEL;0.27100271002710025;2;44.801980198019805
EYMAEL;0.4329004329004329;2;57.08502024291498
EYMAEL;0.4716981132075472;2;49.4661921708185
EYMAEL;0.38022813688212925;2;51.4367816091954
EYMAEL;0.35714285714285715;2;46.59400544959128
EYMAEL;0.5649717514124294;2;54.39330543933055
EYMAEL;0.32786885245901637;2;48.994974874371856
EYMAEL;0.4830917874396135;2;42.25352112676056
EYMAEL;0.3937007874015748;2;52.03761755485893
EYMAEL;0.42735042735042733;2;46.644295302013425
EYMAEL;5.555555555555555;2;96.15384615384616
EYMAEL;0.6493506493506493;2;54.67289719626168
EYMAEL;0.7874015748031497;2;50.253807106598984
EYMAEL;0.6993006993006993;2;51.0
EYMAEL;0.42735042735042733;2;48.07121661721068
EYMAEL;0.6289308176100629;2;60.456273764258555
EYMAEL;0.3215434083601286;2;53.43511450381679
EYMAEL;0.4716981132075472;2;47.26027397260274
EYMAEL;0.36900369003690037;2;45.205479452054796
EYMAEL;0.591715976331361;2;48.607594936708864
EYMAEL;0.847457627118644;2;48.42767295597484
EYMAEL;0.4807692307692308;2;53.28947368421053
EYMAEL;0.3367003367003367;2;49.13793103448276
EYMAEL;0.4166666666666667;2;41.00946372239748
EYMAEL;0.40816326530612246;2;47.89156626506024
EYMAEL;0.38461538461538464;2;46.58753709198813
EYMAEL;0.40160642570281124;2;56.83646112600536
EYMAEL;0.3225806451612903;2;43.442622950819676
EYMAEL;0.625;2;49.6551724137931
EYMAEL;0.3389830508474576;2;47.53623188405797
EYMAEL;0.4784688995215311;2;49.35897435897436
EYMAEL;0.4878048780487805;2;51.590106007067135
EYMAEL;0.6211180124223602;2;41.951219512195124
EYMAEL;0.46296296296296297;2;47.70318021201413
EYMAEL;0.5208333333333334;2;51.492537313432834
EYMAEL;0.41841004184100417;2;57.05521472392638
EYMAEL;0.42016806722689076;2;53.65079365079365
EYMAEL;0.3816793893129771;2;49.4661921708185
EYMAEL;0.5617977528089888;2;52.67175572519084
EYMAEL;0.8810572687224669;2;54.10958904109589
EYMAEL;0.4784688995215311;2;56.890459363957596
EYMAEL;0.4608294930875576;2;59.79381443298969
EYMAEL;0.5102040816326531;2;49.6124031007752
EYMAEL;0.5524861878453039;2;44.39655172413793
EYMAEL;0.5681818181818182;2;59.05511811023622
EYMAEL;1.2345679012345678;2;57.65765765765766
EYMAEL;0.5291005291005291;2;54.32098765432099
EYMAEL;1.0526315789473684;2;48.72727272727273
EYMAEL;1.8404907975460123;2;51.64319248826291
EYMAEL;0.6211180124223602;2;58.02469135802469
EYMAEL;0.6944444444444444;2;54.5945945945946
EYMAEL;0.7518796992481203;2;54.861111111111114
EYMAEL;0.37593984962406013;2;47.53623188405797
EYMAEL;0.3472222222222222;2;55.82010582010582
EYMAEL;0.32051282051282054;2;50.77319587628866
EYMAEL;0.35842293906810035;2;56.231884057971016
EYMAEL;0.3861003861003861;2;52.046783625730995
EYMAEL;0.37037037037037035;2;50.2906976744186
EYMAEL;0.32679738562091504;2;51.733333333333334
EYMAEL;0.4444444444444444;2;55.86206896551724
EYMAEL;0.33557046979865773;2;51.8041237113402
EYMAEL;0.33783783783783783;2;45.08196721311475
EYMAEL;0.3460207612456747;2;48.63387978142077
EYMAEL;0.35714285714285715;2;45.88235294117647
EYMAEL;0.36496350364963503;2;50.43478260869565
EYMAEL;0.546448087431694;2;49.523809523809526
EYMAEL;0.3460207612456747;2;51.45348837209303
EYMAEL;0.7092198581560284;2;47.94117647058823
EYMAEL;0.3367003367003367;2;46.26038781163435
EYMAEL;0.3663003663003663;2;46.62921348314607
EYMAEL;0.49504950495049505;2;44.905660377358494
EYMAEL;0.5780346820809249;2;58.94736842105263
EYMAEL;0.4830917874396135;2;54.09252669039146
EYMAEL;0.5128205128205128;2;50.3875968992248
EYMAEL;0.4484304932735426;2;45.80419580419581
EYMAEL;0.6410256410256411;2;50.67567567567568
EYMAEL;0.37174721189591076;2;52.259887005649716
EYMAEL;0.4424778761061947;2;56.013745704467354
EYMAEL;0.36764705882352944;2;50.56818181818182
EYMAEL;0.3968253968253968;2;47.41641337386018
EYMAEL;1.1764705882352942;2;48.0565371024735
EYMAEL;0.3597122302158273;2;49.852507374631266
EYMAEL;0.3952569169960474;2;52.64900662251656
EYMAEL;0.38910505836575876;2;47.740112994350284
EYMAEL;0.33112582781456956;2;52.30769230769231
EYMAEL;0.36900369003690037;2;48.795180722891565
EYMAEL;0.2808988764044944;2;56.58682634730539
EYMAEL;0.5952380952380952;2;43.627450980392155
EYMAEL;0.4166666666666667;2;53.291536050156736
EYMAEL;0.3952569169960474;2;50.814332247557005
EYMAEL;0.6289308176100629;2;49.77777777777778
EYMAEL;1.5625;2;60.273972602739725
EYMAEL;0.41841004184100417;2;47.07903780068729
EYMAEL;0.4854368932038835;2;55.78947368421053
EYMAEL;0.4484304932735426;2;54.90909090909091
EYMAEL;1.1976047904191616;2;52.97029702970297
EYMAEL;0.8097165991902834;2;55.319148936170215
EYMAEL;0.4149377593360996;2;50.0
EYMAEL;0.45454545454545453;2;60.07194244604317
EYMAEL;0.4132231404958678;2;51.533742331288344
EYMAEL;0.3115264797507788;2;58.032786885245905
EYMAEL;0.5617977528089888;2;51.94805194805195
EYMAEL;0.5128205128205128;2;51.666666666666664
EYMAEL;0.273224043715847;2;55.29953917050691
EYMAEL;0.26666666666666666;2;45.18518518518518
EYMAEL;0.27624309392265195;2;47.73869346733668
EYMAEL;0.2544529262086514;2;40.21739130434783
EYMAEL;0.33112582781456956;2;52.395209580838326
EYMAEL;0.3115264797507788;2;47.091412742382275
EYMAEL;0.3225806451612903;2;48.87640449438202
EYMAEL;0.3115264797507788;2;42.547425474254744
EYMAEL;0.26246719160104987;2;51.68269230769231
EYMAEL;0.2604166666666667;2;41.68674698795181
EYMAEL;0.30303030303030304;2;46.239554317548745
EYMAEL;0.5347593582887701;2;46.73123486682809
EYMAEL;0.2518891687657431;2;37.16216216216216
EYMAEL;0.2695417789757412;2;47.63092269326683
EYMAEL;0.26455026455026454;2;48.77450980392157
EYMAEL;0.7662835249042146;2;51.3986013986014
EYMAEL;0.2777777777777778;2;50.51282051282051
EYMAEL;0.2770083102493075;2;46.07843137254902
EYMAEL;0.5602240896358543;2;45.7286432160804
EYMAEL;0.4132231404958678;2;48.49624060150376
EYMAEL;0.2557544757033248;2;42.281879194630875
EYMAEL;0.31545741324921134;2;42.492917847025495
EYMAEL;0.27472527472527475;2;45.501285347043705
EYMAEL;0.5988023952095808;2;38.858695652173914
EYMAEL;0.26595744680851063;2;45.25547445255474
EYMAEL;0.7518796992481203;2;51.41065830721003
EYMAEL;0.8438818565400844;2;55.05226480836237
EYMAEL;0.27624309392265195;2;44.33497536945813
EYMAEL;0.3816793893129771;2;45.6140350877193
EYMAEL;0.26246719160104987;2;49.883449883449885
EYMAEL;0.2717391304347826;2;52.036199095022624
EYMAEL;0.2702702702702703;2;43.7037037037037
EYMAEL;0.5617977528089888;2;38.27160493827161
EYMAEL;0.2717391304347826;2;46.601941747572816
EYMAEL;0.2331002331002331;2;43.373493975903614
EYMAEL;0.25380710659898476;2;44.650205761316876
EYMAEL;0.2824858757062147;2;38.79093198992443
EYMAEL;0.2680965147453083;2;43.76528117359413
EYMAEL;0.2386634844868735;2;46.27766599597585
EYMAEL;0.3875968992248062;2;50.32051282051282
EYMAEL;0.25252525252525254;2;42.63392857142857
EYMAEL;0.25125628140703515;2;43.66812227074236
EYMAEL;0.33444816053511706;2;40.869565217391305
EYMAEL;0.5305039787798409;2;46.34146341463415
EYMAEL;0.5882352941176471;2;50.810810810810814
EYMAEL;0.6309148264984227;2;46.236559139784944
EYMAEL;0.29673590504451036;2;48.34254143646409
EYMAEL;0.4716981132075472;2;52.61194029850746
EYMAEL;0.3472222222222222;2;51.41065830721003
EYMAEL;0.24691358024691357;2;47.072072072072075
EYMAEL;0.273972602739726;2;50.36144578313253
