4;24;174
6;35;143
10;168;370
5;81;28
7;76;110
4;134;116
1;205;157
1;513;19
8;211;8
1;511;20
9;227;35
10;247;16
4;109;126
8;42;160
7;65;167
2;40;49
9;267;73
2;42;49
9;236;41
2;48;49
9;50;143
8;178;96
8;127;359
8;206;1
5;102;90
7;56;99
9;272;108
4;15;135
1;188;125
2;57;41
1;429;173
4;19;137
8;130;259
1;34;171
4;53;133
8;183;144
8;215;2
10;227;5
2;44;31
5;87;50
4;4;108
10;256;77
2;60;53
7;61;85
8;192;15
8;141;143
9;225;28
1;14;182
4;99;162
9;285;32
10;263;2
8;189;8
4;200;139
9;153;200
10;250;62
5;92;133
10;245;32
5;89;106
2;62;48
5;58;182
9;270;76
7;63;115
4;118;129
2;39;97
2;53;106
3;106;145
4;264;107
8;176;139
1;12;144
9;250;189
1;326;103
1;43;184
5;96;109
4;107;131
1;41;157
1;32;157
10;261;67
5;113;77
2;59;15
7;74;114
5;85;52
5;100;135
9;164;204
6;121;104
8;92;293
5;114;98
8;186;143
1;44;129
4;186;92
9;275;8
7;75;89
4;23;146
4;249;104
5;97;57
9;271;15
2;54;103
8;104;315
6;119;82
9;156;72
2;52;175
4;117;141
8;175;70
7;82;134
1;169;104
7;77;27
8;144;86
8;184;85
3;105;175
8;188;158
10;198;15
4;54;107
8;139;229
10;260;50
9;286;18
10;237;150
4;128;107
4;133;80
1;192;188
10;86;381
10;206;100
4;72;96
5;99;21
8;197;7
4;36;121
5;86;22
2;38;67
2;49;53
4;122;185
2;58;54
8;210;24
6;23;143
1;11;137
4;16;143
7;60;167
4;5;120
4;1;147
8;203;87
1;13;167
8;205;43
1;31;187
8;207;11
1;39;187
5;93;61
2;61;63
2;43;17
10;259;218
4;18;145
1;194;172
4;331;75
5;107;2
1;149;120
9;284;69
8;87;147
8;201;95
1;204;161
2;47;80
8;209;52
10;99;193
2;56;53
10;248;9
6;58;134
9;240;73
10;231;40
7;66;82
4;98;148
1;147;117
4;81;93
5;35;267
