DILMA;25.510204081632654;2;0.9389671361502347
DILMA;19.196428571428573;2;0.41841004184100417
DILMA;20.833333333333332;2;0.8695652173913043
DILMA;20.063694267515924;2;0.5730659025787965
DILMA;17.171717171717173;2;1.3953488372093024
DILMA;21.558441558441558;2;2.8846153846153846
DILMA;16.75392670157068;2;2.18978102189781
DILMA;19.047619047619047;2;1.1450381679389312
DILMA;26.495726495726494;2;0.7547169811320755
DILMA;18.42105263157895;2;0.4694835680751174
DILMA;22.362869198312236;2;0.7407407407407407
DILMA;13.503649635036496;2;0.6600660066006601
DILMA;17.098445595854923;2;0.9433962264150944
DILMA;24.15730337078652;2;1.492537313432836
DILMA;17.41741741741742;2;1.0416666666666667
DILMA;17.333333333333332;2;1.3636363636363635
DILMA;14.347826086956522;2;1.2096774193548387
DILMA;25.980392156862745;2;0.8733624454148472
DILMA;27.027027027027028;2;0.4166666666666667
DILMA;17.435897435897434;2;3.9260969976905313
DILMA;20.408163265306122;2;4.128440366972477
DILMA;16.071428571428573;2;2.0642201834862384
DILMA;20.388349514563107;2;0.43859649122807015
DILMA;18.613138686131386;2;1.9867549668874172
DILMA;16.883116883116884;2;0.8875739644970414
DILMA;20.574162679425836;2;1.3574660633484164
DILMA;24.770642201834864;2;0.5235602094240838
DILMA;28.91156462585034;2;1.7543859649122806
DILMA;22.916666666666668;2;1.3574660633484164
DILMA;17.933130699088146;2;0.5376344086021505
DILMA;17.934782608695652;2;1.5873015873015872
DILMA;19.672131147540984;2;0.9118541033434651
DILMA;21.51394422310757;2;0.36900369003690037
DILMA;14.423076923076923;2;1.345291479820628
DILMA;21.066666666666666;2;0.9280742459396751
DILMA;24.415584415584416;2;2.696629213483146
DILMA;17.008797653958943;2;1.0526315789473684
DILMA;16.095890410958905;2;1.4450867052023122
DILMA;17.22689075630252;2;4.577464788732394
DILMA;17.131474103585656;2;0.7352941176470589
DILMA;16.145833333333332;2;0.4807692307692308
DILMA;19.877675840978593;2;1.0443864229765014
DILMA;17.12707182320442;2;0.5291005291005291
DILMA;20.975609756097562;2;0.4608294930875576
DILMA;21.55388471177945;2;1.3303769401330376
DILMA;19.895287958115183;2;1.4018691588785046
DILMA;21.18380062305296;2;1.1764705882352942
DILMA;18.507462686567163;2;0.7915567282321899
DILMA;14.423076923076923;2;0.8695652173913043
DILMA;20.72829131652661;2;0.9900990099009901
DILMA;21.13095238095238;2;1.1173184357541899
DILMA;18.13953488372093;2;2.1645021645021645
DILMA;12.600536193029491;2;3.9170506912442398
DILMA;21.818181818181817;2;1.4326647564469914
DILMA;22.3433242506812;2;0.9259259259259259
DILMA;19.81566820276498;2;0.8547008547008547
DILMA;20.39660056657224;2;2.272727272727273
DILMA;22.083333333333332;2;0.3937007874015748
DILMA;23.497267759562842;2;0.9411764705882353
DILMA;18.34061135371179;2;0.4
DILMA;23.206751054852322;2;0.7407407407407407
DILMA;14.537444933920705;2;1.2295081967213115
DILMA;22.83653846153846;2;1.7316017316017316
DILMA;19.93127147766323;2;1.1627906976744187
DILMA;19.714285714285715;2;0.5102040816326531
DILMA;13.454545454545455;2;1.0033444816053512
DILMA;18.99441340782123;2;1.9704433497536946
DILMA;16.161616161616163;2;1.7751479289940828
DILMA;15.929203539823009;2;1.214574898785425
DILMA;18.617021276595743;2;0.4878048780487805
DILMA;16.955017301038062;2;0.5830903790087464
DILMA;19.672131147540984;2;1.4705882352941178
DILMA;24.86631016042781;2;2.727272727272727
DILMA;20.218579234972676;2;1.8018018018018018
DILMA;16.402116402116402;2;1.5909090909090908
DILMA;17.21518987341772;2;1.7621145374449338
DILMA;19.25;2;1.3333333333333333
DILMA;17.70186335403727;2;0.8522727272727273
DILMA;16.091954022988507;2;2.5641025641025643
DILMA;19.74921630094044;2;0.5714285714285714
DILMA;13.526570048309178;2;2.2123893805309733
DILMA;18.911174785100286;2;1.0443864229765014
DILMA;16.886543535620053;2;1.6241299303944317
DILMA;21.631205673758867;2;2.5
DILMA;22.71386430678466;2;2.37467018469657
DILMA;28.26086956521739;2;0.45454545454545453
DILMA;15.53133514986376;2;2.5114155251141552
DILMA;16.50793650793651;2;0.8264462809917356
DILMA;20.0;2;0.49627791563275436
DILMA;17.36842105263158;2;1.1210762331838564
DILMA;14.864864864864865;2;1.5873015873015872
DILMA;16.034985422740526;2;1.0389610389610389
DILMA;18.681318681318682;2;4.72636815920398
DILMA;21.11111111111111;2;5.882352941176471
DILMA;15.856777493606138;2;1.1013215859030836
DILMA;30.346820809248555;2;0.26666666666666666
DILMA;15.584415584415584;2;0.9009009009009009
DILMA;15.492957746478874;2;0.25906735751295334
DILMA;19.261213720316622;2;1.3392857142857142
DILMA;13.577023498694517;2;1.5695067264573992
DILMA;14.24731182795699;2;2.522935779816514
DILMA;18.351063829787233;2;1.3953488372093024
DILMA;16.129032258064516;2;1.3636363636363635
DILMA;29.081632653061224;2;0.44052863436123346
DILMA;19.756838905775076;2;0.5405405405405406
DILMA;15.601023017902813;2;1.8058690744920993
DILMA;17.251461988304094;2;0.78125
DILMA;23.14814814814815;2;1.36986301369863
DILMA;22.53968253968254;2;2.030456852791878
DILMA;32.20338983050848;2;0.6493506493506493
DILMA;18.627450980392158;2;0.2915451895043732
DILMA;22.352941176470587;2;3.5353535353535355
DILMA;17.91530944625407;2;1.7241379310344827
DILMA;21.717171717171716;2;1.7391304347826086
DILMA;12.565445026178011;2;0.683371298405467
DILMA;24.345549738219894;2;1.7897091722595078
DILMA;16.554054054054053;2;1.5015015015015014
DILMA;21.31979695431472;2;0.6535947712418301
DILMA;16.623376623376622;2;2.237136465324385
DILMA;15.856777493606138;2;0.6864988558352403
DILMA;17.933130699088146;2;4.092071611253197
DILMA;17.105263157894736;2;0.89086859688196
DILMA;14.790996784565916;2;0.8498583569405099
DILMA;20.157068062827225;2;0.6741573033707865
DILMA;32.947976878612714;2;0.9803921568627451
DILMA;18.068535825545172;2;0.8
DILMA;17.662337662337663;2;0.89086859688196
DILMA;16.853932584269664;2;0.6772009029345373
DILMA;17.56756756756757;2;0.9779951100244498
DILMA;16.778523489932887;2;2.6470588235294117
DILMA;15.877437325905293;2;0.91324200913242
DILMA;10.909090909090908;2;0.6681514476614699
DILMA;16.56441717791411;2;2.094240837696335
DILMA;16.358839050131927;2;1.797752808988764
DILMA;20.0;2;2.5641025641025643
DILMA;20.54054054054054;2;0.9280742459396751
DILMA;28.83211678832117;2;4.761904761904762
DILMA;25.55205047318612;2;2.9023746701846966
DILMA;16.822429906542055;2;1.9553072625698324
DILMA;21.329639889196677;2;2.5056947608200457
DILMA;18.674698795180724;2;2.7989821882951653
DILMA;21.05263157894737;2;2.0134228187919465
DILMA;17.94871794871795;2;2.7777777777777777
DILMA;21.0727969348659;2;3.508771929824561
DILMA;21.73913043478261;2;0.5208333333333334
DILMA;22.10242587601078;2;2.719665271966527
DILMA;20.66115702479339;2;3.8004750593824226
DILMA;20.30075187969925;2;3.0120481927710845
DILMA;22.392638036809817;2;3.282828282828283
DILMA;18.932038834951456;2;3.7037037037037037
DILMA;14.245014245014245;2;2.0
DILMA;17.757009345794394;2;5.0359712230215825
DILMA;19.014084507042252;2;3.0181086519114686
DILMA;20.384615384615383;2;4.195804195804196
DILMA;19.911504424778762;2;0.819672131147541
DILMA;22.857142857142858;2;5.298013245033113
DILMA;17.066666666666666;2;4.966139954853273
DILMA;15.894039735099337;2;3.0120481927710845
DILMA;20.597014925373134;2;4.973821989528796
DILMA;23.80952380952381;2;2.608695652173913
DILMA;16.176470588235293;2;3.21285140562249
DILMA;19.047619047619047;2;4.637096774193548
DILMA;22.84263959390863;2;5.447470817120623
DILMA;15.267175572519085;2;5.0
DILMA;19.157088122605366;2;5.214723926380368
DILMA;18.385650224215247;2;2.0491803278688523
DILMA;15.596330275229358;2;4.761904761904762
DILMA;16.666666666666668;2;6.976744186046512
DILMA;16.53543307086614;2;4.09556313993174
DILMA;20.14388489208633;2;1.9230769230769231
DILMA;23.529411764705884;2;1.2944983818770226
DILMA;20.714285714285715;2;0.3194888178913738
DILMA;20.072992700729927;2;1.607717041800643
DILMA;16.990291262135923;2;1.293103448275862
DILMA;22.105263157894736;2;0.6329113924050633
DILMA;21.717171717171716;2;0.2247191011235955
DILMA;16.071428571428573;2;2.127659574468085
DILMA;19.90950226244344;2;0.8130081300813008
DILMA;18.226600985221676;2;0.4424778761061947
DILMA;16.666666666666668;2;3.8732394366197185
DILMA;19.047619047619047;2;3.4031413612565444
DILMA;16.207951070336392;2;2.1798365122615806
DILMA;15.223880597014926;2;2.6246719160104988
DILMA;21.533923303834808;2;1.75
DILMA;19.213973799126638;2;1.556420233463035
DILMA;26.08695652173913;2;0.7905138339920948
DILMA;22.594142259414227;2;1.1583011583011582
DILMA;21.02803738317757;2;1.702127659574468
DILMA;18.4;2;0.7299270072992701
DILMA;42.435424354243544;2;0.5434782608695652
DILMA;27.868852459016395;2;1.345291479820628
DILMA;16.939890710382514;2;0.5025125628140703
DILMA;17.97752808988764;2;1.5
DILMA;17.679558011049725;2;1.5789473684210527
DILMA;17.587939698492463;2;1.5789473684210527
DILMA;15.044247787610619;2;1.0869565217391304
DILMA;12.852664576802507;2;1.1396011396011396
DILMA;16.614420062695924;2;2.5069637883008355
DILMA;15.819209039548022;2;1.0554089709762533
DILMA;32.234432234432234;2;0.2898550724637681
DILMA;14.5;2;1.5695067264573992
DILMA;12.0;2;1.6042780748663101
DILMA;46.236559139784944;2;1.5197568389057752
DILMA;27.531645569620252;2;1.6574585635359116
DILMA;18.045112781954888;2;0.449438202247191
DILMA;15.71072319201995;2;0.672645739910314
DILMA;14.855072463768115;2;3.2051282051282053
DILMA;14.603174603174603;2;0.5830903790087464
DILMA;10.526315789473685;2;2.3696682464454977
DILMA;23.61516034985423;2;2.030456852791878
DILMA;16.120906801007557;2;0.44543429844098
DILMA;47.766323024054984;2;0.546448087431694
DILMA;11.046511627906977;2;0.5405405405405406
DILMA;12.844036697247706;2;1.9444444444444444
DILMA;28.859060402684563;2;0.6097560975609756
DILMA;36.22047244094488;2;0.6472491909385113
DILMA;10.606060606060606;2;0.5633802816901409
DILMA;11.910669975186105;2;1.7738359201773837
DILMA;17.478510028653297;2;0.7556675062972292
DILMA;12.181303116147308;2;1.3550135501355014
DILMA;9.480122324159021;2;0.554016620498615
DILMA;16.91842900302115;2;1.9498607242339834
DILMA;66.53543307086615;2;0.3389830508474576
DILMA;14.137931034482758;2;0.6389776357827476
DILMA;12.647058823529411;2;1.876675603217158
DILMA;13.10344827586207;2;1.2820512820512822
DILMA;16.70886075949367;2;2.2675736961451247
DILMA;19.71014492753623;2;1.272264631043257
DILMA;25.668449197860962;2;1.82648401826484
DILMA;15.652173913043478;2;1.0362694300518134
DILMA;17.647058823529413;2;2.7918781725888326
DILMA;12.864077669902912;2;2.242152466367713
DILMA;9.06515580736544;2;0.7853403141361257
DILMA;13.333333333333334;2;1.3245033112582782
DILMA;13.178294573643411;2;0.6756756756756757
DILMA;29.36802973977695;2;0.5847953216374269
DILMA;13.135593220338983;2;1.556420233463035
DILMA;16.615384615384617;2;0.8426966292134831
DILMA;12.27621483375959;2;1.8561484918793503
DILMA;13.128491620111731;2;0.5102040816326531
DILMA;20.858895705521473;2;0.5555555555555556
DILMA;10.199004975124378;2;1.3215859030837005
DILMA;40.51094890510949;2;3.0395136778115504
DILMA;10.662824207492795;2;1.7994858611825193
DILMA;14.661654135338345;2;0.6711409395973155
DILMA;29.807692307692307;2;1.3888888888888888
DILMA;18.823529411764707;2;0.7575757575757576
DILMA;10.526315789473685;2;1.7766497461928934
DILMA;14.540816326530612;2;2.2522522522522523
DILMA;15.776081424936386;2;0.9049773755656109
DILMA;14.857142857142858;2;2.051282051282051
DILMA;11.073825503355705;2;0.8746355685131195
DILMA;13.506493506493506;2;1.797752808988764
DILMA;17.934782608695652;2;0.4878048780487805
DILMA;11.042944785276074;2;0.8310249307479224
DILMA;16.38888888888889;2;0.7614213197969543
DILMA;13.170731707317072;2;1.1261261261261262
DILMA;17.45562130177515;2;0.27548209366391185
DILMA;21.188630490956072;2;1.5765765765765767
DILMA;10.429447852760736;2;0.5434782608695652
DILMA;10.204081632653061;2;2.0725388601036268
DILMA;13.300492610837438;2;1.3605442176870748
DILMA;35.483870967741936;2;0.6535947712418301
DILMA;15.217391304347826;2;0.6607929515418502
DILMA;15.168539325842696;2;0.5050505050505051
DILMA;21.119592875318066;2;0.44742729306487694
DILMA;12.280701754385966;2;1.1682242990654206
DILMA;13.28125;2;1.3333333333333333
DILMA;16.86046511627907;2;1.0204081632653061
DILMA;18.289085545722713;2;0.2564102564102564
DILMA;12.436548223350254;2;1.5695067264573992
DILMA;11.029411764705882;2;1.6835016835016836
DILMA;15.895953757225433;2;2.0725388601036268
DILMA;21.03448275862069;2;1.597444089456869
DILMA;10.909090909090908;2;0.8086253369272237
DILMA;17.404129793510325;2;0.7936507936507936
DILMA;14.110429447852761;2;0.8241758241758241
DILMA;29.15129151291513;2;2.0348837209302326
DILMA;14.779874213836479;2;0.8
DILMA;18.91025641025641;2;0.5899705014749262
DILMA;12.222222222222221;2;1.4705882352941178
DILMA;16.164383561643834;2;0.24630541871921183
DILMA;25.0;2;3.314917127071823
DILMA;17.045454545454547;2;1.0256410256410255
DILMA;13.399503722084367;2;1.7738359201773837
DILMA;14.534883720930232;2;2.094240837696335
DILMA;17.59776536312849;2;1.550387596899225
DILMA;13.105413105413106;2;1.550387596899225
DILMA;11.733333333333333;2;0.26455026455026454
DILMA;19.29824561403509;2;21.333333333333332
DILMA;13.846153846153847;2;0.8403361344537815
DILMA;13.043478260869565;2;25.675675675675677
DILMA;13.274336283185841;2;2.638522427440633
DILMA;14.325068870523417;2;1.0309278350515463
DILMA;13.68421052631579;2;3.7383177570093458
DILMA;14.759036144578314;2;2.816901408450704
DILMA;12.776412776412776;2;2.460850111856823
DILMA;13.194444444444445;2;4.242424242424242
DILMA;17.58957654723127;2;2.1739130434782608
DILMA;34.48275862068966;2;1.2084592145015105
DILMA;19.148936170212767;2;2.7842227378190256
DILMA;32.95880149812734;2;5.431309904153355
DILMA;20.05730659025788;2;2.4630541871921183
DILMA;18.03713527851459;2;3.4482758620689653
DILMA;14.838709677419354;2;1.2012012012012012
DILMA;16.31419939577039;2;1.897018970189702
DILMA;14.882506527415144;2;2.6726057906458798
DILMA;15.277777777777779;2;2.150537634408602
DILMA;18.13186813186813;2;3.6319612590799033
DILMA;10.658307210031348;2;3.1073446327683616
DILMA;15.0;2;2.2641509433962264
DILMA;32.394366197183096;2;7.22543352601156
DILMA;17.223650385604113;2;3.953488372093023
DILMA;21.022727272727273;2;1.8867924528301887
DILMA;18.181818181818183;2;0.5934718100890207
DILMA;15.957446808510639;2;3.7688442211055277
DILMA;15.691489361702128;2;13.288288288288289
DILMA;11.845730027548209;2;3.278688524590164
DILMA;19.946091644204852;2;7.191011235955056
DILMA;15.384615384615385;2;4.705882352941177
DILMA;14.520547945205479;2;7.246376811594203
DILMA;12.747875354107649;2;3.75
DILMA;22.22222222222222;2;4.621848739495798
DILMA;15.406162464985995;2;3.7735849056603774
DILMA;14.893617021276595;2;4.392764857881137
DILMA;23.36182336182336;2;4.0
DILMA;15.750915750915752;2;0.5347593582887701
DILMA;12.236286919831224;2;12.727272727272727
DILMA;17.073170731707318;2;3.363914373088685
DILMA;15.568862275449101;2;8.854166666666666
DILMA;20.12578616352201;2;0.5681818181818182
DILMA;18.803418803418804;2;9.843400447427292
DILMA;14.285714285714286;2;5.05050505050505
DILMA;14.50381679389313;2;7.973421926910299
DILMA;21.22905027932961;2;8.636363636363637
DILMA;13.333333333333334;2;1.6666666666666667
DILMA;15.384615384615385;2;10.194174757281553
DILMA;20.408163265306122;2;7.82122905027933
DILMA;17.647058823529413;2;1.1299435028248588
DILMA;18.91891891891892;2;5.2631578947368425
DILMA;17.91530944625407;2;1.971830985915493
DILMA;16.459627329192546;2;1.1267605633802817
DILMA;13.548387096774194;2;0.8670520231213873
DILMA;39.76377952755905;2;3.067484662576687
DILMA;13.80281690140845;2;1.8181818181818181
DILMA;13.978494623655914;2;1.492537313432836
DILMA;21.195652173913043;2;2.0
DILMA;17.46987951807229;2;1.075268817204301
DILMA;15.789473684210526;2;0.8174386920980926
DILMA;14.733542319749215;2;1.0781671159029649
DILMA;9.701492537313433;2;0.33444816053511706
DILMA;11.02661596958175;2;0.6802721088435374
DILMA;17.428571428571427;2;1.2820512820512822
DILMA;16.80911680911681;2;0.5089058524173028
DILMA;40.225563909774436;2;1.21580547112462
DILMA;8.55457227138643;2;1.3089005235602094
DILMA;16.75977653631285;2;0.5263157894736842
DILMA;14.024390243902438;2;0.5524861878453039
DILMA;14.805194805194805;2;0.46511627906976744
DILMA;17.28723404255319;2;0.936768149882904
DILMA;18.666666666666668;2;0.46511627906976744
DILMA;14.824797843665769;2;0.9478672985781991
DILMA;16.182572614107883;2;0.38022813688212925
DILMA;19.758064516129032;2;0.38910505836575876
DILMA;14.893617021276595;2;0.38022813688212925
DILMA;14.525139664804469;2;0.5208333333333334
DILMA;17.197452229299362;2;0.5882352941176471
DILMA;15.451895043731778;2;1.2919896640826873
DILMA;15.44943820224719;2;1.0335917312661498
DILMA;18.26625386996904;2;1.4005602240896358
DILMA;18.84498480243161;2;1.6574585635359116
DILMA;14.285714285714286;2;1.1312217194570136
DILMA;12.121212121212121;2;1.1061946902654867
DILMA;11.594202898550725;2;1.881720430107527
DILMA;16.573033707865168;2;1.0178117048346056
DILMA;18.591549295774648;2;1.530612244897959
DILMA;18.181818181818183;2;0.819672131147541
DILMA;16.923076923076923;2;0.4716981132075472
DILMA;17.112299465240643;2;1.3333333333333333
DILMA;19.104477611940297;2;1.7326732673267327
DILMA;19.273743016759777;2;3.2338308457711444
DILMA;20.22792022792023;2;1.4742014742014742
DILMA;17.045454545454547;2;0.3436426116838488
DILMA;29.10958904109589;2;1.366120218579235
DILMA;13.150684931506849;2;0.5037783375314862
DILMA;16.486486486486488;2;0.25773195876288657
DILMA;17.052023121387283;2;1.2853470437017995
DILMA;13.623978201634877;2;1.9656019656019657
DILMA;10.526315789473685;2;0.7547169811320755
DILMA;15.725806451612904;2;0.38461538461538464
DILMA;10.839160839160838;2;3.2467532467532467
DILMA;12.544802867383513;2;1.3605442176870748
DILMA;15.104166666666666;2;0.8888888888888888
DILMA;26.440677966101696;2;1.639344262295082
DILMA;16.358839050131927;2;2.4719101123595504
DILMA;15.0;2;0.672645739910314
DILMA;18.367346938775512;2;1.3333333333333333
DILMA;19.52054794520548;2;2.5236593059936907
DILMA;16.666666666666668;2;0.2976190476190476
DILMA;11.656441717791411;2;1.1396011396011396
DILMA;14.16184971098266;2;1.5345268542199488
DILMA;13.994169096209912;2;1.278772378516624
DILMA;18.495297805642632;2;2.2099447513812156
DILMA;29.41176470588235;2;1.6483516483516483
DILMA;13.26530612244898;2;0.4662004662004662
DILMA;15.656565656565656;2;0.45454545454545453
DILMA;12.88659793814433;2;0.9478672985781991
DILMA;27.761194029850746;2;0.3058103975535168
DILMA;12.56281407035176;2;1.8018018018018018
DILMA;11.380145278450364;2;1.3245033112582782
DILMA;12.745098039215685;2;2.1645021645021645
DILMA;10.591133004926109;2;1.5625
DILMA;12.466124661246612;2;0.9900990099009901
DILMA;39.63963963963964;2;0.35587188612099646
DILMA;36.24454148471616;2;0.3460207612456747
DILMA;39.473684210526315;2;1.4035087719298245
DILMA;37.96296296296296;2;2.7777777777777777
DILMA;35.111111111111114;2;0.7117437722419929
DILMA;42.731277533039645;2;2.150537634408602
DILMA;40.0;2;2.127659574468085
DILMA;73.39449541284404;2;0.7633587786259542
DILMA;14.285714285714286;2;2.7777777777777777
DILMA;40.56603773584906;2;0.35587188612099646
DILMA;39.34426229508197;2;5.0
DILMA;48.76543209876543;2;0.7874015748031497
DILMA;43.61702127659574;2;1.0810810810810811
DILMA;31.756756756756758;2;5.780346820809249
DILMA;50.72463768115942;2;2.4390243902439024
DILMA;57.05521472392638;2;0.78125
DILMA;24.025974025974026;2;3.2663316582914574
DILMA;6.722689075630252;2;0.6451612903225806
DILMA;50.0;2;2.0491803278688523
DILMA;48.57142857142857;2;1.2658227848101267
DILMA;19.375;2;1.9704433497536946
DILMA;22.746781115879827;2;10.561056105610561
DILMA;35.741444866920155;2;10.919540229885058
DILMA;22.55639097744361;2;10.126582278481013
DILMA;49.18032786885246;2;2.73972602739726
DILMA;20.714285714285715;2;4.30379746835443
DILMA;25.78397212543554;2;2.763819095477387
DILMA;21.428571428571427;2;0.8042895442359249
DILMA;21.245421245421245;2;1.098901098901099
DILMA;25.096525096525095;2;1.9390581717451523
DILMA;21.691176470588236;2;1.9390581717451523
DILMA;24.456521739130434;2;0.819672131147541
DILMA;23.70689655172414;2;0.3215434083601286
DILMA;29.46058091286307;2;0.9615384615384616
DILMA;26.956521739130434;2;0.32051282051282054
DILMA;26.970954356846473;2;1.5105740181268883
DILMA;30.223880597014926;2;1.4705882352941178
DILMA;23.728813559322035;2;1.8716577540106951
DILMA;26.35135135135135;2;1.3297872340425532
DILMA;25.080385852090032;2;1.0126582278481013
DILMA;24.333333333333332;2;1.5345268542199488
DILMA;20.689655172413794;2;2.9177718832891246
DILMA;21.568627450980394;2;2.393617021276596
DILMA;26.053639846743295;2;0.273224043715847
DILMA;28.928571428571427;2;0.8174386920980926
DILMA;22.340425531914892;2;2.5641025641025643
DILMA;21.908127208480565;2;1.5267175572519085
DILMA;24.573378839590443;2;1.7902813299232736
DILMA;25.146198830409357;2;0.41841004184100417
DILMA;31.80327868852459;2;1.256281407035176
DILMA;33.440514469453376;2;1.5075376884422111
DILMA;42.508710801393725;2;2.5188916876574305
DILMA;35.85526315789474;2;1.7811704834605597
DILMA;40.549828178694156;2;2.272727272727273
DILMA;36.271186440677965;2;1.0101010101010102
DILMA;40.67796610169491;2;1.2658227848101267
DILMA;26.79127725856698;2;1.5345268542199488
DILMA;41.666666666666664;2;1.2690355329949239
DILMA;41.355932203389834;2;1.2820512820512822
DILMA;42.532467532467535;2;1.0126582278481013
DILMA;22.68041237113402;2;1.8716577540106951
DILMA;27.40740740740741;2;2.932551319648094
DILMA;24.344569288389515;2;0.8695652173913043
DILMA;18.62348178137652;2;3.5608308605341246
DILMA;43.24324324324324;2;0.9933774834437086
DILMA;41.666666666666664;2;1.7994858611825193
DILMA;25.752508361204015;2;2.3195876288659796
DILMA;35.84905660377358;2;2.5210084033613445
DILMA;24.257425742574256;2;0.4166666666666667
DILMA;24.0;2;2.046783625730994
DILMA;35.256410256410255;2;2.092050209205021
DILMA;23.694779116465863;2;0.3215434083601286
DILMA;23.417721518987342;2;1.2626262626262625
DILMA;20.233463035019454;2;0.3021148036253776
DILMA;23.25581395348837;2;2.094240837696335
DILMA;40.64748201438849;2;1.3227513227513228
DILMA;23.076923076923077;2;3.836317135549872
DILMA;19.76284584980237;2;0.3194888178913738
DILMA;37.01298701298701;2;3.3755274261603376
DILMA;23.134328358208954;2;3.8805970149253732
DILMA;28.755364806866954;2;2.5641025641025643
DILMA;31.40495867768595;2;0.8670520231213873
DILMA;18.75;2;5.69620253164557
DILMA;18.502202643171806;2;2.127659574468085
DILMA;18.218623481781375;2;1.7341040462427746
DILMA;48.1981981981982;2;2.7450980392156863
DILMA;32.5;2;0.2808988764044944
DILMA;26.96629213483146;2;1.7667844522968197
DILMA;36.13861386138614;2;2.9702970297029703
DILMA;39.11290322580645;2;1.4326647564469914
DILMA;27.77777777777778;2;0.5449591280653951
DILMA;19.047619047619047;2;6.692913385826771
DILMA;21.804511278195488;2;6.104651162790698
DILMA;21.694915254237287;2;2.393617021276596
DILMA;19.488817891373802;2;1.5267175572519085
DILMA;29.677419354838708;2;0.47393364928909953
DILMA;9.852216748768473;2;1.3840830449826989
DILMA;5.555555555555555;2;26.923076923076923
DILMA;46.753246753246756;2;3.2710280373831777
DILMA;31.407942238267147;2;7.323943661971831
DILMA;35.80246913580247;2;4.878048780487805
DILMA;51.14754098360656;2;2.8795811518324608
DILMA;55.921052631578945;2;1.5957446808510638
DILMA;44.97991967871486;2;2.710843373493976
DILMA;54.51807228915663;2;2.506265664160401
DILMA;24.91103202846975;2;3.6931818181818183
DILMA;25.714285714285715;2;0.5025125628140703
DILMA;28.40909090909091;2;4.25531914893617
DILMA;28.67924528301887;2;2.608695652173913
DILMA;22.175732217573223;2;1.023890784982935
DILMA;28.571428571428573;2;0.9345794392523364
DILMA;50.88339222614841;2;1.837270341207349
DILMA;39.37007874015748;2;1.015228426395939
DILMA;31.135531135531135;2;1.7595307917888563
DILMA;28.15884476534296;2;3.0985915492957745
DILMA;28.35820895522388;2;2.793296089385475
DILMA;30.76923076923077;2;2.0
DILMA;31.65137614678899;2;9.285714285714286
DILMA;45.76271186440678;2;1.0695187165775402
DILMA;32.89473684210526;2;2.4630541871921183
DILMA;32.56704980842912;2;2.247191011235955
DILMA;32.377049180327866;2;2.356902356902357
DILMA;30.0;2;0.8264462809917356
DILMA;50.34722222222222;2;2.5380710659898478
DILMA;34.69387755102041;2;3.435114503816794
DILMA;30.47945205479452;2;1.9943019943019944
DILMA;36.206896551724135;2;2.9166666666666665
DILMA;27.480916030534353;2;1.5432098765432098
DILMA;26.976744186046513;2;1.4492753623188406
DILMA;37.827715355805246;2;3.35195530726257
DILMA;46.09665427509294;2;3.183023872679045
DILMA;46.22641509433962;2;0.9803921568627451
DILMA;37.74834437086093;2;2.7989821882951653
DILMA;48.63013698630137;2;2.8871391076115485
DILMA;45.55160142348755;2;1.8134715025906736
DILMA;54.13793103448276;2;1.8518518518518519
DILMA;35.22727272727273;2;3.5623409669211195
DILMA;36.597938144329895;2;1.4234875444839858
DILMA;32.870370370370374;2;3.4965034965034967
DILMA;55.79710144927536;2;1.5789473684210527
DILMA;42.016806722689076;2;3.0
DILMA;43.1438127090301;2;1.7766497461928934
DILMA;25.503355704697988;2;2.6666666666666665
DILMA;32.6271186440678;2;2.0202020202020203
DILMA;29.515418502202643;2;1.25
DILMA;29.6875;2;2.7027027027027026
DILMA;52.84280936454849;2;2.088772845953003
DILMA;48.18652849740933;2;2.2222222222222223
DILMA;40.95238095238095;2;0.6993006993006993
DILMA;32.298136645962735;2;1.639344262295082
DILMA;36.655948553054664;2;4.580152671755725
DILMA;41.74757281553398;2;2.1352313167259784
DILMA;37.56345177664975;2;2.097902097902098
DILMA;23.346303501945524;2;0.5830903790087464
DILMA;52.54237288135593;2;1.1299435028248588
DILMA;31.95020746887967;2;0.30864197530864196
DILMA;32.42009132420091;2;0.7142857142857143
DILMA;52.94117647058823;2;1.2121212121212122
DILMA;32.103321033210335;2;0.547945205479452
DILMA;24.623115577889447;2;2.5641025641025643
DILMA;54.75409836065574;2;2.4128686327077746
DILMA;66.66666666666667;2;2.127659574468085
DILMA;52.4822695035461;2;1.0
DILMA;31.182795698924732;2;2.608695652173913
DILMA;30.476190476190474;2;1.098901098901099
DILMA;32.342007434944236;2;1.8691588785046729
DILMA;26.666666666666668;2;2.8011204481792715
DILMA;24.738675958188153;2;2.1798365122615806
DILMA;29.80392156862745;2;2.7522935779816513
DILMA;51.77514792899408;2;2.5316455696202533
DILMA;35.80246913580247;2;3.0716723549488054
DILMA;27.966101694915253;2;1.2578616352201257
DILMA;36.87707641196013;2;3.8860103626943006
DILMA;26.492537313432837;2;2.0588235294117645
DILMA;36.177474402730375;2;2.3017902813299234
DILMA;41.34615384615385;2;2.8205128205128207
DILMA;35.44973544973545;2;1.2875536480686696
DILMA;26.905829596412556;2;1.7182130584192439
DILMA;34.55882352941177;2;1.4577259475218658
DILMA;47.417840375586856;2;2.6022304832713754
DILMA;47.24770642201835;2;2.8268551236749118
DILMA;37.71043771043771;2;2.8735632183908044
DILMA;37.5;2;0.7490636704119851
DILMA;66.66666666666667;2;2.459016393442623
DILMA;20.930232558139537;2;2.1739130434782608
DILMA;41.29353233830846;2;3.2
DILMA;38.9937106918239;2;2.8708133971291865
DILMA;28.01556420233463;2;1.2012012012012012
DILMA;27.96934865900383;2;1.7857142857142858
DILMA;42.10526315789474;2;0.43103448275862066
DILMA;53.57142857142857;2;4.4619422572178475
DILMA;54.42176870748299;2;0.5434782608695652
DILMA;52.94117647058823;2;4.1522491349480966
DILMA;33.439490445859875;2;3.316326530612245
DILMA;34.716981132075475;2;1.10803324099723
DILMA;62.608695652173914;2;0.5813953488372093
DILMA;23.333333333333332;2;1.7241379310344827
DILMA;61.39705882352941;2;2.5069637883008355
DILMA;34.177215189873415;2;2.4630541871921183
DILMA;42.916666666666664;2;2.5236593059936907
DILMA;40.40816326530612;2;2.710843373493976
DILMA;36.75213675213675;2;1.5625
DILMA;47.142857142857146;2;1.492537313432836
DILMA;56.64739884393064;2;0.5037783375314862
DILMA;54.13533834586466;2;2.1021021021021022
DILMA;50.22831050228311;2;1.4285714285714286
DILMA;40.963855421686745;2;2.5477707006369426
DILMA;24.242424242424242;2;2.4539877300613497
DILMA;52.70935960591133;2;2.8753993610223643
DILMA;32.967032967032964;2;1.749271137026239
DILMA;48.84615384615385;2;0.8902077151335311
DILMA;30.181818181818183;2;2.0348837209302326
DILMA;44.680851063829785;2;3.6363636363636362
DILMA;22.99651567944251;2;2.8011204481792715
DILMA;30.303030303030305;2;0.41841004184100417
DILMA;36.08695652173913;2;2.4464831804281344
DILMA;52.44755244755245;2;3.141361256544503
DILMA;22.09737827715356;2;2.8011204481792715
DILMA;23.828125;2;2.121212121212121
DILMA;41.1764705882353;2;2.5157232704402515
DILMA;48.125;2;3.8071065989847717
DILMA;49.26470588235294;2;0.2770083102493075
DILMA;36.7003367003367;2;2.0618556701030926
DILMA;29.537366548042705;2;1.897018970189702
DILMA;21.25;2;2.7777777777777777
DILMA;31.294964028776977;2;1.7751479289940828
DILMA;25.862068965517242;2;2.711864406779661
DILMA;30.103806228373703;2;4.485488126649076
DILMA;36.58536585365854;2;2.4390243902439024
DILMA;30.76923076923077;2;1.7699115044247788
DILMA;37.2093023255814;2;2.26628895184136
DILMA;32.45614035087719;2;1.8518518518518519
DILMA;34.857142857142854;2;0.819672131147541
DILMA;54.15384615384615;2;3.053435114503817
DILMA;61.570247933884296;2;1.492537313432836
DILMA;49.501661129568106;2;2.356020942408377
DILMA;28.14814814814815;2;0.5797101449275363
DILMA;51.01010101010101;2;2.845528455284553
DILMA;29.365079365079364;2;2.0725388601036268
DILMA;48.0;2;1.8324607329842932
DILMA;55.223880597014926;2;2.2222222222222223
DILMA;68.32579185520362;2;4.230769230769231
DILMA;26.818181818181817;2;2.5179856115107913
DILMA;69.33962264150944;2;3.937007874015748
DILMA;78.81619937694704;2;2.108433734939759
DILMA;29.447852760736197;2;2.955665024630542
DILMA;47.111111111111114;2;13.770491803278688
DILMA;52.15311004784689;2;1.4981273408239701
DILMA;32.6241134751773;2;2.3391812865497075
DILMA;37.755102040816325;2;8.024691358024691
DILMA;42.16867469879518;2;2.680965147453083
DILMA;12.941176470588236;2;4.3478260869565215
DILMA;67.6056338028169;2;2.857142857142857
DILMA;24.46808510638298;2;2.785515320334262
DILMA;30.501930501930502;2;1.4880952380952381
DILMA;34.285714285714285;2;2.803738317757009
DILMA;23.529411764705884;2;0.3875968992248062
DILMA;23.076923076923077;2;5.737704918032787
DILMA;17.97752808988764;2;2.42914979757085
DILMA;54.5;2;3.930131004366812
DILMA;51.207729468599034;2;2.0491803278688523
DILMA;55.913978494623656;2;3.3333333333333335
DILMA;24.81203007518797;2;3.2738095238095237
DILMA;46.57534246575342;2;3.3175355450236967
DILMA;60.58091286307054;2;5.059523809523809
DILMA;64.97695852534562;2;7.434944237918216
DILMA;59.310344827586206;2;1.0362694300518134
DILMA;21.21212121212121;2;20.58823529411765
DILMA;13.68421052631579;2;0.8658008658008658
DILMA;31.132075471698112;2;6.569343065693431
DILMA;85.15625;2;1.183431952662722
DILMA;50.0;2;1.9867549668874172
DILMA;36.53846153846154;2;2.7472527472527473
DILMA;33.333333333333336;2;0.7518796992481203
DILMA;75.38461538461539;2;4.316546762589928
DILMA;52.525252525252526;2;3.278688524590164
DILMA;63.06818181818182;2;3.1088082901554404
DILMA;27.40740740740741;2;0.44052863436123346
DILMA;55.483870967741936;2;5.191256830601093
DILMA;75.0;2;2.487562189054726
DILMA;32.11009174311926;2;3.816793893129771
DILMA;75.75757575757575;2;2.1052631578947367
DILMA;61.904761904761905;2;2.0
DILMA;27.062706270627064;2;5.483028720626632
DILMA;34.86842105263158;2;3.977272727272727
DILMA;51.14942528735632;2;4.615384615384615
DILMA;75.625;2;1.5544041450777202
DILMA;44.0;2;5.084745762711864
DILMA;37.5;2;0.4484304932735426
DILMA;60.3448275862069;2;2.880658436213992
DILMA;27.335640138408305;2;4.664723032069971
DILMA;33.44827586206897;2;4.624277456647399
DILMA;52.0;2;0.6578947368421053
DILMA;55.34591194968554;2;2.857142857142857
DILMA;7.299270072992701;2;1.834862385321101
DILMA;45.018450184501845;2;7.604562737642586
DILMA;32.720588235294116;2;3.4285714285714284
DILMA;54.91803278688525;2;3.1446540880503147
DILMA;52.20338983050848;2;13.333333333333334
DILMA;43.037974683544306;2;19.82758620689655
DILMA;26.666666666666668;2;14.018691588785046
DILMA;48.07692307692308;2;22.950819672131146
DILMA;28.436018957345972;2;0.352112676056338
DILMA;27.941176470588236;2;2.6706231454005933
DILMA;28.625954198473284;2;2.0833333333333335
DILMA;29.32330827067669;2;0.9063444108761329
DILMA;33.65853658536585;2;3.1802120141342756
DILMA;32.870370370370374;2;3.900709219858156
DILMA;35.034013605442176;2;2.813299232736573
DILMA;28.630705394190873;2;1.4534883720930232
DILMA;28.01556420233463;2;1.492537313432836
DILMA;31.3953488372093;2;2.077151335311573
DILMA;28.957528957528957;2;0.8982035928143712
DILMA;27.81954887218045;2;1.8181818181818181
DILMA;27.976190476190474;2;0.8547008547008547
DILMA;18.250950570342205;2;2.9940119760479043
DILMA;30.939226519337016;2;2.4489795918367347
DILMA;35.38461538461539;2;4.11522633744856
DILMA;29.64426877470356;2;2.346041055718475
DILMA;34.04255319148936;2;1.7804154302670623
DILMA;32.20973782771536;2;2.6548672566371683
DILMA;32.196969696969695;2;2.6315789473684212
DILMA;36.612021857923494;2;2.9661016949152543
DILMA;25.19685039370079;2;1.3761467889908257
DILMA;33.333333333333336;2;1.951219512195122
DILMA;29.11392405063291;2;1.492537313432836
DILMA;34.78260869565217;2;1.951219512195122
DILMA;29.545454545454547;2;1.8018018018018018
DILMA;29.533678756476682;2;5.594405594405594
DILMA;23.387096774193548;2;1.9125683060109289
DILMA;41.851851851851855;2;0.5208333333333334
DILMA;53.90334572490706;2;3.0927835051546393
DILMA;54.729729729729726;2;2.5974025974025974
DILMA;45.149253731343286;2;1.0554089709762533
DILMA;45.833333333333336;2;1.8518518518518519
DILMA;38.225255972696246;2;2.035623409669211
DILMA;38.888888888888886;2;1.0600706713780919
DILMA;40.08810572687225;2;0.684931506849315
DILMA;40.104166666666664;2;2.611940298507463
DILMA;32.77777777777778;2;1.5267175572519085
DILMA;40.08438818565401;2;1.3245033112582782
DILMA;34.859154929577464;2;2.54957507082153
DILMA;37.89808917197452;2;3.053435114503817
DILMA;39.333333333333336;2;3.316326530612245
DILMA;44.70198675496689;2;2.0408163265306123
DILMA;40.07936507936508;2;2.366863905325444
DILMA;5.747126436781609;2;2.255639097744361
DILMA;85.33333333333333;2;3.676470588235294
DILMA;69.51219512195122;2;0.8130081300813008
DILMA;44.05940594059406;2;10.505836575875486
DILMA;54.7085201793722;2;5.536332179930795
DILMA;85.96491228070175;2;4.0
DILMA;38.857142857142854;2;10.0
DILMA;47.916666666666664;2;8.823529411764707
DILMA;41.97530864197531;2;13.513513513513514
DILMA;68.26923076923077;2;18.69918699186992
DILMA;54.49438202247191;2;18.14516129032258
DILMA;56.70103092783505;2;16.60377358490566
DILMA;44.134078212290504;2;1.1538461538461537
DILMA;38.94230769230769;2;1.3559322033898304
DILMA;38.095238095238095;2;2.380952380952381
DILMA;43.82022471910113;2;0.3816793893129771
DILMA;46.07843137254902;2;3.7542662116040955
DILMA;41.55251141552512;2;1.7421602787456445
DILMA;46.08294930875576;2;2.356902356902357
DILMA;53.42465753424658;2;1.048951048951049
DILMA;51.196172248803826;2;0.7067137809187279
DILMA;45.91836734693877;2;1.550387596899225
DILMA;46.408839779005525;2;0.43103448275862066
DILMA;44.72573839662447;2;2.0338983050847457
DILMA;44.53781512605042;2;1.694915254237288
DILMA;71.25;2;2.7624309392265194
DILMA;11.764705882352942;2;6.5
DILMA;43.1578947368421;2;1.9841269841269842
DILMA;51.81818181818182;2;1.0135135135135136
DILMA;78.03468208092485;2;2.380952380952381
DILMA;38.048780487804876;2;2.8112449799196786
DILMA;44.24242424242424;2;7.4766355140186915
DILMA;47.389558232931726;2;7.357859531772576
DILMA;51.48514851485149;2;2.2988505747126435
DILMA;70.55555555555556;2;0.43478260869565216
DILMA;53.21888412017167;2;4.2105263157894735
DILMA;52.72727272727273;2;3.0927835051546393
DILMA;48.917748917748916;2;7.744107744107744
DILMA;59.130434782608695;2;7.017543859649122
DILMA;44.33497536945813;2;9.84251968503937
DILMA;55.0;2;6.60377358490566
DILMA;48.648648648648646;2;5.190311418685121
DILMA;32.86713286713287;2;9.693877551020408
DILMA;53.374233128834355;2;5.164319248826291
DILMA;57.7639751552795;2;2.4691358024691357
DILMA;42.5531914893617;2;0.9523809523809523
DILMA;52.083333333333336;2;2.1621621621621623
DILMA;56.390977443609025;2;7.638888888888889
DILMA;52.25806451612903;2;0.9345794392523364
DILMA;18.835616438356166;2;0.5347593582887701
DILMA;22.727272727272727;2;0.8670520231213873
DILMA;24.81203007518797;2;1.4492753623188406
DILMA;63.73626373626374;2;0.9090909090909091
DILMA;22.388059701492537;2;2.816901408450704
DILMA;50.68493150684932;2;2.5
DILMA;18.0327868852459;2;4.285714285714286
DILMA;58.42696629213483;2;4.0
DILMA;42.592592592592595;2;1.1235955056179776
DILMA;21.818181818181817;2;5.763688760806916
DILMA;81.66666666666667;2;3.409090909090909
DILMA;26.984126984126984;2;0.2617801047120419
DILMA;34.36293436293436;2;14.201183431952662
DILMA;32.015810276679844;2;16.037735849056602
DILMA;37.735849056603776;2;0.9803921568627451
DILMA;33.035714285714285;2;3.1914893617021276
DILMA;34.09090909090909;2;3.2490974729241877
DILMA;31.30081300813008;2;3.067484662576687
DILMA;28.448275862068964;2;0.6472491909385113
DILMA;42.013888888888886;2;0.26455026455026454
DILMA;24.398625429553263;2;0.7653061224489796
DILMA;33.83458646616541;2;0.2785515320334262
DILMA;32.82828282828283;2;2.928870292887029
DILMA;40.20100502512563;2;5.371900826446281
DILMA;40.87591240875913;2;2.8391167192429023
DILMA;30.21276595744681;2;0.6666666666666666
DILMA;34.285714285714285;2;0.49261083743842365
DILMA;46.103896103896105;2;0.27100271002710025
DILMA;28.51063829787234;2;0.6734006734006734
DILMA;20.077220077220076;2;0.5847953216374269
DILMA;30.837004405286343;2;0.33444816053511706
DILMA;26.79245283018868;2;0.49019607843137253
DILMA;24.50980392156863;2;0.7772020725388601
DILMA;20.149253731343283;2;1.7647058823529411
DILMA;24.814814814814813;2;1.1627906976744187
DILMA;23.202614379084967;2;0.8
DILMA;33.68055555555556;2;0.5333333333333333
DILMA;21.895424836601308;2;1.0666666666666667
DILMA;45.18828451882845;2;0.35714285714285715
DILMA;27.555555555555557;2;1.0344827586206897
DILMA;66.66666666666667;2;4.37956204379562
DILMA;34.74178403755869;2;0.6472491909385113
DILMA;42.7710843373494;2;1.4285714285714286
DILMA;30.65326633165829;2;1.1235955056179776
DILMA;20.80536912751678;2;1.288659793814433
DILMA;35.55555555555556;2;1.6501650165016502
DILMA;25.925925925925927;2;1.0723860589812333
DILMA;22.635135135135137;2;0.546448087431694
DILMA;31.501831501831504;2;0.5882352941176471
DILMA;22.5;2;1.7647058823529411
DILMA;40.76246334310851;2;1.272264631043257
DILMA;29.197080291970803;2;0.2898550724637681
DILMA;53.42465753424658;2;1.1764705882352942
DILMA;29.361702127659573;2;1.3201320132013201
DILMA;34.64052287581699;2;0.5524861878453039
DILMA;32.78688524590164;2;2.857142857142857
DILMA;43.75;2;2.5641025641025643
DILMA;35.504885993485345;2;0.5347593582887701
DILMA;33.21799307958477;2;0.5813953488372093
DILMA;19.858156028368793;2;2.9411764705882355
DILMA;72.636815920398;2;0.8097165991902834
DILMA;77.35849056603773;2;0.47619047619047616
DILMA;33.02325581395349;2;0.6644518272425249
DILMA;33.57664233576642;2;1.1695906432748537
DILMA;37.98701298701299;2;0.26737967914438504
DILMA;18.01801801801802;2;8.02919708029197
DILMA;34.21052631578947;2;1.1904761904761905
DILMA;28.415300546448087;2;10.344827586206897
DILMA;24.67948717948718;2;0.7712082262210797
DILMA;35.273972602739725;2;0.27472527472527475
DILMA;33.11897106109325;2;0.7712082262210797
DILMA;31.428571428571427;2;0.872093023255814
DILMA;23.75886524822695;2;0.273972602739726
DILMA;32.967032967032964;2;0.2808988764044944
DILMA;38.38028169014085;2;5.58659217877095
DILMA;38.118811881188115;2;3.7735849056603774
DILMA;35.8974358974359;2;2.1621621621621623
DILMA;36.53846153846154;2;0.7936507936507936
DILMA;54.335260115606935;2;0.5263157894736842
DILMA;9.23076923076923;2;1.2903225806451613
DILMA;49.029126213592235;2;2.1818181818181817
DILMA;46.07843137254902;2;1.556420233463035
DILMA;48.421052631578945;2;0.7168458781362007
DILMA;46.42857142857143;2;0.3597122302158273
DILMA;49.029126213592235;2;1.0676156583629892
DILMA;46.666666666666664;2;0.8695652173913043
DILMA;48.205128205128204;2;1.937984496124031
DILMA;41.395348837209305;2;2.2988505747126435
DILMA;43.43434343434343;2;1.550387596899225
DILMA;44.61538461538461;2;2.3166023166023164
DILMA;46.15384615384615;2;0.8
DILMA;48.80952380952381;2;0.8968609865470852
DILMA;50.943396226415096;2;1.7316017316017316
DILMA;52.15311004784689;2;1.4184397163120568
DILMA;40.19138755980861;2;3.088803088803089
DILMA;53.5;2;2.158273381294964
DILMA;50.96153846153846;2;1.1029411764705883
DILMA;47.29064039408867;2;2.8776978417266186
DILMA;49.107142857142854;2;2.888086642599278
DILMA;57.6036866359447;2;1.0452961672473868
DILMA;53.09278350515464;2;1.606425702811245
DILMA;45.416666666666664;2;2.3728813559322033
DILMA;46.18834080717489;2;0.34965034965034963
DILMA;59.04761904761905;2;1.4285714285714286
DILMA;50.73170731707317;2;5.158730158730159
DILMA;52.48868778280543;2;0.7220216606498195
DILMA;81.13207547169812;2;3.0120481927710845
DILMA;43.43434343434343;2;1.1494252873563218
DILMA;40.67796610169491;2;2.413793103448276
DILMA;46.902654867256636;2;1.7793594306049823
DILMA;62.5;2;6.097560975609756
DILMA;61.951219512195124;2;6.2745098039215685
DILMA;42.20183486238532;2;1.9011406844106464
DILMA;42.78350515463917;2;7.5396825396825395
DILMA;43.61702127659574;2;1.9607843137254901
DILMA;53.250773993808046;2;1.845018450184502
DILMA;47.755102040816325;2;2.027027027027027
DILMA;12.121212121212121;2;0.6622516556291391
DILMA;66.04938271604938;2;3.5714285714285716
DILMA;8.333333333333334;2;0.6666666666666666
DILMA;41.8848167539267;2;1.9607843137254901
DILMA;29.12621359223301;2;3.5398230088495577
DILMA;53.44827586206897;2;0.35842293906810035
DILMA;56.89655172413793;2;2.6315789473684212
DILMA;45.30386740331492;2;0.7905138339920948
DILMA;53.2520325203252;2;16.271186440677965
DILMA;47.234042553191486;2;20.070422535211268
DILMA;37.956204379562045;2;3.1847133757961785
DILMA;51.351351351351354;2;1.1764705882352942
DILMA;23.626373626373628;2;0.42016806722689076
DILMA;28.21576763485477;2;0.7194244604316546
DILMA;29.739776951672862;2;1.1299435028248588
DILMA;20.982142857142858;2;0.6756756756756757
DILMA;17.467248908296945;2;1.0135135135135136
DILMA;19.469026548672566;2;0.6872852233676976
DILMA;22.0532319391635;2;5.2117263843648205
DILMA;21.890547263681594;2;0.746268656716418
DILMA;17.803030303030305;2;5.921052631578948
DILMA;20.54794520547945;2;1.1070110701107012
DILMA;25.0;2;0.9345794392523364
DILMA;18.03921568627451;2;1.8927444794952681
DILMA;27.238805970149254;2;3.3994334277620397
DILMA;23.79182156133829;2;0.591715976331361
DILMA;18.88111888111888;2;0.5617977528089888
DILMA;16.26984126984127;2;4.262295081967213
DILMA;24.870466321243523;2;0.847457627118644
DILMA;21.40077821011673;2;5.501618122977346
DILMA;31.985294117647058;2;1.1363636363636365
DILMA;28.96825396825397;2;1.5197568389057752
DILMA;33.673469387755105;2;1.6597510373443984
DILMA;20.218579234972676;2;2.7777777777777777
DILMA;23.381294964028775;2;2.0648967551622417
DILMA;29.48207171314741;2;0.6711409395973155
DILMA;23.115577889447238;2;0.8264462809917356
DILMA;15.625;2;3.7854889589905363
DILMA;30.434782608695652;2;1.9867549668874172
DILMA;28.79377431906615;2;3.389830508474576
DILMA;38.75598086124402;2;0.9933774834437086
DILMA;24.107142857142858;2;0.7168458781362007
DILMA;30.065359477124183;2;3.0
DILMA;28.037383177570092;2;2.05761316872428
DILMA;16.49484536082474;2;1.6129032258064515
DILMA;32.78145695364238;2;1.2307692307692308
DILMA;28.048780487804876;2;0.6711409395973155
DILMA;41.554054054054056;2;1.567398119122257
DILMA;34.437086092715234;2;1.25
DILMA;33.65384615384615;2;1.4814814814814814
DILMA;20.3125;2;2.484472049689441
DILMA;20.361990950226243;2;0.37735849056603776
DILMA;28.368794326241133;2;0.5952380952380952
DILMA;36.8;2;2.491103202846975
DILMA;39.42307692307692;2;0.8620689655172413
DILMA;24.170616113744074;2;0.4098360655737705
DILMA;16.071428571428573;2;2.450980392156863
DILMA;40.23668639053255;2;0.5208333333333334
DILMA;15.294117647058824;2;1.0810810810810811
DILMA;21.25;2;1.567398119122257
DILMA;16.205533596837945;2;0.6514657980456026
DILMA;14.163090128755364;2;1.408450704225352
DILMA;18.59504132231405;2;4.577464788732394
DILMA;20.58823529411765;2;1.3513513513513513
DILMA;15.246636771300448;2;2.5
DILMA;30.81761006289308;2;1.7777777777777777
DILMA;33.443708609271525;2;3.0690537084398977
DILMA;24.770642201834864;2;4.026845637583893
DILMA;13.422818791946309;2;1.092896174863388
DILMA;18.77133105802048;2;1.408450704225352
DILMA;63.095238095238095;2;3.3707865168539324
DILMA;31.25;2;1.36986301369863
DILMA;45.714285714285715;2;1.5384615384615385
DILMA;18.674698795180724;2;1.36986301369863
DILMA;25.380710659898476;2;3.7344398340248963
DILMA;25.668449197860962;2;15.96244131455399
DILMA;12.949640287769784;2;9.146341463414634
DILMA;17.29106628242075;2;15.384615384615385
DILMA;18.597560975609756;2;16.129032258064516
DILMA;20.070422535211268;2;50.0
DILMA;16.883116883116884;2;21.428571428571427
DILMA;31.52173913043478;2;1.7167381974248928
DILMA;18.72340425531915;2;0.6756756756756757
DILMA;23.166023166023166;2;1.2618296529968454
DILMA;18.410041841004183;2;2.7491408934707904
DILMA;18.0;2;1.2618296529968454
DILMA;22.265625;2;0.2915451895043732
DILMA;23.728813559322035;2;1.6666666666666667
DILMA;21.64179104477612;2;1.3966480446927374
DILMA;19.747899159663866;2;2.5236593059936907
DILMA;22.926829268292682;2;0.3508771929824561
DILMA;14.201183431952662;2;1.8604651162790697
DILMA;23.170731707317074;2;0.4975124378109453
DILMA;14.624505928853756;2;0.9493670886075949
DILMA;23.076923076923077;2;1.2552301255230125
DILMA;25.112107623318387;2;2.5454545454545454
DILMA;21.58273381294964;2;1.0869565217391304
DILMA;22.325581395348838;2;1.465201465201465
DILMA;22.127659574468087;2;2.0618556701030926
DILMA;21.54696132596685;2;1.36986301369863
DILMA;16.939890710382514;2;1.3824884792626728
DILMA;21.708185053380785;2;0.9569377990430622
DILMA;21.55688622754491;2;2.4752475247524752
DILMA;14.84375;2;0.3125
DILMA;18.99441340782123;2;0.9302325581395349
DILMA;27.93522267206478;2;1.5197568389057752
DILMA;25.210084033613445;2;0.34843205574912894
DILMA;19.08713692946058;2;0.352112676056338
DILMA;18.88888888888889;2;0.46296296296296297
DILMA;30.90909090909091;2;0.7194244604316546
DILMA;37.6;2;0.6172839506172839
DILMA;17.78846153846154;2;1.4814814814814814
DILMA;23.03370786516854;2;0.45662100456621
DILMA;23.195876288659793;2;1.2605042016806722
DILMA;13.186813186813186;2;0.4672897196261682
DILMA;38.497652582159624;2;0.6557377049180327
DILMA;23.004694835680752;2;1.1111111111111112
DILMA;28.125;2;0.9302325581395349
DILMA;37.55458515283843;2;0.6666666666666666
DILMA;30.48780487804878;2;1.2121212121212122
DILMA;27.155172413793103;2;1.9230769230769231
DILMA;34.70319634703196;2;0.9900990099009901
DILMA;18.46846846846847;2;1.0526315789473684
DILMA;18.303571428571427;2;1.056338028169014
DILMA;35.094339622641506;2;0.30120481927710846
DILMA;19.54022988505747;2;0.6369426751592356
DILMA;32.30769230769231;2;2.5
DILMA;25.0;2;2.586206896551724
DILMA;21.311475409836067;2;1.3824884792626728
DILMA;23.056300268096514;2;1.694915254237288
DILMA;26.099706744868037;2;1.3623978201634876
DILMA;13.066666666666666;2;1.4814814814814814
DILMA;17.17948717948718;2;0.6802721088435374
DILMA;16.949152542372882;2;0.8810572687224669
DILMA;19.55922865013774;2;2.7989821882951653
DILMA;19.060773480662984;2;0.7537688442211056
DILMA;21.35135135135135;2;1.2531328320802004
DILMA;17.557251908396946;2;1.5217391304347827
DILMA;14.722222222222221;2;0.5263157894736842
DILMA;14.663461538461538;2;1.3186813186813187
DILMA;35.46099290780142;2;1.146131805157593
DILMA;25.24590163934426;2;0.7220216606498195
DILMA;22.429906542056074;2;3.3240997229916895
DILMA;17.741935483870968;2;3.3707865168539324
DILMA;20.87227414330218;2;4.065040650406504
DILMA;19.814241486068113;2;3.125
DILMA;16.86390532544379;2;0.7957559681697612
DILMA;15.633423180592992;2;0.49019607843137253
DILMA;18.75;2;1.075268817204301
DILMA;17.263843648208468;2;0.9316770186335404
DILMA;16.541353383458645;2;1.5695067264573992
DILMA;15.223880597014926;2;0.8241758241758241
DILMA;24.444444444444443;2;2.2535211267605635
DILMA;17.56756756756757;2;1.9851116625310175
DILMA;24.390243902439025;2;1.680672268907563
DILMA;18.635170603674542;2;2.1634615384615383
DILMA;20.098039215686274;2;0.22624434389140272
DILMA;13.136729222520108;2;0.7317073170731707
DILMA;30.76923076923077;2;0.7168458781362007
DILMA;16.032608695652176;2;0.24752475247524752
DILMA;35.687732342007436;2;1.7191977077363896
DILMA;22.22222222222222;2;1.095890410958904
DILMA;18.229166666666668;2;2.1686746987951806
DILMA;12.874251497005988;2;1.6216216216216217
DILMA;10.975609756097562;2;0.273972602739726
DILMA;29.166666666666668;2;3.056768558951965
DILMA;12.537313432835822;2;1.0869565217391304
DILMA;14.444444444444445;2;1.2626262626262625
DILMA;15.384615384615385;2;1.408450704225352
DILMA;21.85929648241206;2;0.9070294784580499
DILMA;22.424242424242426;2;0.8356545961002786
DILMA;17.771084337349397;2;2.2099447513812156
DILMA;19.25133689839572;2;2.179176755447942
DILMA;15.365239294710328;2;0.9009009009009009
DILMA;21.661721068249257;2;1.10803324099723
DILMA;12.668463611859838;2;2.2443890274314215
DILMA;12.288135593220339;2;0.37453183520599254
DILMA;12.953367875647668;2;0.936768149882904
DILMA;10.893854748603353;2;3.1746031746031744
DILMA;18.92744479495268;2;2.023121387283237
DILMA;11.722488038277511;2;0.22172949002217296
DILMA;12.16931216931217;2;0.7352941176470589
DILMA;10.344827586206897;2;1.048951048951049
DILMA;15.864022662889518;2;4.0
DILMA;14.429530201342281;2;1.7699115044247788
DILMA;13.414634146341463;2;1.1235955056179776
DILMA;17.478510028653297;2;2.3136246786632393
DILMA;15.662650602409638;2;0.8130081300813008
DILMA;21.40921409214092;2;2.027027027027027
DILMA;31.715210355987054;2;1.1661807580174928
DILMA;35.256410256410255;2;3.240740740740741
DILMA;19.430051813471504;2;3.5794183445190155
DILMA;34.163701067615655;2;0.3058103975535168
DILMA;19.34426229508197;2;1.2121212121212122
DILMA;18.560606060606062;2;0.6920415224913494
DILMA;14.044943820224718;2;1.3123359580052494
DILMA;15.0;2;4.615384615384615
DILMA;18.282548476454295;2;1.2254901960784315
DILMA;14.42080378250591;2;1.5217391304347827
DILMA;17.92717086834734;2;1.0050251256281406
DILMA;17.768595041322314;2;0.7518796992481203
DILMA;15.263157894736842;2;0.4819277108433735
DILMA;11.528150134048257;2;1.4354066985645932
DILMA;10.824742268041238;2;0.9456264775413712
DILMA;10.060975609756097;2;2.5210084033613445
DILMA;14.084507042253522;2;1.2594458438287153
DILMA;13.941018766756033;2;1.4705882352941178
DILMA;12.094395280235988;2;0.821917808219178
DILMA;43.542435424354245;2;1.4326647564469914
DILMA;14.322250639386189;2;0.8948545861297539
DILMA;13.872832369942197;2;0.7575757575757576
DILMA;18.322981366459626;2;1.9830028328611897
DILMA;26.068376068376068;2;0.36900369003690037
DILMA;13.803680981595091;2;0.8108108108108109
DILMA;16.844919786096256;2;1.4598540145985401
DILMA;19.565217391304348;2;1.7156862745098038
DILMA;23.463687150837988;2;1.492537313432836
DILMA;14.322916666666666;2;0.7263922518159807
DILMA;21.21212121212121;2;0.8823529411764706
DILMA;16.40378548895899;2;0.8498583569405099
DILMA;21.076233183856502;2;0.78125
DILMA;15.934065934065934;2;1.7994858611825193
DILMA;22.15568862275449;2;0.8152173913043478
DILMA;14.361702127659575;2;2.9197080291970803
DILMA;13.6;2;1.466992665036675
DILMA;11.241217798594848;2;1.5184381778741864
DILMA;39.3574297188755;2;2.027027027027027
DILMA;25.19083969465649;2;1.2578616352201257
DILMA;25.0;2;0.8670520231213873
DILMA;12.011173184357542;2;0.9876543209876543
DILMA;14.921465968586388;2;3.357314148681055
DILMA;11.26005361930295;2;1.4218009478672986
DILMA;18.87905604719764;2;2.493765586034913
DILMA;13.221153846153847;2;1.5317286652078774
DILMA;31.1864406779661;2;0.5865102639296188
DILMA;15.864022662889518;2;1.518987341772152
DILMA;17.153284671532848;2;0.6944444444444444
DILMA;13.157894736842104;2;2.9055690072639226
DILMA;16.08040201005025;2;2.232142857142857
DILMA;44.72573839662447;2;1.0452961672473868
DILMA;13.648293963254593;2;2.097902097902098
DILMA;13.852813852813853;2;1.4981273408239701
DILMA;20.34383954154728;2;2.717391304347826
DILMA;24.624624624624623;2;2.4390243902439024
DILMA;12.652068126520682;2;1.7094017094017093
DILMA;12.430939226519337;2;1.9704433497536946
DILMA;12.595419847328245;2;0.7017543859649122
DILMA;19.310344827586206;2;1.5822784810126582
DILMA;15.517241379310345;2;1.4962593516209477
DILMA;18.345323741007196;2;1.6286644951140066
DILMA;17.269076305220885;2;3.3962264150943398
DILMA;11.023622047244094;2;1.1655011655011656
DILMA;15.0997150997151;2;2.030456852791878
DILMA;32.0;2;2.6706231454005933
DILMA;21.05263157894737;2;1.8181818181818181
DILMA;18.233618233618234;2;1.2345679012345678
DILMA;53.37837837837838;2;0.6024096385542169
DILMA;14.285714285714286;2;1.2077294685990339
DILMA;15.819209039548022;2;3.8071065989847717
DILMA;17.515923566878982;2;4.0431266846361185
DILMA;13.58695652173913;2;3.6199095022624435
DILMA;15.025906735751295;2;0.6493506493506493
DILMA;14.887640449438202;2;2.094240837696335
DILMA;14.594594594594595;2;0.9876543209876543
DILMA;24.770642201834864;2;3.1496062992125986
DILMA;25.0814332247557;2;4.199475065616798
DILMA;39.50617283950617;2;4.123711340206185
DILMA;15.536723163841808;2;3.75
DILMA;14.545454545454545;2;6.806282722513089
DILMA;16.292134831460675;2;4.691358024691358
DILMA;21.406727828746178;2;6.315789473684211
DILMA;19.333333333333332;2;5.487804878048781
DILMA;31.40495867768595;2;4.895104895104895
DILMA;15.217391304347826;2;3.1553398058252426
DILMA;17.819148936170212;2;4.033970276008493
DILMA;24.47129909365559;2;10.880829015544041
DILMA;16.455696202531644;2;5.054945054945055
DILMA;24.04092071611253;2;4.415011037527594
DILMA;13.51981351981352;2;4.016064257028113
DILMA;26.903553299492387;2;2.674897119341564
DILMA;10.48951048951049;2;2.7522935779816513
DILMA;17.884130982367758;2;5.622489959839357
DILMA;35.625;2;9.045226130653266
DILMA;15.633423180592992;2;2.2058823529411766
DILMA;19.047619047619047;2;3.5714285714285716
DILMA;16.95906432748538;2;4.282115869017632
DILMA;31.496062992125985;2;5.343511450381679
DILMA;12.612612612612613;2;2.770780856423174
DILMA;9.090909090909092;2;1.5
DILMA;27.058823529411764;2;2.127659574468085
DILMA;15.021459227467812;2;3.435114503816794
DILMA;17.391304347826086;2;2.1390374331550803
DILMA;15.536723163841808;2;5.793450881612091
DILMA;14.47721179624665;2;2.444987775061125
DILMA;33.587786259541986;2;4.9079754601226995
DILMA;11.694510739856803;2;7.042253521126761
DILMA;20.155038759689923;2;4.8076923076923075
DILMA;19.696969696969695;2;9.571788413098236
DILMA;21.62162162162162;2;5.46875
DILMA;40.0;2;2.9197080291970803
DILMA;12.99638989169675;2;0.6410256410256411
DILMA;10.9375;2;2.232142857142857
DILMA;14.018691588785046;2;3.937007874015748
DILMA;14.473684210526315;2;5.747126436781609
DILMA;14.285714285714286;2;6.578947368421052
DILMA;19.19191919191919;2;1.5625
DILMA;16.08040201005025;2;1.3100436681222707
DILMA;17.452830188679247;2;1.3574660633484164
DILMA;15.706806282722512;2;1.6826923076923077
DILMA;13.744075829383887;2;0.4608294930875576
DILMA;16.486486486486488;2;1.2224938875305624
DILMA;14.516129032258064;2;0.5797101449275363
DILMA;17.05685618729097;2;1.4492753623188406
DILMA;17.034700315457414;2;1.4450867052023122
DILMA;20.74074074074074;2;0.6944444444444444
DILMA;13.375796178343949;2;1.1363636363636365
DILMA;12.580645161290322;2;1.1560693641618498
DILMA;17.174515235457065;2;0.6006006006006006
DILMA;17.452830188679247;2;0.4329004329004329
DILMA;15.774647887323944;2;1.2254901960784315
DILMA;15.300546448087431;2;0.963855421686747
DILMA;18.03713527851459;2;1.2195121951219512
DILMA;13.609467455621301;2;1.5706806282722514
DILMA;22.941176470588236;2;1.0810810810810811
DILMA;23.25581395348837;2;1.881720430107527
DILMA;18.61198738170347;2;2.4193548387096775
DILMA;21.451104100946374;2;1.639344262295082
DILMA;19.838056680161944;2;1.0869565217391304
DILMA;20.622568093385215;2;1.7605633802816902
DILMA;13.52112676056338;2;2.25
DILMA;14.16184971098266;2;1.25
DILMA;10.422535211267606;2;1.5
DILMA;21.068249258160236;2;1.1049723756906078
DILMA;17.52577319587629;2;1.411764705882353
DILMA;13.520408163265307;2;0.9411764705882353
DILMA;18.205128205128204;2;1.3986013986013985
DILMA;10.755813953488373;2;1.0723860589812333
DILMA;16.57608695652174;2;2.1739130434782608
DILMA;16.445623342175065;2;1.4634146341463414
DILMA;14.19939577039275;2;2.2988505747126435
DILMA;14.12639405204461;2;0.6993006993006993
DILMA;15.555555555555555;2;1.0067114093959733
DILMA;13.058419243986254;2;0.32786885245901637
DILMA;19.23076923076923;2;0.35842293906810035
DILMA;13.358778625954198;2;0.7117437722419929
DILMA;17.15210355987055;2;0.8955223880597015
DILMA;22.044728434504794;2;1.4534883720930232
DILMA;18.91891891891892;2;3.526448362720403
DILMA;16.721311475409838;2;0.8875739644970414
DILMA;21.91780821917808;2;0.9174311926605505
DILMA;17.647058823529413;2;0.3105590062111801
DILMA;16.107382550335572;2;0.6097560975609756
DILMA;13.201320132013201;2;0.6042296072507553
DILMA;11.186440677966102;2;0.31347962382445144
DILMA;31.59722222222222;2;0.6269592476489029
DILMA;11.748633879781421;2;0.7263922518159807
DILMA;19.68503937007874;2;1.7857142857142858
DILMA;19.346049046321525;2;2.0089285714285716
DILMA;14.814814814814815;2;0.9009009009009009
DILMA;33.50253807106599;2;2.5641025641025643
DILMA;13.404825737265416;2;1.7326732673267327
DILMA;12.182741116751268;2;0.24213075060532688
DILMA;16.422287390029325;2;0.5305039787798409
DILMA;19.65811965811966;2;1.243781094527363
DILMA;16.42651296829971;2;1.2345679012345678
DILMA;15.342465753424657;2;2.4096385542168677
DILMA;17.073170731707318;2;3.3333333333333335
DILMA;16.666666666666668;2;1.6853932584269662
DILMA;16.890080428954423;2;2.1479713603818618
DILMA;22.802197802197803;2;2.059496567505721
