DILMA;33.50515463917526;4;51.17370892018779
DILMA;33.7962962962963;4;47.69874476987448
DILMA;38.12709030100334;4;55.94202898550725
DILMA;33.65384615384615;4;56.73352435530086
DILMA;34.56221198156682;4;38.52459016393443
DILMA;36.44859813084112;4;42.3728813559322
DILMA;34.39153439153439;4;53.95348837209303
DILMA;40.625;4;52.22222222222222
DILMA;34.300791556728235;4;56.49038461538461
DILMA;32.432432432432435;4;53.771289537712896
DILMA;41.36363636363637;4;55.343511450381676
DILMA;35.426008968609864;4;50.56603773584906
DILMA;39.877300613496935;4;55.248618784530386
DILMA;33.67875647668394;4;60.093896713615024
DILMA;33.771929824561404;4;52.592592592592595
DILMA;34.46969696969697;4;55.445544554455445
DILMA;28.42105263157895;4;45.283018867924525
DILMA;35.0;4;44.6078431372549
DILMA;34.463276836158194;4;49.75124378109453
DILMA;31.325301204819276;4;54.166666666666664
DILMA;34.196891191709845;4;48.63636363636363
DILMA;33.333333333333336;4;54.435483870967744
DILMA;36.633663366336634;4;51.09170305676856
DILMA;38.914027149321264;4;52.5
DILMA;30.446194225721786;4;52.88683602771363
DILMA;33.42245989304813;4;54.357798165137616
DILMA;29.6875;4;48.85321100917431
DILMA;38.46153846153846;4;46.05263157894737
DILMA;36.72727272727273;4;55.629139072847686
DILMA;33.55263157894737;4;49.40828402366864
DILMA;33.673469387755105;4;50.0
DILMA;30.102040816326532;4;51.351351351351354
DILMA;40.66985645933014;4;58.3710407239819
DILMA;37.34939759036145;4;48.167539267015705
DILMA;31.159420289855074;4;44.44444444444444
DILMA;41.23711340206186;4;52.48868778280543
DILMA;35.670731707317074;4;48.924731182795696
DILMA;43.57541899441341;4;52.38095238095238
DILMA;31.11888111888112;4;47.72036474164134
DILMA;32.743362831858406;4;52.76752767527675
DILMA;32.33830845771144;4;47.08520179372197
DILMA;33.98692810457516;4;48.86363636363637
DILMA;26.358695652173914;4;51.97215777262181
DILMA;34.285714285714285;4;53.258426966292134
DILMA;35.08771929824562;4;53.96825396825397
DILMA;30.311614730878187;4;54.2713567839196
DILMA;32.70676691729323;4;55.14950166112957
DILMA;31.940298507462686;4;52.36842105263158
DILMA;28.880866425992778;4;56.358381502890175
DILMA;32.751091703056765;4;50.352112676056336
DILMA;33.64485981308411;4;50.78534031413613
DILMA;29.702970297029704;4;56.053811659192824
DILMA;34.72803347280335;4;52.205882352941174
DILMA;25.0;4;53.84615384615385
DILMA;33.64485981308411;4;58.485639686684074
DILMA;32.18390804597701;4;48.67724867724868
DILMA;27.7027027027027;4;47.97687861271676
DILMA;39.30348258706468;4;49.76958525345622
DILMA;30.20304568527919;4;53.65853658536585
DILMA;36.21621621621622;4;53.73831775700935
DILMA;36.89320388349515;4;51.1764705882353
DILMA;31.044776119402986;4;57.519788918205805
DILMA;31.25;4;47.391304347826086
DILMA;36.72316384180791;4;54.95049504950495
DILMA;37.735849056603776;4;60.89385474860335
DILMA;32.01970443349754;4;60.17316017316017
DILMA;25.26595744680851;4;58.064516129032256
DILMA;31.446540880503143;4;52.722063037249285
DILMA;33.87533875338753;4;53.7037037037037
DILMA;32.25806451612903;4;47.43589743589744
DILMA;32.035928143712574;4;57.07070707070707
DILMA;36.70886075949367;4;59.05511811023622
DILMA;33.98328690807799;4;52.0
DILMA;27.92792792792793;4;49.6
DILMA;28.426395939086294;4;47.96747967479675
DILMA;37.28813559322034;4;48.888888888888886
DILMA;33.80281690140845;4;55.32786885245902
DILMA;36.881188118811885;4;50.64935064935065
DILMA;30.32490974729242;4;50.2906976744186
DILMA;32.35294117647059;4;54.8469387755102
DILMA;29.924242424242426;4;53.17725752508361
DILMA;29.775280898876403;4;51.23152709359606
DILMA;26.31578947368421;4;44.67455621301775
DILMA;26.72811059907834;4;46.963562753036435
DILMA;33.42391304347826;4;52.4390243902439
DILMA;31.010452961672474;4;54.518950437317784
DILMA;36.75213675213675;4;58.8235294117647
DILMA;26.804123711340207;4;50.0
DILMA;34.51086956521739;4;53.63636363636363
DILMA;33.333333333333336;4;54.27927927927928
DILMA;27.42382271468144;4;50.45454545454545
DILMA;28.92768079800499;4;51.10132158590309
DILMA;26.5625;4;49.77777777777778
DILMA;27.5974025974026;4;51.70454545454545
DILMA;37.5;4;56.41025641025641
DILMA;31.612903225806452;4;48.857142857142854
DILMA;26.96078431372549;4;50.0
DILMA;32.34421364985163;4;56.91906005221932
DILMA;26.256983240223462;4;51.50812064965197
DILMA;34.196891191709845;4;57.89473684210526
DILMA;37.45454545454545;4;58.75
DILMA;32.7217125382263;4;53.29815303430079
DILMA;36.26373626373626;4;51.81818181818182
DILMA;27.393617021276597;4;52.96803652968037
DILMA;28.664495114006513;4;52.34159779614325
DILMA;32.87292817679558;4;58.80893300248139
DILMA;27.419354838709676;4;51.79372197309417
DILMA;23.314606741573034;4;51.92743764172336
DILMA;24.924012158054712;4;51.688311688311686
DILMA;31.123919308357348;4;46.517412935323385
DILMA;32.544378698224854;4;55.14705882352941
DILMA;21.680216802168022;4;57.268722466960355
DILMA;37.60932944606414;4;50.93333333333333
DILMA;27.72020725388601;4;51.126126126126124
DILMA;23.391812865497077;4;51.55440414507772
DILMA;25.068119891008173;4;52.00892857142857
DILMA;25.46419098143236;4;51.5695067264574
DILMA;25.683060109289617;4;54.81651376146789
DILMA;25.068870523415978;4;55.58139534883721
DILMA;31.914893617021278;4;56.36363636363637
DILMA;35.35620052770449;4;57.268722466960355
DILMA;31.428571428571427;4;55.67567567567568
DILMA;25.9946949602122;4;54.17607223476298
DILMA;33.23170731707317;4;60.15625
DILMA;35.256410256410255;4;53.97260273972603
DILMA;25.252525252525253;4;51.776649746192895
DILMA;37.67605633802817;4;45.12987012987013
DILMA;26.804123711340207;4;49.56268221574344
DILMA;31.645569620253166;4;48.98989898989899
DILMA;26.440677966101696;4;51.4367816091954
DILMA;29.842931937172775;4;55.65217391304348
DILMA;21.40921409214092;4;53.98633257403189
DILMA;31.948051948051948;4;53.02013422818792
DILMA;26.27986348122867;4;52.252252252252255
DILMA;30.53435114503817;4;50.76252723311547
DILMA;30.334190231362467;4;54.80984340044743
DILMA;28.608247422680414;4;51.94508009153318
DILMA;26.76923076923077;4;49.36061381074169
DILMA;29.365079365079364;4;50.55679287305122
DILMA;26.923076923076923;4;55.80736543909349
DILMA;26.05263157894737;4;54.831460674157306
DILMA;41.37931034482759;4;47.05882352941177
DILMA;27.936507936507937;4;53.86666666666667
DILMA;27.2972972972973;4;50.11135857461024
DILMA;24.30939226519337;4;52.37020316027088
DILMA;24.566473988439306;4;55.50122249388753
DILMA;25.34722222222222;4;55.294117647058826
DILMA;26.050420168067227;4;51.82648401826484
DILMA;22.6775956284153;4;52.11581291759465
DILMA;30.944625407166125;4;54.973821989528794
DILMA;24.46808510638298;4;54.831460674157306
DILMA;34.59119496855346;4;64.1025641025641
DILMA;29.558011049723756;4;48.95591647331786
DILMA;35.07462686567164;4;51.42857142857143
DILMA;36.39344262295082;4;58.047493403693935
DILMA;29.096989966555185;4;57.82122905027933
DILMA;28.695652173913043;4;51.0250569476082
DILMA;26.2987012987013;4;52.92620865139949
DILMA;31.21693121693122;4;51.45413870246085
DILMA;29.59641255605381;4;56.74603174603175
DILMA;35.9375;4;47.36842105263158
DILMA;31.3953488372093;4;52.083333333333336
DILMA;30.327868852459016;4;52.92887029288703
DILMA;32.212885154061624;4;59.38242280285036
DILMA;27.098321342925658;4;59.63855421686747
DILMA;28.02547770700637;4;60.60606060606061
DILMA;26.21359223300971;4;54.32098765432099
DILMA;27.761194029850746;4;48.0
DILMA;19.0;4;41.726618705035975
DILMA;29.156626506024097;4;58.75251509054326
DILMA;34.66135458167331;4;47.2027972027972
DILMA;31.60377358490566;4;43.442622950819676
DILMA;32.57575757575758;4;62.913907284768214
DILMA;28.90173410404624;4;56.433408577878104
DILMA;26.53061224489796;4;46.98795180722892
DILMA;26.605504587155963;4;57.59162303664922
DILMA;25.252525252525253;4;63.47826086956522
DILMA;25.126903553299492;4;52.00803212851405
DILMA;26.5625;4;48.79032258064516
DILMA;31.122448979591837;4;48.63813229571984
DILMA;21.367521367521366;4;48.75
DILMA;29.04564315352697;4;49.693251533742334
DILMA;28.110599078341014;4;45.90163934426229
DILMA;27.184466019417474;4;53.17460317460318
DILMA;29.850746268656717;4;43.02325581395349
DILMA;34.13897280966767;4;52.94117647058823
DILMA;34.30962343096234;4;54.948805460750854
DILMA;30.291970802919707;4;57.05128205128205
DILMA;34.42622950819672;4;55.016181229773466
DILMA;36.162361623616235;4;52.715654952076676
DILMA;34.732824427480914;4;49.19614147909968
DILMA;30.612244897959183;4;44.827586206896555
DILMA;37.407407407407405;4;53.164556962025316
DILMA;35.87786259541985;4;47.19101123595506
DILMA;30.8411214953271;4;51.91489361702128
DILMA;32.407407407407405;4;52.4390243902439
DILMA;33.66834170854271;4;57.9646017699115
DILMA;33.47826086956522;4;51.056338028169016
DILMA;30.124223602484474;4;49.21465968586387
DILMA;30.3125;4;51.22615803814714
DILMA;24.776119402985074;4;51.44356955380577
DILMA;35.82089552238806;4;55.25
DILMA;33.333333333333336;4;57.976653696498055
DILMA;40.723981900452486;4;56.91699604743083
DILMA;33.47280334728033;4;60.61776061776062
DILMA;36.24454148471616;4;43.47826086956522
DILMA;28.444444444444443;4;52.75590551181102
DILMA;32.28699551569507;4;53.10077519379845
DILMA;40.09216589861751;4;54.04255319148936
DILMA;32.59668508287293;4;52.252252252252255
DILMA;32.58426966292135;4;56.8075117370892
DILMA;31.92488262910798;4;55.744680851063826
DILMA;35.32338308457712;4;57.64192139737991
DILMA;32.244897959183675;4;52.91970802919708
DILMA;47.41035856573705;4;43.20652173913044
DILMA;29.281767955801104;4;50.224215246636774
DILMA;29.761904761904763;4;57.6530612244898
DILMA;36.02150537634409;4;48.743718592964825
DILMA;36.72316384180791;4;55.72139303482587
DILMA;30.0;4;61.5
DILMA;31.46067415730337;4;58.94736842105263
DILMA;27.083333333333332;4;56.8421052631579
DILMA;30.538922155688624;4;55.70652173913044
DILMA;27.419354838709676;4;54.98575498575499
DILMA;28.802588996763753;4;55.15320334261838
DILMA;33.8150289017341;4;52.24274406332454
DILMA;32.53968253968254;4;43.768115942028984
DILMA;25.38860103626943;4;52.91479820627803
DILMA;22.75449101796407;4;51.336898395721924
DILMA;45.78313253012048;4;52.27963525835866
DILMA;31.818181818181817;4;51.93370165745856
DILMA;31.61764705882353;4;52.69461077844311
DILMA;27.96833773087071;4;56.62921348314607
DILMA;27.2264631043257;4;57.62331838565022
DILMA;28.41328413284133;4;50.0
DILMA;24.600638977635782;4;50.14577259475219
DILMA;24.043715846994534;4;55.45023696682465
DILMA;29.083665338645417;4;48.08259587020649
DILMA;37.05882352941177;4;45.93908629441624
DILMA;30.246913580246915;4;54.91803278688525
DILMA;30.53435114503817;4;57.46102449888642
DILMA;44.23076923076923;4;45.08196721311475
DILMA;34.73053892215569;4;44.76190476190476
DILMA;26.126126126126128;4;52.16216216216216
DILMA;27.358490566037737;4;56.111111111111114
DILMA;30.49645390070922;4;44.51219512195122
DILMA;32.758620689655174;4;51.88405797101449
DILMA;39.39393939393939;4;42.394822006472495
DILMA;32.758620689655174;4;41.83381088825215
DILMA;21.25;4;54.36619718309859
DILMA;34.18181818181818;4;50.578034682080926
DILMA;24.5;4;52.993348115299334
DILMA;28.695652173913043;4;55.91939546599496
DILMA;28.37837837837838;4;49.54545454545455
DILMA;22.093023255813954;4;54.200542005420054
DILMA;21.58730158730159;4;53.73961218836565
DILMA;30.967741935483872;4;49.30362116991643
DILMA;19.18819188191882;4;51.0
DILMA;25.077399380804952;4;57.22070844686648
DILMA;69.47791164658635;4;45.76271186440678
DILMA;25.899280575539567;4;56.86900958466454
DILMA;25.671641791044777;4;56.30026809651474
DILMA;21.47887323943662;4;52.243589743589745
DILMA;29.198966408268735;4;56.46258503401361
DILMA;33.63095238095238;4;53.18066157760814
DILMA;35.79234972677595;4;55.93607305936073
DILMA;26.392961876832846;4;52.33160621761658
DILMA;29.27536231884058;4;58.88324873096447
DILMA;26.075949367088608;4;56.502242152466366
DILMA;20.99125364431487;4;56.02094240837696
DILMA;29.25925925925926;4;49.33774834437086
DILMA;24.479166666666668;4;51.8018018018018
DILMA;31.325301204819276;4;51.75438596491228
DILMA;28.326180257510728;4;57.976653696498055
DILMA;28.164556962025316;4;57.58426966292135
DILMA;21.038961038961038;4;52.66821345707657
DILMA;26.628895184135978;4;55.10204081632653
DILMA;26.517571884984026;4;48.05555555555556
DILMA;22.670025188916878;4;52.42290748898679
DILMA;45.416666666666664;4;47.41641337386018
DILMA;23.919308357348704;4;51.15681233933162
DILMA;29.118773946360154;4;53.355704697986575
DILMA;33.559322033898304;4;48.333333333333336
DILMA;25.149700598802394;4;59.09090909090909
DILMA;32.55813953488372;4;41.29213483146067
DILMA;28.653295128939828;4;55.58375634517766
DILMA;27.272727272727273;4;51.8018018018018
DILMA;21.95767195767196;4;59.95475113122172
DILMA;20.54380664652568;4;49.48717948717949
DILMA;28.282828282828284;4;51.02040816326531
DILMA;29.44297082228117;4;55.50561797752809
DILMA;32.960893854748605;4;51.21951219512195
DILMA;23.65930599369085;4;54.016620498614955
DILMA;24.127906976744185;4;53.045685279187815
DILMA;29.974811083123427;4;57.88288288288288
DILMA;24.924012158054712;4;53.16804407713499
DILMA;32.64781491002571;4;58.333333333333336
DILMA;26.39751552795031;4;57.608695652173914
DILMA;23.668639053254438;4;53.626943005181346
DILMA;26.73521850899743;4;51.47392290249433
DILMA;36.440677966101696;4;45.42483660130719
DILMA;26.616915422885572;4;53.74449339207048
DILMA;32.22222222222222;4;55.05050505050505
DILMA;35.0383631713555;4;55.70469798657718
DILMA;22.448979591836736;4;60.981308411214954
DILMA;23.157894736842106;4;59.111111111111114
DILMA;23.167155425219942;4;57.142857142857146
DILMA;28.3987915407855;4;51.53846153846154
DILMA;29.71576227390181;4;52.690582959641254
DILMA;25.37878787878788;4;55.21885521885522
DILMA;33.134328358208954;4;54.40414507772021
DILMA;33.56890459363957;4;57.50798722044728
DILMA;21.846153846153847;4;53.6388140161725
DILMA;36.59942363112392;4;56.08465608465608
DILMA;27.725856697819314;4;59.61538461538461
DILMA;32.03125;4;54.06976744186046
DILMA;27.3015873015873;4;56.0
DILMA;30.847457627118644;4;55.75221238938053
DILMA;25.0;4;56.372549019607845
DILMA;24.099722991689752;4;58.62068965517241
DILMA;28.620689655172413;4;50.552486187845304
DILMA;27.941176470588236;4;55.12820512820513
DILMA;31.68831168831169;4;53.21507760532151
DILMA;48.4375;4;48.517520215633425
DILMA;32.132132132132135;4;56.544502617801044
DILMA;32.67716535433071;4;50.29761904761905
DILMA;28.24207492795389;4;58.13953488372093
DILMA;22.485207100591715;4;57.88113695090439
DILMA;27.272727272727273;4;55.29100529100529
DILMA;25.423728813559322;4;51.65562913907285
DILMA;29.62962962962963;4;16.0
DILMA;25.396825396825395;4;54.061624649859944
DILMA;30.0;4;1.3513513513513513
DILMA;29.618768328445746;4;58.83905013192612
DILMA;29.76878612716763;4;54.63917525773196
DILMA;24.30939226519337;4;63.55140186915888
DILMA;28.173374613003094;4;59.71830985915493
DILMA;24.935064935064936;4;55.257270693512304
DILMA;25.08833922261484;4;60.60606060606061
DILMA;27.335640138408305;4;59.23913043478261
DILMA;31.944444444444443;4;47.43202416918429
DILMA;32.53968253968254;4;64.73317865429235
DILMA;30.078125;4;48.242811501597444
DILMA;34.36532507739938;4;52.46305418719212
DILMA;28.266666666666666;4;57.93103448275862
DILMA;30.92105263157895;4;57.35735735735736
DILMA;23.56687898089172;4;52.84552845528455
DILMA;28.90625;4;51.00222717149221
DILMA;22.513089005235603;4;58.333333333333336
DILMA;26.81564245810056;4;55.69007263922518
DILMA;24.367088607594937;4;55.64971751412429
DILMA;29.914529914529915;4;60.0
DILMA;31.365313653136532;4;47.97687861271676
DILMA;25.454545454545453;4;58.83720930232558
DILMA;24.358974358974358;4;47.64150943396226
DILMA;30.718954248366014;4;56.676557863501486
DILMA;30.853994490358126;4;64.07035175879398
DILMA;24.390243902439025;4;59.909909909909906
DILMA;29.943502824858758;4;55.269320843091336
DILMA;25.984251968503937;4;51.235955056179776
DILMA;31.550802139037433;4;61.88235294117647
DILMA;23.28767123287671;4;50.72463768115942
DILMA;25.423728813559322;4;51.25
DILMA;25.247524752475247;4;57.983193277310924
DILMA;31.907894736842106;4;52.83582089552239
DILMA;22.10242587601078;4;54.716981132075475
DILMA;27.358490566037737;4;52.45478036175711
DILMA;30.63063063063063;4;55.25
DILMA;23.897058823529413;4;49.73262032085562
DILMA;27.11111111111111;4;47.27272727272727
DILMA;30.249110320284696;4;55.96330275229358
DILMA;26.875;4;61.979166666666664
DILMA;33.87096774193548;4;50.56818181818182
DILMA;29.295774647887324;4;49.66442953020134
DILMA;29.26829268292683;4;57.57575757575758
DILMA;26.693227091633467;4;55.81395348837209
DILMA;30.0;4;49.54545454545455
DILMA;27.5;4;63.333333333333336
DILMA;27.976190476190474;4;51.45631067961165
DILMA;27.40740740740741;4;54.18994413407821
DILMA;32.60188087774295;4;52.824858757062145
DILMA;25.35211267605634;4;49.473684210526315
DILMA;34.85342019543974;4;53.80281690140845
DILMA;29.702970297029704;4;55.2112676056338
DILMA;33.86581469648562;4;51.445086705202314
DILMA;45.4954954954955;4;43.558282208588956
DILMA;31.3953488372093;4;51.515151515151516
DILMA;26.01156069364162;4;54.72636815920398
DILMA;35.869565217391305;4;51.5
DILMA;27.134146341463413;4;48.38709677419355
DILMA;27.761194029850746;4;50.40871934604905
DILMA;26.349206349206348;4;49.32614555256065
DILMA;25.572519083969464;4;52.508361204013376
DILMA;28.517110266159698;4;58.16326530612245
DILMA;29.577464788732396;4;56.92307692307692
DILMA;34.20289855072464;4;58.524173027989825
DILMA;43.388429752066116;4;37.993920972644375
DILMA;22.189349112426036;4;58.37696335078534
DILMA;30.857142857142858;4;53.1578947368421
DILMA;31.446540880503143;4;45.85635359116022
DILMA;33.333333333333336;4;54.18604651162791
DILMA;33.98328690807799;4;54.80093676814988
DILMA;27.027027027027028;4;52.093023255813954
DILMA;29.41176470588235;4;51.4218009478673
DILMA;31.40495867768595;4;53.61216730038023
DILMA;38.61788617886179;4;51.750972762645915
DILMA;30.084745762711865;4;52.851711026615966
DILMA;35.44303797468354;4;41.28440366972477
DILMA;26.40449438202247;4;54.72636815920398
DILMA;35.42857142857143;4;52.30769230769231
DILMA;30.508474576271187;4;55.729166666666664
DILMA;30.92105263157895;4;48.23529411764706
DILMA;34.61538461538461;4;54.78036175710594
DILMA;30.857142857142858;4;51.16279069767442
DILMA;32.81733746130031;4;54.061624649859944
DILMA;35.09316770186335;4;54.14364640883978
DILMA;27.64857881136951;4;53.619909502262445
DILMA;24.444444444444443;4;54.86725663716814
DILMA;40.963855421686745;4;40.93023255813954
DILMA;27.893175074183976;4;53.225806451612904
DILMA;28.011204481792717;4;56.23409669211196
DILMA;28.862973760932945;4;57.142857142857146
DILMA;33.130699088145896;4;57.10382513661202
DILMA;37.755102040816325;4;50.471698113207545
DILMA;28.01047120418848;4;58.666666666666664
DILMA;34.11078717201166;4;50.0
DILMA;31.728045325779036;4;54.47761194029851
DILMA;34.40233236151604;4;55.03685503685504
DILMA;30.76923076923077;4;48.10996563573883
DILMA;32.11678832116788;4;45.3551912568306
DILMA;29.805013927576603;4;54.659949622166245
DILMA;30.0;4;52.577319587628864
DILMA;27.92792792792793;4;51.670951156812336
DILMA;33.739837398373986;4;47.58364312267658
DILMA;22.437673130193907;4;52.825552825552826
DILMA;26.359832635983263;4;49.43396226415094
DILMA;32.244897959183675;4;45.38461538461539
DILMA;25.63176895306859;4;52.27272727272727
DILMA;24.354243542435423;4;55.10204081632653
DILMA;22.10796915167095;4;59.77777777777778
DILMA;37.94326241134752;4;47.540983606557376
DILMA;27.945205479452056;4;54.38202247191011
DILMA;26.5;4;57.17488789237668
DILMA;31.25;4;52.22222222222222
DILMA;36.29893238434164;4;56.15141955835962
DILMA;30.201342281879196;4;54.464285714285715
DILMA;25.0;4;54.7008547008547
DILMA;22.478386167146976;4;54.73145780051151
DILMA;22.123893805309734;4;52.429667519181585
DILMA;29.968454258675077;4;50.0
DILMA;37.2093023255814;4;45.32967032967033
DILMA;24.54308093994778;4;51.74825174825175
DILMA;27.15736040609137;4;53.40909090909091
DILMA;24.46808510638298;4;53.08056872037915
DILMA;28.698224852071007;4;46.788990825688074
DILMA;27.889447236180903;4;53.37837837837838
DILMA;23.79746835443038;4;49.66887417218543
DILMA;27.81954887218045;4;54.112554112554115
DILMA;20.09925558312655;4;59.151785714285715
DILMA;28.40909090909091;4;55.198019801980195
DILMA;45.32710280373832;4;50.88967971530249
DILMA;42.672413793103445;4;44.44444444444444
DILMA;45.76271186440678;4;42.38805970149254
DILMA;50.887573964497044;4;40.0
DILMA;46.22641509433962;4;44.52054794520548
DILMA;42.4390243902439;4;46.68989547038328
DILMA;48.13084112149533;4;45.848375451263536
DILMA;39.732142857142854;4;46.36678200692042
DILMA;46.57534246575342;4;46.31578947368421
DILMA;46.2962962962963;4;47.82608695652174
DILMA;45.8128078817734;4;43.05555555555556
DILMA;45.089285714285715;4;50.88967971530249
DILMA;50.48076923076923;4;47.67025089605735
DILMA;46.0;4;45.247148288973385
DILMA;48.1651376146789;4;42.91497975708502
DILMA;47.36842105263158;4;45.017182130584196
DILMA;46.496815286624205;4;44.078947368421055
DILMA;47.66839378238342;4;43.39622641509434
DILMA;41.78403755868545;4;49.83818770226537
DILMA;51.22950819672131;4;51.76470588235294
DILMA;48.18652849740933;4;44.44444444444444
DILMA;51.1520737327189;4;48.90510948905109
DILMA;46.192893401015226;4;49.290780141843975
DILMA;43.98148148148148;4;47.40484429065744
DILMA;43.56435643564357;4;45.91836734693877
DILMA;61.03896103896104;4;39.53488372093023
DILMA;88.59649122807018;4;39.02439024390244
DILMA;84.04255319148936;4;40.458015267175576
DILMA;74.26470588235294;4;44.24778761061947
DILMA;14.583333333333334;4;42.592592592592595
DILMA;49.59349593495935;4;38.8235294117647
DILMA;44.339622641509436;4;50.5338078291815
DILMA;45.2914798206278;4;58.0
DILMA;49.673202614379086;4;60.62992125984252
DILMA;52.747252747252745;4;45.4054054054054
DILMA;47.783251231527096;4;50.92936802973978
DILMA;43.01470588235294;4;49.71098265895954
DILMA;60.0;4;60.97560975609756
DILMA;56.68789808917197;4;59.375
DILMA;44.54976303317535;4;52.96052631578947
DILMA;44.54976303317535;4;52.11726384364821
DILMA;46.33204633204633;4;46.85314685314685
DILMA;47.34848484848485;4;53.58361774744027
DILMA;30.481283422459892;4;50.34722222222222
DILMA;32.30769230769231;4;50.0
DILMA;2.2988505747126435;4;51.61290322580645
DILMA;67.29559748427673;4;44.67213114754098
DILMA;70.96774193548387;4;43.037974683544306
DILMA;31.690140845070424;4;51.23152709359606
DILMA;35.55555555555556;4;53.46534653465346
DILMA;43.66197183098591;4;48.5632183908046
DILMA;30.088495575221238;4;55.69620253164557
DILMA;36.8421052631579;4;42.465753424657535
DILMA;28.571428571428573;4;46.32911392405063
DILMA;34.91379310344828;4;46.984924623115575
DILMA;26.070038910505836;4;44.23592493297587
DILMA;25.0;4;47.8021978021978
DILMA;29.017857142857142;4;50.692520775623265
DILMA;28.270042194092827;4;51.800554016620495
DILMA;28.481012658227847;4;44.26229508196721
DILMA;31.543624161073826;4;43.673469387755105
DILMA;29.85781990521327;4;54.340836012861736
DILMA;31.884057971014492;4;45.664739884393065
DILMA;34.97536945812808;4;43.26923076923077
DILMA;35.148514851485146;4;53.205128205128204
DILMA;29.613733905579398;4;45.54140127388535
DILMA;35.43689320388349;4;47.43202416918429
DILMA;40.090090090090094;4;48.8235294117647
DILMA;34.58646616541353;4;47.05882352941177
DILMA;35.24904214559387;4;50.0
DILMA;30.0;4;50.379746835443036
DILMA;33.460076045627375;4;47.05882352941177
DILMA;28.761061946902654;4;41.90981432360743
DILMA;35.319148936170215;4;49.859154929577464
DILMA;28.51063829787234;4;46.276595744680854
DILMA;35.32608695652174;4;48.78048780487805
DILMA;31.57894736842105;4;47.540983606557376
DILMA;35.86497890295359;4;53.40599455040872
DILMA;29.26829268292683;4;44.87179487179487
DILMA;30.19607843137255;4;50.38167938931298
DILMA;26.016260162601625;4;49.36061381074169
DILMA;33.333333333333336;4;45.60669456066945
DILMA;33.333333333333336;4;44.76987447698745
DILMA;33.52601156069364;4;43.10344827586207
DILMA;30.476190476190474;4;46.3768115942029
DILMA;33.142857142857146;4;48.026315789473685
DILMA;43.75;4;51.005025125628144
DILMA;39.55223880597015;4;45.7286432160804
DILMA;46.33204633204633;4;47.858942065491185
DILMA;46.42857142857143;4;46.56488549618321
DILMA;47.72727272727273;4;48.73737373737374
DILMA;49.438202247191015;4;51.01010101010101
DILMA;48.26086956521739;4;42.77777777777778
DILMA;47.03389830508475;4;44.875346260387815
DILMA;46.5863453815261;4;49.87341772151899
DILMA;32.12996389891697;4;49.87212276214834
DILMA;46.2406015037594;4;42.89340101522843
DILMA;49.392712550607285;4;42.56410256410256
DILMA;48.91304347826087;4;43.037974683544306
DILMA;32.35294117647059;4;48.888888888888886
DILMA;33.333333333333336;4;47.05882352941177
DILMA;31.98198198198198;4;46.62756598240469
DILMA;32.18884120171674;4;51.88405797101449
DILMA;32.367149758454104;4;49.554896142433236
DILMA;55.78947368421053;4;44.70198675496689
DILMA;44.01544401544402;4;42.673521850899746
DILMA;32.330827067669176;4;47.68041237113402
DILMA;57.2463768115942;4;44.95798319327731
DILMA;36.904761904761905;4;57.74647887323944
DILMA;33.898305084745765;4;50.416666666666664
DILMA;34.27230046948357;4;47.96238244514107
DILMA;31.11111111111111;4;51.75438596491228
DILMA;50.81967213114754;4;45.18828451882845
DILMA;31.27962085308057;4;58.19935691318328
DILMA;28.365384615384617;4;54.92063492063492
DILMA;30.03802281368821;4;45.45454545454545
DILMA;24.88479262672811;4;50.453172205438065
DILMA;36.91588785046729;4;50.292397660818715
DILMA;35.294117647058826;4;53.403141361256544
DILMA;26.630434782608695;4;53.355704697986575
DILMA;55.88235294117647;4;49.20634920634921
DILMA;28.125;4;45.78005115089514
DILMA;25.90909090909091;4;53.674121405750796
DILMA;34.63414634146341;4;51.265822784810126
DILMA;55.88235294117647;4;43.037974683544306
DILMA;67.24137931034483;4;49.3421052631579
DILMA;31.11111111111111;4;48.95522388059702
DILMA;32.97872340425532;4;48.717948717948715
DILMA;32.21153846153846;4;49.421965317919074
DILMA;19.0;4;54.43037974683544
DILMA;26.55367231638418;4;43.262411347517734
DILMA;34.412955465587046;4;55.02008032128514
DILMA;26.5;4;53.46820809248555
DILMA;30.057803468208093;4;51.492537313432834
DILMA;59.39393939393939;4;45.490196078431374
DILMA;40.833333333333336;4;55.61797752808989
DILMA;53.246753246753244;4;54.77031802120141
DILMA;47.59036144578313;4;51.48514851485149
DILMA;41.666666666666664;4;46.70487106017192
DILMA;37.5;4;50.95367847411444
DILMA;27.894736842105264;4;52.36220472440945
DILMA;25.0;4;50.872093023255815
DILMA;29.333333333333332;4;56.130790190735695
DILMA;27.95275590551181;4;56.11702127659574
DILMA;27.66798418972332;4;48.346055979643765
DILMA;35.35353535353536;4;60.18957345971564
DILMA;43.005181347150256;4;49.48096885813149
DILMA;6.25;4;3.8461538461538463
DILMA;44.89795918367347;4;42.52336448598131
DILMA;35.90909090909091;4;48.16901408450704
DILMA;40.67796610169491;4;53.048780487804876
DILMA;41.54589371980676;4;46.951219512195124
DILMA;55.303030303030305;4;51.047120418848166
DILMA;59.375;4;55.0531914893617
DILMA;44.796380090497735;4;49.397590361445786
DILMA;57.59493670886076;4;47.86967418546366
DILMA;39.56043956043956;4;54.0
DILMA;42.93478260869565;4;46.540880503144656
DILMA;36.18677042801556;4;54.54545454545455
DILMA;35.24590163934426;4;42.21105527638191
DILMA;28.125;4;49.787234042553195
DILMA;35.34136546184739;4;50.72463768115942
DILMA;33.333333333333336;4;49.14675767918089
DILMA;35.507246376811594;4;45.32710280373832
DILMA;48.57142857142857;4;39.40217391304348
DILMA;47.61904761904762;4;46.981627296587924
DILMA;49.390243902439025;4;48.484848484848484
DILMA;37.5;4;51.13636363636363
DILMA;35.0;4;49.746192893401016
DILMA;41.2;4;50.43988269794721
DILMA;37.2093023255814;4;51.83098591549296
DILMA;36.99186991869919;4;50.279329608938546
DILMA;43.82022471910113;4;44.252873563218394
DILMA;40.14598540145985;4;49.0
DILMA;39.705882352941174;4;55.0
DILMA;43.65079365079365;4;49.19786096256684
DILMA;40.0;4;44.827586206896555
DILMA;37.81512605042017;4;52.80898876404494
DILMA;39.66244725738397;4;52.525252525252526
DILMA;39.21568627450981;4;48.34710743801653
DILMA;47.89272030651341;4;50.0
DILMA;31.088082901554404;4;46.18320610687023
DILMA;38.57677902621723;4;51.566951566951566
DILMA;31.25;4;50.0
DILMA;27.80269058295964;4;54.629629629629626
DILMA;33.50785340314136;4;46.3768115942029
DILMA;42.51012145748988;4;57.262569832402235
DILMA;44.921875;4;48.54111405835544
DILMA;47.34299516908212;4;49.34640522875817
DILMA;46.875;4;51.92878338278932
DILMA;47.08029197080292;4;40.458015267175576
DILMA;48.35164835164835;4;42.25721784776903
DILMA;45.418326693227094;4;44.04145077720207
DILMA;55.6420233463035;4;51.05820105820106
DILMA;40.0;4;45.51724137931034
DILMA;39.24050632911393;4;48.346055979643765
DILMA;43.02325581395349;4;46.97508896797153
DILMA;37.5;4;50.0
DILMA;52.99145299145299;4;42.10526315789474
DILMA;38.009049773755656;4;52.0
DILMA;41.63424124513619;4;48.73096446700507
DILMA;35.44303797468354;4;48.75
DILMA;34.55882352941177;4;50.666666666666664
DILMA;38.35616438356164;4;53.1986531986532
DILMA;37.93103448275862;4;44.6875
DILMA;32.231404958677686;4;46.246246246246244
DILMA;42.241379310344826;4;49.671052631578945
DILMA;26.16822429906542;4;46.08294930875576
DILMA;53.43511450381679;4;48.302872062663184
DILMA;49.45652173913044;4;45.55555555555556
DILMA;50.0;4;43.70629370629371
DILMA;41.25;4;44.89795918367347
DILMA;17.5;4;39.543726235741445
DILMA;40.229885057471265;4;35.83815028901734
DILMA;29.41176470588235;4;52.049180327868854
DILMA;35.13513513513514;4;45.806451612903224
DILMA;43.07116104868914;4;46.56488549618321
DILMA;40.09661835748792;4;52.73972602739726
DILMA;43.82022471910113;4;48.39857651245551
DILMA;38.4180790960452;4;48.25174825174825
DILMA;32.25806451612903;4;44.966442953020135
DILMA;31.12033195020747;4;49.85422740524781
DILMA;49.31506849315068;4;48.58757062146893
DILMA;39.44954128440367;4;49.69135802469136
DILMA;38.38383838383838;4;41.785714285714285
DILMA;60.674157303370784;4;46.06060606060606
DILMA;29.288702928870293;4;54.794520547945204
DILMA;34.73684210526316;4;50.0
DILMA;56.47482014388489;4;46.64879356568365
DILMA;58.26086956521739;4;44.148936170212764
DILMA;56.557377049180324;4;46.5
DILMA;37.15415019762846;4;53.333333333333336
DILMA;33.99014778325123;4;49.81684981684982
DILMA;38.36206896551724;4;47.66355140186916
DILMA;35.98326359832636;4;50.700280112044815
DILMA;32.95019157088122;4;50.40871934604905
DILMA;33.06122448979592;4;49.54128440366973
DILMA;58.65384615384615;4;51.392405063291136
DILMA;36.563876651982376;4;49.14675767918089
DILMA;26.548672566371682;4;51.57232704402516
DILMA;40.44117647058823;4;50.51813471502591
DILMA;33.333333333333336;4;51.470588235294116
DILMA;38.46153846153846;4;49.61636828644501
DILMA;47.5177304964539;4;45.12820512820513
DILMA;44.099378881987576;4;42.06008583690987
DILMA;39.23444976076555;4;52.92096219931271
DILMA;37.75100401606426;4;50.14577259475219
DILMA;39.682539682539684;4;46.71052631578947
DILMA;41.01123595505618;4;53.90070921985816
DILMA;50.79365079365079;4;46.09665427509294
DILMA;43.58974358974359;4;41.76470588235294
DILMA;46.733668341708544;4;48.0565371024735
DILMA;37.59124087591241;4;50.86206896551724
DILMA;26.785714285714285;4;50.0
DILMA;50.191570881226056;4;51.675977653631286
DILMA;32.22222222222222;4;57.381615598885794
DILMA;39.71291866028708;4;56.17977528089887
DILMA;52.83018867924528;4;48.36065573770492
DILMA;38.53658536585366;4;56.578947368421055
DILMA;33.60655737704918;4;51.24223602484472
DILMA;51.851851851851855;4;53.2
DILMA;37.3134328358209;4;44.01913875598086
DILMA;29.24901185770751;4;46.546546546546544
DILMA;34.285714285714285;4;47.023809523809526
DILMA;45.93023255813954;4;46.55172413793103
DILMA;56.52173913043478;4;45.40682414698163
DILMA;35.39823008849557;4;40.21739130434783
DILMA;46.794871794871796;4;46.36678200692042
DILMA;36.610169491525426;4;49.48979591836735
DILMA;40.13157894736842;4;54.95495495495496
DILMA;32.79352226720648;4;52.0775623268698
DILMA;60.256410256410255;4;51.74418604651163
DILMA;31.41025641025641;4;50.86206896551724
DILMA;54.31472081218274;4;46.579804560260584
DILMA;33.333333333333336;4;1.7857142857142858
DILMA;50.0;4;52.36768802228412
DILMA;28.87323943661972;4;47.783251231527096
DILMA;41.891891891891895;4;58.99053627760252
DILMA;38.52813852813853;4;52.10843373493976
DILMA;43.18181818181818;4;49.479166666666664
DILMA;53.90625;4;49.75124378109453
DILMA;47.0;4;51.88916876574307
DILMA;56.18556701030928;4;48.62068965517241
DILMA;51.401869158878505;4;50.750750750750754
DILMA;46.93877551020408;4;43.92857142857143
DILMA;43.58974358974359;4;52.22929936305732
DILMA;81.67539267015707;4;46.012269938650306
DILMA;61.855670103092784;4;46.96485623003195
DILMA;39.91935483870968;4;49.27113702623907
DILMA;49.794238683127574;4;53.41246290801187
DILMA;41.24513618677043;4;51.16279069767442
DILMA;45.859872611464965;4;48.72727272727273
DILMA;32.18390804597701;4;50.98039215686274
DILMA;31.550802139037433;4;53.55648535564853
DILMA;36.76470588235294;4;52.90519877675841
DILMA;41.221374045801525;4;50.78534031413613
DILMA;29.032258064516128;4;52.38095238095238
DILMA;27.93522267206478;4;50.90909090909091
DILMA;33.88429752066116;4;54.716981132075475
DILMA;38.095238095238095;4;62.31884057971015
DILMA;41.36690647482014;4;49.746192893401016
DILMA;49.38775510204081;4;45.15235457063712
DILMA;36.14035087719298;4;50.0
DILMA;33.739837398373986;4;55.013550135501355
DILMA;27.510917030567686;4;52.77777777777778
DILMA;40.74074074074074;4;55.02958579881657
DILMA;35.23809523809524;4;55.59322033898305
DILMA;35.55555555555556;4;49.86807387862797
DILMA;38.732394366197184;4;54.146341463414636
DILMA;38.392857142857146;4;54.86725663716814
DILMA;38.63636363636363;4;52.53164556962025
DILMA;38.96103896103896;4;52.97450424929178
DILMA;34.82587064676617;4;47.03703703703704
DILMA;47.52066115702479;4;57.60233918128655
DILMA;33.75796178343949;4;56.14754098360656
DILMA;57.54385964912281;4;50.63613231552163
DILMA;51.401869158878505;4;51.940298507462686
DILMA;47.148288973384034;4;48.167539267015705
DILMA;33.87096774193548;4;52.17391304347826
DILMA;57.06214689265537;4;55.28455284552845
DILMA;36.36363636363637;4;47.333333333333336
DILMA;32.22222222222222;4;52.84974093264249
DILMA;48.58156028368794;4;56.80628272251309
DILMA;35.36585365853659;4;48.44444444444444
DILMA;66.66666666666667;4;52.69230769230769
DILMA;11.794871794871796;4;46.402877697841724
DILMA;45.91439688715953;4;51.351351351351354
DILMA;74.73684210526316;4;55.511811023622045
DILMA;82.46753246753246;4;45.18072289156626
DILMA;39.62264150943396;4;51.23152709359606
DILMA;47.906976744186046;4;42.950819672131146
DILMA;40.21164021164021;4;50.38461538461539
DILMA;29.23076923076923;4;46.52567975830816
DILMA;47.27272727272727;4;48.31460674157304
DILMA;32.098765432098766;4;51.16959064327485
DILMA;37.93103448275862;4;48.148148148148145
DILMA;46.902654867256636;4;43.16353887399464
DILMA;13.333333333333334;4;53.6231884057971
DILMA;63.829787234042556;4;42.857142857142854
DILMA;40.94488188976378;4;49.30362116991643
DILMA;35.44303797468354;4;50.595238095238095
DILMA;18.181818181818183;4;41.12149532710281
DILMA;36.87150837988827;4;51.16279069767442
DILMA;18.94736842105263;4;53.278688524590166
DILMA;27.950310559006212;4;48.582995951417004
DILMA;34.61538461538461;4;47.59825327510917
DILMA;46.03174603174603;4;49.18032786885246
DILMA;64.86486486486487;4;50.0
DILMA;25.94142259414226;4;50.892857142857146
DILMA;35.77235772357724;4;48.81516587677725
DILMA;51.18483412322275;4;48.80952380952381
DILMA;57.526881720430104;4;49.44237918215613
DILMA;47.00854700854701;4;47.66839378238342
DILMA;38.69047619047619;4;51.351351351351354
DILMA;32.87671232876713;4;56.09756097560975
DILMA;88.39779005524862;4;52.81385281385281
DILMA;24.742268041237114;4;44.52554744525548
DILMA;85.08771929824562;4;52.071005917159766
DILMA;53.535353535353536;4;47.019867549668874
DILMA;37.908496732026144;4;49.45054945054945
DILMA;28.26086956521739;4;55.6390977443609
DILMA;82.25806451612904;4;51.07913669064748
DILMA;32.63157894736842;4;50.81967213114754
DILMA;50.666666666666664;4;51.295336787564764
DILMA;35.53719008264463;4;48.458149779735685
DILMA;52.205882352941174;4;56.557377049180324
DILMA;65.625;4;45.77114427860697
DILMA;35.0;4;55.725190839694655
DILMA;50.0;4;46.31578947368421
DILMA;23.28767123287671;4;45.0
DILMA;34.285714285714285;4;50.91383812010444
DILMA;32.06106870229008;4;48.29545454545455
DILMA;44.15584415584416;4;50.76923076923077
DILMA;75.33333333333333;4;48.18652849740933
DILMA;42.42424242424242;4;47.45762711864407
DILMA;39.86486486486486;4;47.53363228699551
DILMA;53.84615384615385;4;44.03292181069959
DILMA;50.0;4;41.48148148148148
DILMA;33.58490566037736;4;51.89504373177842
DILMA;41.51624548736462;4;52.89017341040462
DILMA;42.45283018867924;4;49.3421052631579
DILMA;59.23076923076923;4;46.666666666666664
DILMA;96.8;4;50.91743119266055
DILMA;46.03174603174603;4;52.47148288973384
DILMA;37.2093023255814;4;52.285714285714285
DILMA;57.54716981132076;4;56.60377358490566
DILMA;34.72222222222222;4;50.3448275862069
DILMA;50.75757575757576;4;52.46376811594203
DILMA;42.10526315789474;4;55.172413793103445
DILMA;31.645569620253166;4;42.99065420560748
DILMA;52.83018867924528;4;44.26229508196721
DILMA;38.578680203045685;4;50.64102564102564
DILMA;34.30962343096234;4;48.86363636363637
DILMA;33.830845771144276;4;54.225352112676056
DILMA;40.229885057471265;4;49.85163204747774
DILMA;38.429752066115704;4;51.19047619047619
DILMA;36.29032258064516;4;51.661631419939575
DILMA;41.201716738197426;4;53.559322033898304
DILMA;39.45945945945946;4;48.409893992932865
DILMA;36.94581280788177;4;51.41843971631206
DILMA;34.76702508960574;4;42.45524296675192
DILMA;37.99126637554585;4;52.325581395348834
DILMA;35.56485355648535;4;54.92537313432836
DILMA;37.71186440677966;4;49.554896142433236
DILMA;35.0210970464135;4;53.293413173652695
DILMA;38.8663967611336;4;52.42424242424242
DILMA;37.086092715231786;4;42.73504273504273
DILMA;30.0;4;49.70059880239521
DILMA;38.46153846153846;4;52.83018867924528
DILMA;34.93975903614458;4;50.61224489795919
DILMA;40.57142857142857;4;56.37860082304527
DILMA;42.56198347107438;4;50.146627565982406
DILMA;40.15444015444015;4;52.52225519287834
DILMA;32.97872340425532;4;47.916666666666664
DILMA;32.16374269005848;4;51.16279069767442
DILMA;41.05691056910569;4;51.91740412979351
DILMA;37.130801687763714;4;54.67836257309941
DILMA;34.355828220858896;4;44.91525423728814
DILMA;45.0;4;54.337899543378995
DILMA;31.35593220338983;4;50.91743119266055
DILMA;34.53237410071942;4;53.65853658536585
DILMA;41.61073825503356;4;54.22885572139303
DILMA;40.0;4;58.048780487804876
DILMA;40.24896265560166;4;56.15615615615616
DILMA;39.24731182795699;4;58.74125874125874
DILMA;38.94230769230769;4;54.11764705882353
DILMA;25.43859649122807;4;45.3551912568306
DILMA;41.666666666666664;4;46.15384615384615
DILMA;43.08300395256917;4;45.572916666666664
DILMA;49.57983193277311;4;45.833333333333336
DILMA;44.888888888888886;4;44.02332361516035
DILMA;41.42259414225941;4;44.02332361516035
DILMA;54.0084388185654;4;51.8041237113402
DILMA;53.57142857142857;4;48.05194805194805
DILMA;45.0;4;45.382585751978894
DILMA;41.566265060240966;4;61.53846153846154
DILMA;47.27272727272727;4;47.61904761904762
DILMA;39.78102189781022;4;47.32824427480916
DILMA;46.31578947368421;4;52.29681978798587
DILMA;39.90384615384615;4;47.945205479452056
DILMA;37.98882681564246;4;48.507462686567166
DILMA;37.64705882352941;4;43.89312977099237
DILMA;40.78947368421053;4;51.98675496688742
DILMA;38.18181818181818;4;50.42492917847026
DILMA;38.41463414634146;4;49.6
DILMA;38.57142857142857;4;50.38167938931298
DILMA;48.01980198019802;4;48.85245901639344
DILMA;46.951219512195124;4;44.63519313304721
DILMA;43.109540636042404;4;55.216284987277355
DILMA;42.33576642335766;4;52.295918367346935
DILMA;43.43891402714932;4;47.03196347031963
DILMA;42.4812030075188;4;51.53061224489796
DILMA;42.857142857142854;4;45.45454545454545
DILMA;43.96551724137931;4;51.18343195266272
DILMA;58.56353591160221;4;43.37748344370861
DILMA;55.348837209302324;4;42.94478527607362
DILMA;50.602409638554214;4;50.0
DILMA;37.07865168539326;4;48.1203007518797
DILMA;98.1981981981982;4;48.529411764705884
DILMA;64.70588235294117;4;47.96747967479675
DILMA;51.19047619047619;4;53.30739299610895
DILMA;54.40414507772021;4;49.826989619377166
DILMA;90.47619047619048;4;42.666666666666664
DILMA;55.90909090909091;4;52.547770700636946
DILMA;42.95302013422819;4;50.0
DILMA;55.38461538461539;4;48.8235294117647
DILMA;54.066985645933016;4;47.2972972972973
DILMA;73.62637362637362;4;47.15447154471545
DILMA;59.73154362416108;4;49.193548387096776
DILMA;47.857142857142854;4;50.18867924528302
DILMA;53.191489361702125;4;50.0
DILMA;51.64835164835165;4;44.87179487179487
DILMA;54.411764705882355;4;52.27272727272727
DILMA;50.0;4;40.38461538461539
DILMA;46.56488549618321;4;39.83050847457627
DILMA;47.03196347031963;4;47.138047138047135
DILMA;52.94117647058823;4;49.78902953586498
DILMA;52.65486725663717;4;47.712418300653596
DILMA;49.18032786885246;4;53.082191780821915
DILMA;54.375;4;49.00398406374502
DILMA;52.036199095022624;4;46.34920634920635
DILMA;38.62660944206009;4;50.5338078291815
DILMA;46.32768361581921;4;50.541516245487365
DILMA;56.14035087719298;4;49.31506849315068
DILMA;48.87640449438202;4;57.6271186440678
DILMA;47.78761061946903;4;47.92332268370607
DILMA;42.857142857142854;4;38.775510204081634
DILMA;47.524752475247524;4;41.95583596214511
DILMA;59.111111111111114;4;43.065693430656935
DILMA;50.810810810810814;4;50.85324232081911
DILMA;57.34265734265734;4;47.32824427480916
DILMA;51.70454545454545;4;49.629629629629626
DILMA;56.98924731182796;4;43.68600682593857
DILMA;56.111111111111114;4;44.51827242524917
DILMA;52.747252747252745;4;51.60142348754449
DILMA;50.5;4;47.73519163763066
DILMA;57.94871794871795;4;47.138047138047135
DILMA;56.544502617801044;4;45.89041095890411
DILMA;59.68586387434555;4;44.40559440559441
DILMA;50.54347826086956;4;51.515151515151516
DILMA;56.353591160220994;4;43.109540636042404
DILMA;51.336898395721924;4;40.20618556701031
DILMA;54.45026178010471;4;50.51903114186851
DILMA;55.02958579881657;4;50.3875968992248
DILMA;53.7037037037037;4;55.60344827586207
DILMA;55.98086124401914;4;42.71186440677966
DILMA;47.59615384615385;4;44.40677966101695
DILMA;57.926829268292686;4;52.22672064777328
DILMA;48.07692307692308;4;43.346007604562736
DILMA;61.452513966480446;4;53.386454183266935
DILMA;55.729166666666664;4;51.96078431372549
DILMA;60.1123595505618;4;45.39249146757679
DILMA;57.05128205128205;4;50.18450184501845
DILMA;51.92307692307692;4;47.50830564784053
DILMA;61.111111111111114;4;40.94488188976378
DILMA;77.21518987341773;4;39.53488372093023
DILMA;70.67669172932331;4;48.708487084870846
DILMA;65.35433070866142;4;42.34234234234234
DILMA;56.60377358490566;4;37.916666666666664
DILMA;46.951219512195124;4;45.67901234567901
DILMA;48.04469273743017;4;51.27272727272727
DILMA;65.42056074766356;4;42.5414364640884
DILMA;75.5813953488372;4;46.18473895582329
DILMA;56.68789808917197;4;41.666666666666664
DILMA;64.36781609195403;4;44.50867052023121
DILMA;65.24064171122994;4;46.666666666666664
DILMA;59.09090909090909;4;48.82943143812709
DILMA;61.80555555555556;4;52.5
DILMA;57.142857142857146;4;50.671140939597315
DILMA;55.27950310559006;4;47.407407407407405
DILMA;57.59493670886076;4;46.18181818181818
DILMA;43.18181818181818;4;43.40836012861736
DILMA;46.951219512195124;4;53.17460317460318
DILMA;57.142857142857146;4;48.648648648648646
DILMA;58.94736842105263;4;51.50375939849624
DILMA;90.55555555555556;4;45.0
DILMA;88.06818181818181;4;48.095238095238095
DILMA;52.79503105590062;4;46.98795180722892
DILMA;45.39007092198582;4;47.66355140186916
DILMA;49.30232558139535;4;50.16722408026756
DILMA;55.15151515151515;4;49.42528735632184
DILMA;74.17218543046357;4;40.869565217391305
DILMA;53.225806451612904;4;49.333333333333336
DILMA;56.613756613756614;4;54.73684210526316
DILMA;55.23255813953488;4;54.29553264604811
DILMA;54.21052631578947;4;53.1986531986532
DILMA;56.21890547263681;4;55.08771929824562
DILMA;54.54545454545455;4;54.1044776119403
DILMA;51.707317073170735;4;49.529780564263326
DILMA;55.747126436781606;4;56.2992125984252
DILMA;64.8854961832061;4;49.528301886792455
DILMA;53.44827586206897;4;50.51903114186851
DILMA;47.286821705426355;4;44.38775510204081
DILMA;54.81481481481482;4;48.35680751173709
DILMA;34.946236559139784;4;46.94656488549618
DILMA;27.96934865900383;4;50.828729281767956
DILMA;57.31707317073171;4;41.97530864197531
DILMA;48.148148148148145;4;40.95238095238095
DILMA;49.26470588235294;4;45.4054054054054
DILMA;61.40350877192982;4;45.138888888888886
DILMA;59.74025974025974;4;51.401869158878505
DILMA;29.69924812030075;4;52.67379679144385
DILMA;31.896551724137932;4;52.89017341040462
DILMA;35.08064516129032;4;52.46376811594203
DILMA;85.8974358974359;4;41.81818181818182
DILMA;29.62962962962963;4;39.682539682539684
DILMA;39.436619718309856;4;51.01010101010101
DILMA;38.095238095238095;4;45.070422535211264
DILMA;39.39393939393939;4;51.25
DILMA;20.967741935483872;4;47.142857142857146
DILMA;55.81395348837209;4;46.0
DILMA;59.32203389830509;4;51.68539325842696
DILMA;36.53846153846154;4;55.932203389830505
DILMA;27.888446215139442;4;52.44956772334294
DILMA;79.36507936507937;4;34.09090909090909
DILMA;32.8719723183391;4;53.66492146596859
DILMA;38.62068965517241;4;46.30541871921182
DILMA;37.109375;4;53.25443786982248
DILMA;35.86497890295359;4;51.41509433962264
DILMA;47.26027397260274;4;44.72361809045226
DILMA;43.333333333333336;4;56.9377990430622
DILMA;35.947712418300654;4;44.6078431372549
DILMA;38.94230769230769;4;46.808510638297875
DILMA;41.41414141414141;4;51.985559566787
DILMA;32.20338983050848;4;43.558282208588956
DILMA;30.357142857142858;4;50.16181229773463
DILMA;42.7007299270073;4;44.17989417989418
DILMA;41.87725631768953;4;47.58064516129032
DILMA;32.27272727272727;4;48.226950354609926
DILMA;30.240549828178693;4;49.48979591836735
DILMA;36.86274509803921;4;51.81058495821727
DILMA;39.38223938223938;4;46.5564738292011
DILMA;28.11244979919679;4;54.464285714285715
DILMA;38.19095477386934;4;50.2092050209205
DILMA;40.7035175879397;4;42.14876033057851
DILMA;41.851851851851855;4;46.68769716088328
DILMA;35.57046979865772;4;49.22680412371134
DILMA;39.69465648854962;4;51.49501661129568
DILMA;43.41085271317829;4;50.0
DILMA;39.55555555555556;4;50.333333333333336
DILMA;44.51219512195122;4;54.679802955665025
DILMA;33.46774193548387;4;55.90778097982709
DILMA;46.35761589403973;4;49.86449864498645
DILMA;45.30612244897959;4;50.666666666666664
DILMA;33.75796178343949;4;47.02970297029703
DILMA;37.01298701298701;4;41.395348837209305
DILMA;36.329588014981276;4;43.768115942028984
DILMA;32.92181069958848;4;51.62241887905605
DILMA;35.874439461883405;4;50.168350168350166
DILMA;31.007751937984494;4;47.953216374269005
DILMA;40.34334763948498;4;48.754448398576514
DILMA;40.93023255813954;4;50.836120401337794
DILMA;32.945736434108525;4;44.11764705882353
DILMA;31.316725978647685;4;52.33160621761658
DILMA;29.387755102040817;4;48.23529411764706
DILMA;32.421875;4;49.7093023255814
DILMA;31.4878892733564;4;48.266666666666666
DILMA;37.97909407665505;4;54.666666666666664
DILMA;32.64604810996563;4;49.6
DILMA;37.5;4;53.529411764705884
DILMA;46.351931330472105;4;49.642857142857146
DILMA;27.74869109947644;4;44.13793103448276
DILMA;75.67567567567568;4;43.7956204379562
DILMA;35.57692307692308;4;42.07119741100323
DILMA;42.10526315789474;4;50.476190476190474
DILMA;27.428571428571427;4;43.258426966292134
DILMA;32.74021352313167;4;48.1958762886598
DILMA;39.320388349514566;4;50.495049504950494
DILMA;30.545454545454547;4;45.57640750670241
DILMA;33.08550185873606;4;54.91803278688525
DILMA;36.86274509803921;4;51.1764705882353
DILMA;40.14598540145985;4;51.36612021857923
DILMA;35.96837944664031;4;54.11764705882353
DILMA;32.98245614035088;4;49.32614555256065
DILMA;42.16867469879518;4;47.58269720101781
DILMA;39.37007874015748;4;49.56521739130435
DILMA;32.388663967611336;4;55.55555555555556
DILMA;65.21739130434783;4;43.529411764705884
DILMA;33.93665158371041;4;48.51485148514851
DILMA;37.5;4;46.408839779005525
DILMA;40.65934065934066;4;50.476190476190474
DILMA;21.73913043478261;4;43.220338983050844
DILMA;45.0;4;55.12820512820513
DILMA;35.76158940397351;4;51.336898395721924
DILMA;38.28996282527881;4;52.22222222222222
DILMA;37.5968992248062;4;48.54651162790697
DILMA;29.961089494163424;4;52.05882352941177
DILMA;73.33333333333333;4;43.7246963562753
DILMA;77.97619047619048;4;46.19047619047619
DILMA;35.602094240837694;4;46.84385382059801
DILMA;40.0;4;52.33918128654971
DILMA;44.630872483221474;4;53.20855614973262
DILMA;24.752475247524753;4;49.63503649635037
DILMA;36.65338645418327;4;49.70238095238095
DILMA;34.30232558139535;4;58.189655172413794
DILMA;39.705882352941174;4;53.73961218836565
DILMA;29.51388888888889;4;49.61439588688946
DILMA;39.25925925925926;4;52.472527472527474
DILMA;35.507246376811594;4;48.58611825192802
DILMA;34.25196850393701;4;55.81395348837209
DILMA;30.37037037037037;4;46.57534246575342
DILMA;38.914027149321264;4;50.505050505050505
DILMA;34.01639344262295;4;53.37078651685393
DILMA;39.473684210526315;4;48.60335195530726
DILMA;39.20863309352518;4;52.41935483870968
DILMA;41.53846153846154;4;55.094339622641506
DILMA;44.44444444444444;4;43.78378378378378
DILMA;45.55555555555556;4;45.23809523809524
DILMA;54.166666666666664;4;41.05263157894737
DILMA;12.977099236641221;4;45.16129032258065
DILMA;61.904761904761905;4;49.81818181818182
DILMA;52.513966480446925;4;50.19455252918288
DILMA;58.19209039548023;4;45.878136200716845
DILMA;54.09836065573771;4;47.48201438848921
DILMA;54.891304347826086;4;45.90747330960854
DILMA;52.12765957446808;4;47.65342960288809
DILMA;58.69565217391305;4;51.95729537366548
DILMA;51.70068027210884;4;44.34782608695652
DILMA;54.4973544973545;4;46.85314685314685
DILMA;55.38461538461539;4;52.18978102189781
DILMA;50.0;4;54.804270462633454
DILMA;55.11363636363637;4;49.6124031007752
DILMA;50.76142131979695;4;43.56060606060606
DILMA;52.02020202020202;4;45.21072796934866
DILMA;54.14364640883978;4;41.86046511627907
DILMA;56.024096385542165;4;47.87644787644788
DILMA;49.404761904761905;4;41.6
DILMA;48.924731182795696;4;51.50375939849624
DILMA;52.906976744186046;4;47.674418604651166
DILMA;60.810810810810814;4;49.327354260089685
DILMA;53.191489361702125;4;45.02164502164502
DILMA;63.58695652173913;4;54.255319148936174
DILMA;47.474747474747474;4;47.1042471042471
DILMA;69.10994764397905;4;39.568345323741006
DILMA;61.93181818181818;4;47.05882352941177
DILMA;51.39664804469274;4;48.56115107913669
DILMA;56.21890547263681;4;49.09747292418773
DILMA;56.19047619047619;4;44.250871080139376
DILMA;53.63128491620112;4;53.28185328185328
DILMA;57.89473684210526;4;56.626506024096386
DILMA;52.17391304347826;4;50.50847457627118
DILMA;52.06185567010309;4;50.57471264367816
DILMA;50.490196078431374;4;54.19580419580419
DILMA;55.73770491803279;4;50.191570881226056
DILMA;66.33663366336634;4;50.173010380622834
DILMA;58.76288659793814;4;50.0
DILMA;58.56353591160221;4;50.79365079365079
DILMA;45.97315436241611;4;54.77178423236514
DILMA;56.41025641025641;4;46.20938628158845
DILMA;92.06349206349206;4;45.033112582781456
DILMA;64.08450704225352;4;46.285714285714285
DILMA;78.02197802197803;4;43.373493975903614
DILMA;68.72037914691943;4;50.34965034965035
DILMA;49.46808510638298;4;54.87364620938628
DILMA;48.648648648648646;4;43.67816091954023
DILMA;51.666666666666664;4;44.40298507462686
DILMA;46.97674418604651;4;44.13793103448276
DILMA;82.0;4;44.38202247191011
DILMA;81.875;4;49.32432432432432
DILMA;48.704663212435236;4;51.95729537366548
DILMA;85.45454545454545;4;28.048780487804876
DILMA;63.888888888888886;4;43.92156862745098
DILMA;45.026178010471206;4;53.99239543726236
DILMA;50.588235294117645;4;43.65079365079365
DILMA;49.44444444444444;4;49.80392156862745
DILMA;59.58188153310105;4;49.07749077490775
DILMA;53.881278538812786;4;48.986486486486484
DILMA;84.72222222222223;4;54.966887417218544
DILMA;67.11409395973155;4;46.42857142857143
DILMA;55.55555555555556;4;52.0
DILMA;47.093023255813954;4;46.27450980392157
DILMA;91.53439153439153;4;53.982300884955755
DILMA;98.02631578947368;4;47.82608695652174
DILMA;57.42574257425743;4;54.83870967741935
DILMA;58.13953488372093;4;48.35164835164835
DILMA;51.515151515151516;4;50.714285714285715
DILMA;65.11627906976744;4;43.421052631578945
DILMA;60.0;4;48.616600790513836
DILMA;56.60377358490566;4;52.20338983050848
DILMA;52.7363184079602;4;50.70422535211268
DILMA;72.64957264957265;4;49.044585987261144
DILMA;50.89820359281437;4;50.98039215686274
DILMA;34.35114503816794;4;46.32768361581921
DILMA;34.30232558139535;4;52.94117647058823
DILMA;32.432432432432435;4;49.280575539568346
DILMA;33.06122448979592;4;47.740112994350284
DILMA;42.857142857142854;4;45.54794520547945
DILMA;28.846153846153847;4;45.32871972318339
DILMA;21.962616822429908;4;38.17567567567568
DILMA;23.853211009174313;4;46.95945945945946
DILMA;23.300970873786408;4;43.986254295532646
DILMA;26.470588235294116;4;47.23127035830619
DILMA;29.72972972972973;4;48.88059701492537
DILMA;24.701195219123505;4;46.38157894736842
DILMA;29.646017699115045;4;45.333333333333336
DILMA;28.877005347593585;4;46.86346863468635
DILMA;30.952380952380953;4;45.32710280373832
DILMA;31.004366812227076;4;46.056782334384856
DILMA;27.310924369747898;4;44.759206798866856
DILMA;29.6;4;51.4792899408284
DILMA;32.327586206896555;4;51.68539325842696
DILMA;27.860696517412936;4;46.8
DILMA;21.48148148148148;4;38.764044943820224
DILMA;22.026431718061673;4;42.950819672131146
DILMA;23.497267759562842;4;47.45762711864407
DILMA;24.896265560165975;4;44.983818770226534
DILMA;34.10852713178294;4;49.43181818181818
DILMA;42.857142857142854;4;43.91304347826087
DILMA;30.434782608695652;4;52.58358662613982
DILMA;43.35260115606936;4;44.398340248962654
DILMA;28.658536585365855;4;49.074074074074076
DILMA;30.042918454935624;4;49.37888198757764
DILMA;23.728813559322035;4;46.47302904564315
DILMA;31.70731707317073;4;51.04477611940298
DILMA;39.075630252100844;4;51.9434628975265
DILMA;28.79581151832461;4;44.67213114754098
DILMA;32.8125;4;50.147492625368734
DILMA;34.09090909090909;4;45.97315436241611
DILMA;27.976190476190474;4;49.56896551724138
DILMA;30.386740331491712;4;47.107438016528924
DILMA;29.493087557603687;4;49.21135646687697
DILMA;27.932960893854748;4;47.85992217898833
DILMA;41.06280193236715;4;47.35099337748344
DILMA;30.80168776371308;4;52.259887005649716
DILMA;30.27027027027027;4;47.35099337748344
DILMA;27.419354838709676;4;45.878136200716845
DILMA;28.467153284671532;4;55.0
DILMA;32.77777777777778;4;45.67901234567901
DILMA;34.5679012345679;4;43.54838709677419
DILMA;40.714285714285715;4;47.69230769230769
DILMA;25.263157894736842;4;47.77327935222672
DILMA;54.83870967741935;4;43.75
DILMA;36.75213675213675;4;45.97315436241611
DILMA;40.42553191489362;4;48.275862068965516
DILMA;34.355828220858896;4;45.893719806763286
DILMA;32.6530612244898;4;51.204819277108435
DILMA;34.92537313432836;4;43.41317365269461
DILMA;39.17197452229299;4;47.25609756097561
DILMA;30.37037037037037;4;46.875
DILMA;34.04255319148936;4;47.407407407407405
DILMA;29.385964912280702;4;48.4472049689441
DILMA;18.226600985221676;4;46.79245283018868
DILMA;31.914893617021278;4;43.45238095238095
DILMA;34.54545454545455;4;44.44444444444444
DILMA;38.99082568807339;4;47.686832740213525
DILMA;47.674418604651166;4;38.793103448275865
DILMA;32.63157894736842;4;40.98360655737705
DILMA;25.0;4;56.372549019607845
DILMA;42.51497005988024;4;50.0
DILMA;22.0125786163522;4;42.16216216216216
DILMA;33.97435897435897;4;47.61904761904762
DILMA;40.30612244897959;4;46.708463949843264
DILMA;24.271844660194176;4;49.185667752442995
DILMA;18.90547263681592;4;36.61971830985915
DILMA;23.893805309734514;4;51.76056338028169
DILMA;26.548672566371682;4;43.58108108108108
DILMA;26.923076923076923;4;49.166666666666664
DILMA;24.074074074074073;4;47.756410256410255
DILMA;30.246913580246915;4;46.60633484162896
DILMA;31.20567375886525;4;50.22222222222222
DILMA;37.5;4;50.89514066496164
DILMA;27.317073170731707;4;61.74496644295302
DILMA;30.075187969924812;4;47.540983606557376
DILMA;28.846153846153847;4;42.25352112676056
DILMA;54.54545454545455;4;40.625
DILMA;55.84415584415584;4;49.438202247191015
DILMA;22.745098039215687;4;47.107438016528924
DILMA;30.18867924528302;4;39.726027397260275
DILMA;58.208955223880594;4;45.36082474226804
DILMA;51.54639175257732;4;51.53846153846154
DILMA;32.0;4;47.48858447488585
DILMA;33.333333333333336;4;52.28215767634855
DILMA;32.16374269005848;4;48.82629107981221
DILMA;20.634920634920636;4;54.26829268292683
DILMA;26.13981762917933;4;53.84615384615385
DILMA;30.392156862745097;4;63.44086021505376
DILMA;29.343629343629345;4;50.0
DILMA;29.81651376146789;4;42.857142857142854
DILMA;40.963855421686745;4;42.06008583690987
DILMA;29.479768786127167;4;49.40711462450593
DILMA;30.044843049327355;4;49.66216216216216
DILMA;31.0126582278481;4;50.24875621890547
DILMA;37.55868544600939;4;48.717948717948715
DILMA;29.67479674796748;4;45.42586750788644
DILMA;30.530973451327434;4;52.92096219931271
DILMA;37.5;4;44.21052631578947
DILMA;29.487179487179485;4;44.79495268138801
DILMA;34.136546184738954;4;50.43731778425656
DILMA;35.632183908045974;4;50.0
DILMA;32.28346456692913;4;49.70414201183432
DILMA;28.99628252788104;4;49.7093023255814
DILMA;31.316725978647685;4;48.611111111111114
DILMA;32.18390804597701;4;45.53072625698324
DILMA;28.820960698689955;4;48.26498422712934
DILMA;29.545454545454547;4;43.85964912280702
DILMA;27.741935483870968;4;53.48837209302326
DILMA;27.77777777777778;4;53.43283582089552
DILMA;31.818181818181817;4;44.27860696517413
DILMA;25.53191489361702;4;45.88607594936709
DILMA;38.01169590643275;4;46.44351464435147
DILMA;26.3681592039801;4;45.09090909090909
DILMA;28.14070351758794;4;46.619217081850536
DILMA;33.72093023255814;4;47.97047970479705
DILMA;21.875;4;45.65217391304348
DILMA;32.47232472324723;4;45.04950495049505
DILMA;36.898395721925134;4;49.08424908424909
DILMA;28.89908256880734;4;47.422680412371136
DILMA;28.063241106719367;4;47.0873786407767
DILMA;32.075471698113205;4;37.89954337899543
DILMA;30.06993006993007;4;50.45454545454545
DILMA;31.213872832369944;4;47.92626728110599
DILMA;32.71375464684015;4;48.32535885167464
DILMA;35.256410256410255;4;47.02970297029703
DILMA;29.26829268292683;4;43.125
DILMA;31.60919540229885;4;46.97674418604651
DILMA;30.56768558951965;4;44.680851063829785
DILMA;32.857142857142854;4;45.99303135888502
DILMA;33.333333333333336;4;50.0
DILMA;24.2603550295858;4;46.2962962962963
DILMA;36.45320197044335;4;39.92805755395683
DILMA;31.985294117647058;4;46.36363636363637
DILMA;19.02654867256637;4;44.66403162055336
DILMA;40.42553191489362;4;47.839506172839506
DILMA;24.0;4;48.96551724137931
DILMA;24.193548387096776;4;52.96296296296296
DILMA;33.76623376623377;4;45.205479452054796
DILMA;30.76923076923077;4;48.466257668711656
DILMA;33.68983957219251;4;44.11764705882353
DILMA;20.77922077922078;4;39.7196261682243
DILMA;39.698492462311556;4;39.67213114754098
DILMA;31.34328358208955;4;47.407407407407405
DILMA;31.25;4;46.51162790697674
DILMA;28.78048780487805;4;44.326241134751776
DILMA;31.65829145728643;4;44.0
DILMA;29.661016949152543;4;46.06060606060606
DILMA;38.33865814696485;4;41.967213114754095
DILMA;35.77981651376147;4;47.43589743589744
DILMA;30.97826086956522;4;40.59405940594059
DILMA;27.751196172248804;4;44.21052631578947
DILMA;27.61904761904762;4;48.59154929577465
DILMA;41.1522633744856;4;50.903614457831324
DILMA;27.54491017964072;4;48.05194805194805
DILMA;41.58878504672897;4;42.3728813559322
DILMA;22.65193370165746;4;47.136563876651984
DILMA;31.048387096774192;4;46.81528662420382
DILMA;40.449438202247194;4;48.333333333333336
DILMA;37.7906976744186;4;37.55458515283843
DILMA;37.6425855513308;4;46.464646464646464
DILMA;28.7292817679558;4;46.55172413793103
DILMA;31.754874651810585;4;44.70046082949309
DILMA;32.520325203252035;4;53.99515738498789
DILMA;38.125;4;52.043596730245234
DILMA;28.37465564738292;4;54.81481481481482
DILMA;31.89873417721519;4;55.55555555555556
DILMA;30.693069306930692;4;57.268722466960355
DILMA;31.33903133903134;4;51.908396946564885
DILMA;35.59322033898305;4;52.26130653266332
DILMA;39.26553672316384;4;52.63157894736842
DILMA;28.426395939086294;4;59.78260869565217
DILMA;33.97790055248619;4;49.473684210526315
DILMA;30.339805825242717;4;56.26373626373626
DILMA;37.97909407665505;4;47.604790419161674
DILMA;40.71146245059288;4;46.41833810888252
DILMA;33.98692810457516;4;50.541516245487365
DILMA;37.54045307443366;4;52.908587257617725
DILMA;32.450331125827816;4;51.12359550561798
DILMA;34.74025974025974;4;57.452574525745256
DILMA;37.85488958990536;4;51.42045454545455
DILMA;27.027027027027028;4;48.54111405835544
DILMA;29.490616621983914;4;56.127450980392155
DILMA;33.61581920903955;4;47.8494623655914
DILMA;30.327868852459016;4;45.936395759717314
DILMA;31.0580204778157;4;51.5527950310559
DILMA;27.94871794871795;4;58.96860986547085
DILMA;27.77777777777778;4;52.1978021978022
DILMA;33.44481605351171;4;54.08450704225352
DILMA;30.386740331491712;4;59.05707196029777
DILMA;29.0625;4;55.182072829131656
DILMA;30.50397877984085;4;48.31730769230769
DILMA;28.88888888888889;4;56.56108597285068
DILMA;30.11049723756906;4;53.170731707317074
DILMA;41.77215189873418;4;54.83870967741935
DILMA;30.362116991643454;4;56.93069306930693
DILMA;39.44223107569721;4;46.13180515759312
DILMA;33.746130030959755;4;54.794520547945204
DILMA;32.020997375328086;4;58.31325301204819
DILMA;25.471698113207548;4;55.945945945945944
DILMA;25.54517133956386;4;55.06849315068493
DILMA;30.061349693251532;4;48.03493449781659
DILMA;34.30962343096234;4;48.39857651245551
DILMA;27.96352583586626;4;57.06521739130435
DILMA;24.022346368715084;4;49.24242424242424
DILMA;28.846153846153847;4;55.774647887323944
DILMA;30.946291560102303;4;53.96825396825397
DILMA;34.394904458598724;4;53.760445682451255
DILMA;28.481012658227847;4;55.80110497237569
DILMA;25.41899441340782;4;53.26876513317191
DILMA;30.158730158730158;4;62.83783783783784
DILMA;30.091185410334347;4;59.00277008310249
DILMA;29.829545454545453;4;52.36907730673317
DILMA;23.68421052631579;4;51.68539325842696
DILMA;27.320954907161802;4;57.142857142857146
DILMA;26.956521739130434;4;56.87830687830688
DILMA;36.36363636363637;4;55.78034682080925
DILMA;23.26139088729017;4;54.54545454545455
DILMA;25.19893899204244;4;51.22549019607843
DILMA;27.49003984063745;4;48.6013986013986
DILMA;28.1524926686217;4;53.06666666666667
DILMA;26.29757785467128;4;52.8023598820059
DILMA;29.051987767584098;4;61.235955056179776
DILMA;27.659574468085108;4;50.473186119873816
DILMA;33.098591549295776;4;50.80385852090032
DILMA;30.232558139534884;4;52.44215938303342
DILMA;26.96969696969697;4;52.03252032520325
DILMA;31.793478260869566;4;53.37837837837838
DILMA;43.624161073825505;4;51.02040816326531
DILMA;27.464788732394368;4;42.129629629629626
DILMA;30.21390374331551;4;55.257270693512304
DILMA;44.78764478764479;4;48.62385321100918
DILMA;31.27147766323024;4;55.15151515151515
DILMA;28.68217054263566;4;52.94117647058823
DILMA;28.402366863905325;4;55.38057742782152
DILMA;27.094972067039105;4;49.48717948717949
DILMA;18.181818181818183;4;5.0
DILMA;28.735632183908045;4;53.92156862745098
DILMA;30.071599045346062;4;54.56521739130435
DILMA;26.271186440677965;4;54.2713567839196
DILMA;30.252100840336134;4;51.50375939849624
DILMA;28.64864864864865;4;53.01204819277108
DILMA;24.65753424657534;4;52.87081339712919
DILMA;26.5625;4;56.26477541371158
DILMA;32.30088495575221;4;48.598130841121495
DILMA;21.904761904761905;4;54.90196078431372
DILMA;31.444759206798867;4;56.67506297229219
DILMA;24.860335195530727;4;54.411764705882355
DILMA;28.484848484848484;4;52.32876712328767
DILMA;40.476190476190474;4;48.42406876790831
DILMA;23.40966921119593;4;57.718120805369125
DILMA;26.31578947368421;4;51.515151515151516
DILMA;28.289473684210527;4;54.67422096317281
DILMA;33.333333333333336;4;44.28044280442804
DILMA;28.02547770700637;4;54.5945945945946
DILMA;26.944444444444443;4;55.961070559610704
DILMA;31.76795580110497;4;55.14705882352941
DILMA;36.33879781420765;4;52.48756218905473
DILMA;26.79045092838196;4;54.23728813559322
DILMA;35.79335793357934;4;49.69512195121951
DILMA;30.87719298245614;4;47.05882352941177
DILMA;27.67295597484277;4;57.507082152974505
DILMA;30.73394495412844;4;46.875
DILMA;26.589595375722542;4;54.498714652956295
DILMA;32.82674772036474;4;61.141304347826086
DILMA;26.373626373626372;4;54.74452554744526
DILMA;30.65015479876161;4;49.189189189189186
DILMA;26.486486486486488;4;55.99022004889976
DILMA;39.84375;4;51.36054421768708
DILMA;26.555023923444978;4;54.66377440347072
DILMA;39.583333333333336;4;46.62162162162162
DILMA;26.74897119341564;4;46.22641509433962
DILMA;35.07462686567164;4;45.3757225433526
DILMA;25.280898876404493;4;55.30864197530864
DILMA;26.005361930294907;4;50.83932853717026
DILMA;21.823204419889503;4;50.4739336492891
DILMA;27.565982404692082;4;51.3715710723192
DILMA;30.198019801980198;4;59.73741794310722
DILMA;35.416666666666664;4;54.54545454545455
DILMA;28.32369942196532;4;55.44303797468354
DILMA;31.90661478599222;4;53.47222222222222
DILMA;27.100271002710027;4;56.416464891041166
DILMA;29.156010230179028;4;57.589285714285715
DILMA;34.146341463414636;4;48.58934169278997
DILMA;47.19626168224299;4;44.94773519163763
DILMA;25.333333333333332;4;53.14685314685315
DILMA;25.87719298245614;4;53.18352059925093
DILMA;27.87878787878788;4;54.619565217391305
DILMA;35.01483679525222;4;50.40650406504065
DILMA;24.019607843137255;4;57.26495726495727
DILMA;31.024930747922436;4;55.66502463054187
DILMA;28.136882129277566;4;54.3859649122807
DILMA;29.285714285714285;4;53.48101265822785
DILMA;24.2603550295858;4;54.86284289276808
DILMA;25.475285171102662;4;55.37459283387622
DILMA;27.530364372469634;4;63.39622641509434
DILMA;29.551451187335093;4;50.116550116550115
DILMA;29.62962962962963;4;48.223350253807105
DILMA;31.141868512110726;4;48.367952522255194
DILMA;34.166666666666664;4;52.95454545454545
DILMA;29.281767955801104;4;55.30864197530864
DILMA;44.966442953020135;4;48.19277108433735
DILMA;25.0;4;56.28019323671498
DILMA;28.862973760932945;4;60.15228426395939
DILMA;30.201342281879196;4;46.3611859838275
DILMA;24.48377581120944;4;47.963800904977376
DILMA;32.19178082191781;4;46.26865671641791
DILMA;29.081632653061224;4;55.84415584415584
DILMA;29.855072463768117;4;57.068062827225134
DILMA;26.345609065155806;4;56.2962962962963
DILMA;32.323232323232325;4;58.267716535433074
DILMA;31.802120141342755;4;46.71916010498688
DILMA;45.45454545454545;4;54.63917525773196
DILMA;30.612244897959183;4;62.5
DILMA;26.08695652173913;4;51.832460732984295
DILMA;29.41176470588235;4;61.72839506172839
DILMA;34.95145631067961;4;50.526315789473685
DILMA;33.56643356643357;4;58.53658536585366
DILMA;29.41176470588235;4;51.04895104895105
DILMA;29.347826086956523;4;53.398058252427184
DILMA;28.41823056300268;4;50.530785562632694
DILMA;31.80327868852459;4;52.33160621761658
DILMA;28.306878306878307;4;50.54945054945055
DILMA;35.549872122762146;4;59.8233995584989
DILMA;26.834862385321102;4;56.626506024096386
DILMA;32.914572864321606;4;55.349794238683124
DILMA;24.014336917562723;4;55.96330275229358
DILMA;28.571428571428573;4;54.01606425702811
DILMA;43.15068493150685;4;46.231155778894475
DILMA;31.564245810055866;4;54.65686274509804
DILMA;29.12087912087912;4;60.0
DILMA;26.666666666666668;4;53.14861460957179
DILMA;40.35087719298246;4;52.67175572519084
DILMA;26.548672566371682;4;57.178841309823675
DILMA;25.0;4;56.0
DILMA;37.5;4;44.680851063829785
DILMA;29.017857142857142;4;57.63358778625954
DILMA;30.618892508143322;4;56.149732620320854
DILMA;24.2603550295858;4;61.20906801007557
DILMA;29.380053908355794;4;56.23471882640587
DILMA;40.94488188976378;4;58.895705521472394
DILMA;24.759615384615383;4;53.72233400402415
DILMA;30.923694779116467;4;49.67948717948718
DILMA;25.666666666666668;4;50.12594458438287
DILMA;28.155339805825243;4;49.21875
DILMA;38.26086956521739;4;45.98540145985402
DILMA;26.96629213483146;4;53.205128205128204
DILMA;23.770491803278688;4;54.464285714285715
DILMA;25.0;4;48.818897637795274
DILMA;20.27027027027027;4;56.32183908045977
DILMA;25.0;4;47.36842105263158
DILMA;28.74493927125506;4;46.69117647058823
DILMA;34.49781659388646;4;48.708487084870846
DILMA;32.098765432098766;4;57.36607142857143
DILMA;29.65686274509804;4;56.33187772925764
DILMA;33.014354066985646;4;53.39366515837104
DILMA;30.133333333333333;4;53.125
DILMA;26.73267326732673;4;52.07373271889401
DILMA;28.925619834710744;4;56.72371638141809
DILMA;27.574750830564785;4;53.6231884057971
DILMA;28.571428571428573;4;59.130434782608695
DILMA;30.0;4;53.46820809248555
DILMA;34.21052631578947;4;53.125
DILMA;36.70886075949367;4;45.90747330960854
DILMA;31.645569620253166;4;50.0
DILMA;26.578073089700997;4;53.75722543352601
DILMA;33.521126760563384;4;50.150150150150154
DILMA;33.16831683168317;4;53.67965367965368
DILMA;29.26829268292683;4;60.0
DILMA;32.0;4;47.549019607843135
DILMA;31.9672131147541;4;54.69879518072289
DILMA;36.95652173913044;4;53.65853658536585
DILMA;23.391812865497077;4;50.78534031413613
DILMA;32.098765432098766;4;49.189189189189186
DILMA;30.99173553719008;4;49.63235294117647
DILMA;32.01320132013201;4;50.806451612903224
DILMA;33.64779874213836;4;53.763440860215056
DILMA;36.148648648648646;4;46.994535519125684
DILMA;29.207920792079207;4;50.285714285714285
DILMA;29.959514170040485;4;51.44927536231884
DILMA;34.25196850393701;4;53.16901408450704
DILMA;36.60377358490566;4;56.08108108108108
DILMA;31.349206349206348;4;53.35689045936396
DILMA;31.753554502369667;4;43.16546762589928
DILMA;30.76923076923077;4;53.26086956521739
DILMA;27.696793002915452;4;51.75
DILMA;23.59882005899705;4;53.75
DILMA;23.142857142857142;4;59.25
DILMA;34.25076452599389;4;51.65745856353591
DILMA;36.05263157894737;4;50.11764705882353
DILMA;32.08020050125313;4;56.705882352941174
DILMA;31.13456464379947;4;54.54545454545455
DILMA;26.524390243902438;4;55.22788203753351
DILMA;32.68156424581006;4;55.55555555555556
DILMA;25.61307901907357;4;49.75609756097561
DILMA;33.333333333333336;4;47.38805970149254
DILMA;26.182965299684543;4;50.0
DILMA;32.075471698113205;4;51.74825174825175
DILMA;27.81954887218045;4;47.651006711409394
DILMA;27.43682310469314;4;53.77049180327869
DILMA;29.921259842519685;4;51.61290322580645
DILMA;23.015873015873016;4;51.60142348754449
DILMA;36.87707641196013;4;51.04477611940298
DILMA;32.78145695364238;4;56.104651162790695
DILMA;33.798882681564244;4;54.659949622166245
DILMA;30.666666666666668;4;49.112426035502956
DILMA;24.299065420560748;4;48.698884758364315
DILMA;34.72222222222222;4;47.706422018348626
DILMA;31.899641577060933;4;49.68944099378882
DILMA;30.612244897959183;4;53.96341463414634
DILMA;30.508474576271187;4;54.38066465256797
DILMA;24.22145328719723;4;50.156739811912225
DILMA;45.018450184501845;4;48.58934169278997
DILMA;29.971988795518207;4;53.753026634382564
DILMA;27.894736842105264;4;51.785714285714285
DILMA;30.27027027027027;4;48.660714285714285
DILMA;24.427480916030536;4;52.927927927927925
DILMA;38.285714285714285;4;46.15384615384615
DILMA;32.24932249322493;4;55.693069306930695
DILMA;29.30591259640103;4;53.51089588377724
DILMA;28.994082840236686;4;50.6631299734748
DILMA;30.76923076923077;4;59.45273631840796
DILMA;28.611898016997166;4;51.111111111111114
DILMA;27.170868347338935;4;49.63855421686747
DILMA;28.30188679245283;4;53.611111111111114
DILMA;27.86377708978328;4;54.21348314606742
DILMA;30.113636363636363;4;48.92601431980907
DILMA;34.91620111731844;4;51.7162471395881
