DILMA;25.510204081632654;2;48.82629107981221
DILMA;19.196428571428573;2;52.30125523012552
DILMA;20.833333333333332;2;44.05797101449275
DILMA;20.063694267515924;2;43.26647564469914
DILMA;16.363636363636363;2;61.47540983606557
DILMA;22.274881516587676;2;57.6271186440678
DILMA;17.171717171717173;2;46.04651162790697
DILMA;17.791411042944784;2;47.77777777777778
DILMA;21.558441558441558;2;43.50961538461539
DILMA;16.75392670157068;2;46.228710462287104
DILMA;19.047619047619047;2;44.656488549618324
DILMA;26.495726495726494;2;49.43396226415094
DILMA;27.272727272727273;2;44.751381215469614
DILMA;18.42105263157895;2;39.906103286384976
DILMA;22.362869198312236;2;47.407407407407405
DILMA;13.503649635036496;2;44.554455445544555
DILMA;17.098445595854923;2;54.716981132075475
DILMA;23.497267759562842;2;55.3921568627451
DILMA;24.15730337078652;2;50.24875621890547
DILMA;17.41741741741742;2;45.833333333333336
DILMA;17.333333333333332;2;51.36363636363637
DILMA;14.347826086956522;2;45.564516129032256
DILMA;25.980392156862745;2;48.90829694323144
DILMA;27.027027027027028;2;47.5
DILMA;17.435897435897434;2;47.11316397228637
DILMA;20.408163265306122;2;45.642201834862384
DILMA;16.071428571428573;2;51.14678899082569
DILMA;20.388349514563107;2;53.94736842105263
DILMA;18.613138686131386;2;44.370860927152314
DILMA;16.883116883116884;2;50.59171597633136
DILMA;22.68041237113402;2;50.0
DILMA;19.306930693069308;2;48.648648648648646
DILMA;20.574162679425836;2;41.6289592760181
DILMA;24.770642201834864;2;51.832460732984295
DILMA;28.91156462585034;2;55.55555555555556
DILMA;22.916666666666668;2;47.51131221719457
DILMA;17.933130699088146;2;51.075268817204304
DILMA;17.934782608695652;2;47.61904761904762
DILMA;19.672131147540984;2;52.27963525835866
DILMA;21.51394422310757;2;47.23247232472325
DILMA;14.423076923076923;2;52.91479820627803
DILMA;17.307692307692307;2;51.13636363636363
DILMA;21.066666666666666;2;48.02784222737819
DILMA;24.415584415584416;2;46.741573033707866
DILMA;22.22222222222222;2;46.03174603174603
DILMA;16.526610644257705;2;45.7286432160804
DILMA;17.081850533807827;2;44.85049833887043
DILMA;17.008797653958943;2;47.63157894736842
DILMA;16.095890410958905;2;43.641618497109825
DILMA;17.22689075630252;2;49.647887323943664
DILMA;17.117117117117118;2;49.21465968586387
DILMA;14.418604651162791;2;43.946188340807176
DILMA;17.131474103585656;2;47.794117647058826
DILMA;16.145833333333332;2;46.15384615384615
DILMA;19.877675840978593;2;41.514360313315926
DILMA;17.12707182320442;2;51.32275132275132
DILMA;14.285714285714286;2;52.02312138728324
DILMA;20.975609756097562;2;50.23041474654378
DILMA;21.55388471177945;2;46.34146341463415
DILMA;19.895287958115183;2;46.26168224299065
DILMA;21.18380062305296;2;48.8235294117647
DILMA;18.507462686567163;2;42.480211081794195
DILMA;14.423076923076923;2;52.608695652173914
DILMA;20.72829131652661;2;45.04950495049505
DILMA;21.13095238095238;2;39.10614525139665
DILMA;18.13953488372093;2;39.82683982683983
DILMA;12.600536193029491;2;41.935483870967744
DILMA;21.818181818181817;2;47.277936962750715
DILMA;22.3433242506812;2;46.2962962962963
DILMA;19.81566820276498;2;52.56410256410256
DILMA;20.39660056657224;2;42.92929292929293
DILMA;22.083333333333332;2;40.94488188976378
DILMA;23.497267759562842;2;48.0
DILMA;18.34061135371179;2;50.4
DILMA;16.097560975609756;2;52.03252032520325
DILMA;23.206751054852322;2;51.111111111111114
DILMA;14.537444933920705;2;44.67213114754098
DILMA;22.83653846153846;2;49.35064935064935
DILMA;19.93127147766323;2;49.7093023255814
DILMA;19.714285714285715;2;45.1530612244898
DILMA;13.454545454545455;2;46.82274247491639
DILMA;18.99441340782123;2;48.76847290640394
DILMA;16.161616161616163;2;55.32544378698225
DILMA;15.929203539823009;2;53.036437246963565
DILMA;18.617021276595743;2;47.5609756097561
DILMA;16.955017301038062;2;45.481049562682216
DILMA;19.672131147540984;2;41.1764705882353
DILMA;17.67676767676768;2;50.0
DILMA;24.86631016042781;2;46.36363636363637
DILMA;20.218579234972676;2;45.72072072072072
DILMA;16.402116402116402;2;49.54545454545455
DILMA;17.21518987341772;2;48.89867841409691
DILMA;19.25;2;50.22222222222222
DILMA;17.70186335403727;2;48.29545454545455
DILMA;16.091954022988507;2;43.58974358974359
DILMA;19.74921630094044;2;51.142857142857146
DILMA;13.526570048309178;2;50.0
DILMA;18.911174785100286;2;43.08093994778068
DILMA;16.886543535620053;2;48.49187935034803
DILMA;15.97938144329897;2;42.10526315789474
DILMA;21.631205673758867;2;41.25
DILMA;22.71386430678466;2;46.70184696569921
DILMA;28.26086956521739;2;48.18181818181818
DILMA;15.53133514986376;2;47.03196347031963
DILMA;16.50793650793651;2;47.65840220385675
DILMA;20.0;2;41.19106699751861
DILMA;17.36842105263158;2;48.20627802690583
DILMA;14.864864864864865;2;48.07256235827664
DILMA;16.034985422740526;2;48.311688311688314
DILMA;18.681318681318682;2;53.482587064676615
DILMA;21.11111111111111;2;44.85294117647059
DILMA;15.856777493606138;2;42.731277533039645
DILMA;30.346820809248555;2;49.06666666666667
DILMA;15.584415584415584;2;48.873873873873876
DILMA;15.492957746478874;2;48.44559585492228
DILMA;19.261213720316622;2;47.99107142857143
DILMA;13.577023498694517;2;48.4304932735426
DILMA;14.24731182795699;2;45.18348623853211
DILMA;18.351063829787233;2;44.41860465116279
DILMA;16.129032258064516;2;43.63636363636363
DILMA;29.081632653061224;2;42.731277533039645
DILMA;19.756838905775076;2;44.32432432432432
DILMA;15.601023017902813;2;45.82392776523702
DILMA;17.251461988304094;2;39.84375
DILMA;23.14814814814815;2;46.02739726027397
DILMA;22.53968253968254;2;48.223350253807105
DILMA;32.20338983050848;2;54.87012987012987
DILMA;18.627450980392158;2;50.43731778425656
DILMA;22.352941176470587;2;51.01010101010101
DILMA;17.91530944625407;2;48.5632183908046
DILMA;21.717171717171716;2;44.34782608695652
DILMA;12.565445026178011;2;46.01366742596811
DILMA;24.345549738219894;2;46.97986577181208
DILMA;16.554054054054053;2;47.747747747747745
DILMA;21.31979695431472;2;49.23747276688453
DILMA;16.623376623376622;2;45.19015659955257
DILMA;15.856777493606138;2;48.05491990846682
DILMA;17.933130699088146;2;50.63938618925831
DILMA;17.105263157894736;2;49.44320712694878
DILMA;14.790996784565916;2;44.19263456090651
DILMA;20.157068062827225;2;45.168539325842694
DILMA;32.947976878612714;2;52.94117647058823
DILMA;18.068535825545172;2;46.13333333333333
DILMA;17.662337662337663;2;49.88864142538976
DILMA;16.853932584269664;2;47.62979683972912
DILMA;17.56756756756757;2;44.49877750611247
DILMA;16.778523489932887;2;44.705882352941174
DILMA;15.877437325905293;2;48.17351598173516
DILMA;10.909090909090908;2;47.88418708240535
DILMA;16.56441717791411;2;45.026178010471206
DILMA;16.358839050131927;2;45.168539325842694
DILMA;20.0;2;35.8974358974359
DILMA;20.54054054054054;2;51.04408352668214
DILMA;28.83211678832117;2;48.57142857142857
DILMA;25.55205047318612;2;41.952506596306065
DILMA;16.822429906542055;2;42.17877094972067
DILMA;21.329639889196677;2;48.9749430523918
DILMA;18.674698795180724;2;47.07379134860051
DILMA;21.05263157894737;2;48.54586129753915
DILMA;17.94871794871795;2;43.25396825396825
DILMA;21.0727969348659;2;52.63157894736842
DILMA;21.73913043478261;2;47.916666666666664
DILMA;22.10242587601078;2;47.07112970711297
DILMA;20.66115702479339;2;40.61757719714964
DILMA;20.30075187969925;2;40.36144578313253
DILMA;22.392638036809817;2;39.39393939393939
DILMA;18.932038834951456;2;45.67901234567901
DILMA;14.245014245014245;2;52.0
DILMA;17.757009345794394;2;58.273381294964025
DILMA;19.014084507042252;2;41.24748490945674
DILMA;20.384615384615383;2;52.7972027972028
DILMA;19.911504424778762;2;56.557377049180324
DILMA;22.857142857142858;2;37.086092715231786
DILMA;17.066666666666666;2;43.566591422121896
DILMA;15.894039735099337;2;53.01204819277108
DILMA;20.597014925373134;2;42.40837696335078
DILMA;23.80952380952381;2;36.52173913043478
DILMA;16.176470588235293;2;47.99196787148595
DILMA;19.047619047619047;2;51.20967741935484
DILMA;22.84263959390863;2;51.36186770428016
DILMA;15.267175572519085;2;51.25
DILMA;19.157088122605366;2;50.306748466257666
DILMA;18.385650224215247;2;54.09836065573771
DILMA;15.596330275229358;2;46.82539682539682
DILMA;16.666666666666668;2;56.97674418604651
DILMA;20.307692307692307;2;47.05882352941177
DILMA;16.53543307086614;2;45.051194539249146
DILMA;20.14388489208633;2;42.94871794871795
DILMA;23.529411764705884;2;44.983818770226534
DILMA;20.714285714285715;2;47.284345047923324
DILMA;20.072992700729927;2;50.80385852090032
DILMA;16.990291262135923;2;55.172413793103445
DILMA;22.105263157894736;2;46.835443037974684
DILMA;21.717171717171716;2;52.80898876404494
DILMA;16.071428571428573;2;48.08510638297872
DILMA;19.90950226244344;2;47.5609756097561
DILMA;18.226600985221676;2;42.0353982300885
DILMA;16.666666666666668;2;48.943661971830984
DILMA;19.047619047619047;2;50.78534031413613
DILMA;16.207951070336392;2;48.77384196185286
DILMA;15.223880597014926;2;48.55643044619423
DILMA;21.533923303834808;2;44.75
DILMA;19.213973799126638;2;42.023346303501945
DILMA;26.08695652173913;2;43.08300395256917
DILMA;22.594142259414227;2;39.38223938223938
DILMA;21.57676348547718;2;56.52173913043478
DILMA;17.180616740088105;2;47.24409448818898
DILMA;13.973799126637555;2;46.89922480620155
DILMA;20.62780269058296;2;45.95744680851064
DILMA;19.289340101522843;2;47.747747747747745
DILMA;17.48633879781421;2;43.1924882629108
DILMA;21.02803738317757;2;44.255319148936174
DILMA;22.4390243902439;2;42.35807860262009
DILMA;18.4;2;47.08029197080292
DILMA;42.435424354243544;2;56.52173913043478
DILMA;27.868852459016395;2;49.775784753363226
DILMA;18.13031161473088;2;42.3469387755102
DILMA;16.939890710382514;2;51.256281407035175
DILMA;20.218579234972676;2;44.27860696517413
DILMA;17.97752808988764;2;38.5
DILMA;17.679558011049725;2;41.05263157894737
DILMA;17.587939698492463;2;43.1578947368421
DILMA;15.044247787610619;2;44.29347826086956
DILMA;12.852664576802507;2;45.01424501424501
DILMA;16.614420062695924;2;44.84679665738162
DILMA;15.819209039548022;2;47.75725593667546
DILMA;32.234432234432234;2;56.231884057971016
DILMA;14.5;2;47.08520179372197
DILMA;12.0;2;48.663101604278076
DILMA;46.236559139784944;2;47.72036474164134
DILMA;27.531645569620252;2;48.06629834254144
DILMA;28.37837837837838;2;47.30538922155689
DILMA;18.045112781954888;2;43.37078651685393
DILMA;15.71072319201995;2;42.37668161434978
DILMA;14.855072463768115;2;50.0
DILMA;14.603174603174603;2;49.85422740524781
DILMA;10.526315789473685;2;44.54976303317535
DILMA;27.697841726618705;2;51.91740412979351
DILMA;23.61516034985423;2;54.06091370558376
DILMA;13.897280966767372;2;45.08196721311475
DILMA;16.120906801007557;2;42.53897550111358
DILMA;47.766323024054984;2;54.91803278688525
DILMA;29.714285714285715;2;55.23809523809524
DILMA;11.046511627906977;2;47.83783783783784
DILMA;12.844036697247706;2;43.888888888888886
DILMA;28.859060402684563;2;55.48780487804878
DILMA;27.946127946127945;2;48.11594202898551
DILMA;36.22047244094488;2;57.605177993527505
DILMA;27.796610169491526;2;58.16618911174785
DILMA;10.606060606060606;2;45.63380281690141
DILMA;35.49488054607509;2;49.421965317919074
DILMA;11.910669975186105;2;47.006651884700666
DILMA;17.478510028653297;2;44.08060453400504
DILMA;22.023809523809526;2;50.45454545454545
DILMA;12.181303116147308;2;45.799457994579946
DILMA;9.480122324159021;2;46.26038781163435
DILMA;16.91842900302115;2;50.69637883008357
DILMA;13.86861313868613;2;49.0
DILMA;13.119533527696793;2;42.77929155313352
DILMA;66.53543307086615;2;54.23728813559322
DILMA;14.137931034482758;2;43.13099041533546
DILMA;12.647058823529411;2;43.69973190348526
DILMA;13.10344827586207;2;47.756410256410255
DILMA;16.70886075949367;2;43.53741496598639
DILMA;19.71014492753623;2;46.81933842239186
DILMA;25.668449197860962;2;44.06392694063927
DILMA;15.652173913043478;2;47.66839378238342
DILMA;17.647058823529413;2;41.11675126903553
DILMA;12.864077669902912;2;43.497757847533634
DILMA;9.06515580736544;2;43.97905759162304
DILMA;13.333333333333334;2;50.66225165562914
DILMA;13.178294573643411;2;48.1981981981982
DILMA;29.36802973977695;2;48.24561403508772
DILMA;13.135593220338983;2;42.023346303501945
DILMA;16.615384615384617;2;42.41573033707865
DILMA;12.27621483375959;2;47.33178654292343
DILMA;13.128491620111731;2;44.89795918367347
DILMA;20.858895705521473;2;51.94444444444444
DILMA;10.199004975124378;2;47.57709251101321
DILMA;40.51094890510949;2;52.58358662613982
DILMA;10.662824207492795;2;48.84318766066838
DILMA;14.661654135338345;2;46.644295302013425
DILMA;29.807692307692307;2;51.666666666666664
DILMA;18.823529411764707;2;40.90909090909091
DILMA;28.333333333333332;2;58.70786516853933
DILMA;10.526315789473685;2;44.41624365482234
DILMA;14.540816326530612;2;48.1981981981982
DILMA;15.776081424936386;2;40.04524886877828
DILMA;14.857142857142858;2;50.51282051282051
DILMA;11.073825503355705;2;48.97959183673469
DILMA;13.506493506493506;2;44.49438202247191
DILMA;17.934782608695652;2;48.78048780487805
DILMA;11.042944785276074;2;45.983379501385045
DILMA;16.38888888888889;2;46.954314720812185
DILMA;13.170731707317072;2;42.11711711711712
DILMA;17.45562130177515;2;46.83195592286501
DILMA;21.188630490956072;2;41.666666666666664
DILMA;10.429447852760736;2;42.391304347826086
DILMA;10.204081632653061;2;46.373056994818654
DILMA;13.300492610837438;2;48.52607709750567
DILMA;35.483870967741936;2;54.57516339869281
DILMA;15.217391304347826;2;46.25550660792952
DILMA;15.168539325842696;2;44.94949494949495
DILMA;21.119592875318066;2;44.29530201342282
DILMA;12.280701754385966;2;39.018691588785046
DILMA;13.28125;2;40.888888888888886
DILMA;16.86046511627907;2;42.857142857142854
DILMA;18.289085545722713;2;48.46153846153846
DILMA;12.436548223350254;2;47.309417040358746
DILMA;11.029411764705882;2;44.78114478114478
DILMA;15.895953757225433;2;45.59585492227979
DILMA;21.03448275862069;2;42.49201277955272
DILMA;10.909090909090908;2;46.3611859838275
DILMA;17.404129793510325;2;43.91534391534392
DILMA;14.110429447852761;2;40.38461538461539
DILMA;29.15129151291513;2;45.93023255813954
DILMA;14.779874213836479;2;44.0
DILMA;18.91025641025641;2;44.24778761061947
DILMA;12.222222222222221;2;43.627450980392155
DILMA;16.164383561643834;2;41.37931034482759
DILMA;25.0;2;49.447513812154696
DILMA;17.045454545454547;2;44.87179487179487
DILMA;13.399503722084367;2;46.78492239467849
DILMA;46.64179104477612;2;51.482479784366575
DILMA;14.534883720930232;2;43.455497382198956
DILMA;29.454545454545453;2;49.70238095238095
DILMA;17.59776536312849;2;41.86046511627907
DILMA;13.105413105413106;2;42.11886304909561
DILMA;11.733333333333333;2;44.70899470899471
DILMA;31.896551724137932;2;48.34437086092715
DILMA;19.29824561403509;2;84.0
DILMA;13.846153846153847;2;45.938375350140056
DILMA;13.043478260869565;2;98.64864864864865
DILMA;13.274336283185841;2;41.16094986807388
DILMA;14.325068870523417;2;45.36082474226804
DILMA;13.68421052631579;2;36.44859813084112
DILMA;14.759036144578314;2;40.28169014084507
DILMA;12.776412776412776;2;44.742729306487696
DILMA;13.194444444444445;2;39.39393939393939
DILMA;17.58957654723127;2;40.76086956521739
DILMA;34.48275862068966;2;52.56797583081571
DILMA;19.148936170212767;2;35.266821345707655
DILMA;32.95880149812734;2;51.757188498402556
DILMA;20.05730659025788;2;47.53694581280788
DILMA;18.03713527851459;2;42.06896551724138
DILMA;14.838709677419354;2;42.64264264264264
DILMA;16.31419939577039;2;47.15447154471545
DILMA;14.882506527415144;2;48.99777282850779
DILMA;15.277777777777779;2;41.666666666666664
DILMA;18.13186813186813;2;44.30992736077482
DILMA;10.658307210031348;2;44.35028248587571
DILMA;15.0;2;40.0
DILMA;32.394366197183096;2;52.02312138728324
DILMA;17.223650385604113;2;41.16279069767442
DILMA;21.022727272727273;2;52.35849056603774
DILMA;18.181818181818183;2;43.323442136498514
DILMA;15.957446808510639;2;35.92964824120603
DILMA;15.691489361702128;2;40.090090090090094
DILMA;11.845730027548209;2;44.730679156908664
DILMA;19.946091644204852;2;48.764044943820224
DILMA;15.384615384615385;2;38.11764705882353
DILMA;14.520547945205479;2;49.27536231884058
DILMA;12.747875354107649;2;48.75
DILMA;22.22222222222222;2;42.016806722689076
DILMA;17.37704918032787;2;47.16417910447761
DILMA;15.406162464985995;2;45.283018867924525
DILMA;14.893617021276595;2;47.54521963824289
DILMA;23.36182336182336;2;44.75
DILMA;15.750915750915752;2;50.26737967914438
DILMA;12.236286919831224;2;52.72727272727273
DILMA;17.073170731707318;2;44.03669724770642
DILMA;15.568862275449101;2;38.020833333333336
DILMA;20.12578616352201;2;49.43181818181818
DILMA;18.803418803418804;2;50.33557046979866
DILMA;14.285714285714286;2;42.42424242424242
DILMA;14.50381679389313;2;44.18604651162791
DILMA;21.22905027932961;2;50.45454545454545
DILMA;13.333333333333334;2;36.666666666666664
DILMA;15.384615384615385;2;48.54368932038835
DILMA;20.408163265306122;2;45.81005586592179
DILMA;17.647058823529413;2;47.175141242937855
DILMA;18.91891891891892;2;50.526315789473685
DILMA;17.91530944625407;2;46.19718309859155
DILMA;16.459627329192546;2;44.7887323943662
DILMA;13.548387096774194;2;48.554913294797686
DILMA;39.76377952755905;2;56.441717791411044
DILMA;13.80281690140845;2;48.484848484848484
DILMA;13.978494623655914;2;45.27363184079602
DILMA;21.195652173913043;2;48.5
DILMA;17.46987951807229;2;51.61290322580645
DILMA;15.789473684210526;2;49.59128065395095
DILMA;14.733542319749215;2;50.67385444743935
DILMA;9.701492537313433;2;47.491638795986624
DILMA;11.02661596958175;2;41.83673469387755
DILMA;17.428571428571427;2;43.07692307692308
DILMA;16.80911680911681;2;41.475826972010175
DILMA;40.225563909774436;2;62.006079027355625
DILMA;8.55457227138643;2;41.62303664921466
DILMA;16.75977653631285;2;46.8421052631579
DILMA;14.024390243902438;2;54.14364640883978
DILMA;14.805194805194805;2;45.81395348837209
DILMA;17.28723404255319;2;45.19906323185012
DILMA;18.666666666666668;2;47.906976744186046
DILMA;14.824797843665769;2;48.5781990521327
DILMA;16.182572614107883;2;46.38783269961977
DILMA;19.758064516129032;2;48.249027237354085
DILMA;14.893617021276595;2;47.148288973384034
DILMA;29.26829268292683;2;58.71559633027523
DILMA;13.66120218579235;2;45.27363184079602
DILMA;20.670391061452513;2;47.69230769230769
DILMA;14.525139664804469;2;44.270833333333336
DILMA;17.197452229299362;2;51.76470588235294
DILMA;15.451895043731778;2;45.21963824289406
DILMA;15.44943820224719;2;48.83720930232558
DILMA;18.26625386996904;2;45.938375350140056
DILMA;18.84498480243161;2;45.85635359116022
DILMA;14.285714285714286;2;46.380090497737555
DILMA;12.121212121212121;2;45.13274336283186
DILMA;36.8421052631579;2;59.06976744186046
DILMA;11.594202898550725;2;46.774193548387096
DILMA;16.573033707865168;2;43.76590330788804
DILMA;18.591549295774648;2;42.857142857142854
DILMA;18.181818181818183;2;42.89617486338798
DILMA;16.923076923076923;2;49.528301886792455
DILMA;17.112299465240643;2;41.333333333333336
DILMA;19.104477611940297;2;50.0
DILMA;19.273743016759777;2;45.52238805970149
DILMA;20.22792022792023;2;44.96314496314496
DILMA;17.045454545454547;2;51.89003436426117
DILMA;29.10958904109589;2;54.6448087431694
DILMA;13.150684931506849;2;45.340050377833755
DILMA;16.486486486486488;2;47.422680412371136
DILMA;17.052023121387283;2;48.329048843187664
DILMA;14.112903225806452;2;52.41635687732342
DILMA;13.623978201634877;2;47.174447174447174
DILMA;10.526315789473685;2;50.56603773584906
DILMA;15.725806451612904;2;54.61538461538461
DILMA;10.839160839160838;2;47.72727272727273
DILMA;12.544802867383513;2;44.89795918367347
DILMA;15.104166666666666;2;40.22222222222222
DILMA;26.440677966101696;2;52.459016393442624
DILMA;16.358839050131927;2;45.61797752808989
DILMA;15.0;2;42.82511210762332
DILMA;18.367346938775512;2;47.77777777777778
DILMA;19.52054794520548;2;43.84858044164038
DILMA;16.666666666666668;2;45.535714285714285
DILMA;11.656441717791411;2;45.2991452991453
DILMA;14.16184971098266;2;45.26854219948849
DILMA;13.994169096209912;2;47.570332480818415
DILMA;18.495297805642632;2;50.0
DILMA;29.41176470588235;2;54.67032967032967
DILMA;13.26530612244898;2;48.25174825174825
DILMA;15.656565656565656;2;46.59090909090909
DILMA;12.88659793814433;2;46.91943127962085
DILMA;27.761194029850746;2;53.211009174311926
DILMA;12.56281407035176;2;46.62162162162162
DILMA;11.380145278450364;2;50.33112582781457
DILMA;12.745098039215685;2;45.887445887445885
DILMA;10.591133004926109;2;40.848214285714285
DILMA;12.466124661246612;2;44.801980198019805
DILMA;39.63963963963964;2;49.11032028469751
DILMA;35.16949152542373;2;55.55555555555556
DILMA;34.92063492063492;2;57.61194029850746
DILMA;43.50282485875706;2;60.0
DILMA;43.111111111111114;2;55.47945205479452
DILMA;36.69724770642202;2;53.31010452961672
DILMA;44.01709401709402;2;54.151624548736464
DILMA;36.24454148471616;2;53.63321799307958
DILMA;39.473684210526315;2;53.68421052631579
DILMA;40.43478260869565;2;52.17391304347826
DILMA;37.96296296296296;2;56.94444444444444
DILMA;35.111111111111114;2;49.11032028469751
DILMA;42.731277533039645;2;52.32974910394265
DILMA;38.13953488372093;2;54.752851711026615
DILMA;42.857142857142854;2;57.08502024291498
DILMA;47.32142857142857;2;54.982817869415804
DILMA;36.21621621621622;2;55.921052631578945
DILMA;39.42307692307692;2;56.60377358490566
DILMA;38.17427385892116;2;50.16181229773463
DILMA;47.808764940239044;2;48.23529411764706
DILMA;40.09661835748792;2;55.55555555555556
DILMA;40.43478260869565;2;51.09489051094891
DILMA;40.0;2;50.709219858156025
DILMA;34.32203389830509;2;52.59515570934256
DILMA;36.986301369863014;2;54.08163265306123
DILMA;58.333333333333336;2;60.46511627906977
DILMA;82.67716535433071;2;60.97560975609756
DILMA;73.39449541284404;2;59.541984732824424
DILMA;70.71428571428571;2;55.75221238938053
DILMA;14.285714285714286;2;57.407407407407405
DILMA;45.16129032258065;2;61.1764705882353
DILMA;40.56603773584906;2;49.4661921708185
DILMA;39.34426229508197;2;42.0
DILMA;48.76543209876543;2;39.37007874015748
DILMA;43.61702127659574;2;54.5945945945946
DILMA;44.97607655502392;2;49.07063197026022
DILMA;31.756756756756758;2;50.28901734104046
DILMA;50.72463768115942;2;39.02439024390244
DILMA;57.05521472392638;2;40.625
DILMA;39.38053097345133;2;47.03947368421053
DILMA;36.563876651982376;2;47.88273615635179
DILMA;37.30769230769231;2;53.14685314685315
DILMA;37.102473498233216;2;46.41638225255973
DILMA;29.611650485436893;2;49.65277777777778
DILMA;24.025974025974026;2;50.0
DILMA;6.722689075630252;2;48.38709677419355
DILMA;50.0;2;55.32786885245902
DILMA;48.57142857142857;2;56.962025316455694
DILMA;19.375;2;48.76847290640394
DILMA;22.746781115879827;2;46.53465346534654
DILMA;35.741444866920155;2;51.4367816091954
DILMA;22.55639097744361;2;44.30379746835443
DILMA;49.18032786885246;2;57.534246575342465
DILMA;20.714285714285715;2;53.67088607594937
DILMA;25.78397212543554;2;53.015075376884425
DILMA;21.428571428571427;2;55.76407506702413
DILMA;21.245421245421245;2;52.1978021978022
DILMA;25.096525096525095;2;49.307479224376735
DILMA;21.691176470588236;2;48.199445983379505
DILMA;24.456521739130434;2;55.73770491803279
DILMA;23.295454545454547;2;56.326530612244895
DILMA;23.70689655172414;2;45.659163987138264
DILMA;24.41860465116279;2;54.335260115606935
DILMA;29.46058091286307;2;56.73076923076923
DILMA;26.956521739130434;2;46.794871794871796
DILMA;22.65625;2;54.45859872611465
DILMA;26.970954356846473;2;52.56797583081571
DILMA;30.223880597014926;2;51.1764705882353
DILMA;23.728813559322035;2;52.94117647058823
DILMA;26.35135135135135;2;50.0
DILMA;25.080385852090032;2;49.620253164556964
DILMA;24.333333333333332;2;52.94117647058823
DILMA;20.689655172413794;2;58.09018567639257
DILMA;31.203007518796994;2;50.140845070422536
DILMA;21.568627450980394;2;53.723404255319146
DILMA;28.37837837837838;2;51.21951219512195
DILMA;26.053639846743295;2;52.459016393442624
DILMA;28.928571428571427;2;46.59400544959128
DILMA;22.340425531914892;2;55.12820512820513
DILMA;21.908127208480565;2;49.61832061068702
DILMA;24.573378839590443;2;50.63938618925831
DILMA;28.8135593220339;2;54.39330543933055
DILMA;25.146198830409357;2;55.23012552301255
DILMA;28.436018957345972;2;56.89655172413793
DILMA;26.778242677824267;2;53.333333333333336
DILMA;27.31958762886598;2;51.973684210526315
DILMA;31.80327868852459;2;48.994974874371856
DILMA;33.440514469453376;2;54.2713567839196
DILMA;42.508710801393725;2;52.141057934508815
DILMA;35.85526315789474;2;53.43511450381679
DILMA;40.549828178694156;2;51.26262626262626
DILMA;36.271186440677965;2;48.98989898989899
DILMA;39.23076923076923;2;57.22222222222222
DILMA;36.462093862815884;2;55.124653739612185
DILMA;40.67796610169491;2;50.12658227848101
DILMA;26.79127725856698;2;50.12787723785166
DILMA;41.666666666666664;2;57.10659898477157
DILMA;41.355932203389834;2;57.43589743589744
DILMA;42.532467532467535;2;56.962025316455694
DILMA;26.200873362445414;2;51.111111111111114
DILMA;22.68041237113402;2;52.94117647058823
DILMA;27.40740740740741;2;53.37243401759531
DILMA;24.344569288389515;2;48.11594202898551
DILMA;18.62348178137652;2;50.445103857566764
DILMA;43.24324324324324;2;55.29801324503311
DILMA;41.666666666666664;2;57.326478149100254
DILMA;25.752508361204015;2;52.31958762886598
DILMA;35.84905660377358;2;55.04201680672269
DILMA;24.154589371980677;2;42.25352112676056
DILMA;24.257425742574256;2;49.583333333333336
DILMA;23.228346456692915;2;52.03761755485893
DILMA;24.0;2;48.24561403508772
DILMA;35.256410256410255;2;54.81171548117155
DILMA;23.694779116465863;2;41.80064308681672
DILMA;23.10924369747899;2;45.07936507936508
DILMA;23.417721518987342;2;54.54545454545455
DILMA;20.233463035019454;2;49.546827794561935
DILMA;27.309236947791163;2;49.707602339181285
DILMA;23.25581395348837;2;46.596858638743456
DILMA;29.914529914529915;2;46.644295302013425
DILMA;40.64748201438849;2;50.79365079365079
DILMA;23.076923076923077;2;54.21994884910486
DILMA;19.76284584980237;2;46.325878594249204
DILMA;24.409448818897637;2;48.734177215189874
DILMA;37.01298701298701;2;56.962025316455694
DILMA;21.363636363636363;2;50.6578947368421
DILMA;23.134328358208954;2;51.04477611940298
DILMA;28.755364806866954;2;51.282051282051285
DILMA;31.40495867768595;2;50.578034682080926
DILMA;18.75;2;45.56962025316456
DILMA;18.502202643171806;2;56.737588652482266
DILMA;29.721362229102166;2;44.97991967871486
DILMA;18.218623481781375;2;46.53179190751445
DILMA;24.056603773584907;2;48.507462686567166
DILMA;48.1981981981982;2;54.509803921568626
DILMA;32.5;2;44.38202247191011
DILMA;26.96629213483146;2;45.22968197879859
DILMA;36.13861386138614;2;48.51485148514851
DILMA;39.11290322580645;2;53.29512893982808
DILMA;27.77777777777778;2;49.04632152588556
DILMA;19.047619047619047;2;47.63779527559055
DILMA;21.804511278195488;2;49.127906976744185
DILMA;26.460481099656356;2;43.869209809264305
DILMA;21.694915254237287;2;43.88297872340426
DILMA;19.488817891373802;2;51.653944020356235
DILMA;29.677419354838708;2;39.81042654028436
DILMA;9.852216748768473;2;50.51903114186851
DILMA;5.555555555555555;2;96.15384615384616
DILMA;46.753246753246756;2;57.47663551401869
DILMA;31.407942238267147;2;51.83098591549296
DILMA;37.903225806451616;2;46.951219512195124
DILMA;35.80246913580247;2;53.048780487804876
DILMA;51.14754098360656;2;48.952879581151834
DILMA;55.921052631578945;2;44.9468085106383
DILMA;44.97991967871486;2;50.30120481927711
DILMA;54.51807228915663;2;52.13032581453634
DILMA;33.50253807106599;2;46.0
DILMA;37.56613756613756;2;53.459119496855344
DILMA;24.91103202846975;2;45.45454545454545
DILMA;25.714285714285715;2;57.78894472361809
DILMA;28.40909090909091;2;50.212765957446805
DILMA;28.67924528301887;2;49.27536231884058
DILMA;22.175732217573223;2;50.85324232081911
DILMA;28.571428571428573;2;54.67289719626168
DILMA;49.280575539568346;2;60.59782608695652
DILMA;50.88339222614841;2;53.018372703412076
DILMA;39.548022598870055;2;51.515151515151516
DILMA;30.8411214953271;2;48.86363636363637
DILMA;39.37007874015748;2;50.253807106598984
DILMA;31.135531135531135;2;49.56011730205279
DILMA;28.15884476534296;2;48.16901408450704
DILMA;28.35820895522388;2;49.720670391061454
DILMA;35.678391959798994;2;55.747126436781606
DILMA;30.76923076923077;2;51.0
DILMA;31.65137614678899;2;45.0
DILMA;45.76271186440678;2;50.80213903743316
DILMA;32.89473684210526;2;55.172413793103445
DILMA;32.56704980842912;2;47.19101123595506
DILMA;32.377049180327866;2;47.474747474747474
DILMA;30.0;2;51.65289256198347
DILMA;50.34722222222222;2;50.0
DILMA;34.69387755102041;2;53.81679389312977
DILMA;30.47945205479452;2;48.433048433048434
DILMA;36.206896551724135;2;50.0
DILMA;27.480916030534353;2;45.370370370370374
DILMA;26.976744186046513;2;53.6231884057971
DILMA;37.827715355805246;2;42.737430167597765
DILMA;46.09665427509294;2;51.45888594164456
DILMA;46.22641509433962;2;50.65359477124183
DILMA;50.0;2;48.07121661721068
DILMA;37.74834437086093;2;59.541984732824424
DILMA;48.63013698630137;2;57.74278215223097
DILMA;45.55160142348755;2;55.95854922279793
DILMA;54.13793103448276;2;48.94179894179894
DILMA;36.633663366336634;2;54.48275862068966
DILMA;35.22727272727273;2;51.399491094147585
DILMA;36.597938144329895;2;53.02491103202847
DILMA;32.870370370370374;2;50.0
DILMA;55.79710144927536;2;57.89473684210526
DILMA;42.016806722689076;2;48.0
DILMA;43.1438127090301;2;51.26903553299493
DILMA;29.365079365079364;2;51.25
DILMA;25.503355704697988;2;49.333333333333336
DILMA;32.6271186440678;2;46.8013468013468
DILMA;29.515418502202643;2;55.3125
DILMA;29.6875;2;53.753753753753756
DILMA;38.22393822393823;2;50.328947368421055
DILMA;47.69230769230769;2;53.91705069124424
DILMA;52.84280936454849;2;51.697127937336816
DILMA;48.18652849740933;2;54.44444444444444
DILMA;40.95238095238095;2;56.29370629370629
DILMA;54.93827160493827;2;55.10204081632653
DILMA;13.836477987421384;2;60.456273764258555
DILMA;54.09836065573771;2;64.16184971098266
DILMA;32.298136645962735;2;47.950819672131146
DILMA;29.04564315352697;2;54.193548387096776
DILMA;36.655948553054664;2;53.43511450381679
DILMA;33.0188679245283;2;47.26027397260274
DILMA;41.74757281553398;2;51.60142348754449
DILMA;37.56345177664975;2;51.74825174825175
DILMA;43.36734693877551;2;55.033557046979865
DILMA;23.346303501945524;2;50.14577259475219
DILMA;52.54237288135593;2;51.41242937853107
DILMA;31.95020746887967;2;50.30864197530864
DILMA;32.42009132420091;2;58.214285714285715
DILMA;52.94117647058823;2;53.93939393939394
DILMA;32.103321033210335;2;45.205479452054796
DILMA;24.623115577889447;2;50.0
DILMA;54.75409836065574;2;53.35120643431635
DILMA;66.66666666666667;2;55.851063829787236
DILMA;52.4822695035461;2;53.5
DILMA;31.182795698924732;2;46.666666666666664
DILMA;30.476190476190474;2;50.18315018315018
DILMA;32.342007434944236;2;52.33644859813084
DILMA;26.666666666666668;2;49.299719887955185
DILMA;24.738675958188153;2;49.59128065395095
DILMA;29.80392156862745;2;50.45871559633027
DILMA;51.77514792899408;2;48.607594936708864
DILMA;35.80246913580247;2;50.85324232081911
DILMA;27.966101694915253;2;48.42767295597484
DILMA;36.87707641196013;2;49.48186528497409
DILMA;26.492537313432837;2;48.529411764705884
DILMA;36.177474402730375;2;50.38363171355499
DILMA;41.34615384615385;2;54.87179487179487
DILMA;35.44973544973545;2;57.93991416309013
DILMA;26.905829596412556;2;47.07903780068729
DILMA;34.55882352941177;2;49.85422740524781
DILMA;32.69230769230769;2;53.28947368421053
DILMA;28.88888888888889;2;46.09929078014184
DILMA;47.417840375586856;2;53.90334572490706
DILMA;54.54545454545455;2;58.23529411764706
DILMA;47.24770642201835;2;51.9434628975265
DILMA;37.71043771043771;2;49.13793103448276
DILMA;29.661016949152543;2;50.0
DILMA;50.90252707581227;2;48.324022346368714
DILMA;27.551020408163264;2;42.618384401114206
DILMA;37.5;2;43.82022471910113
DILMA;66.66666666666667;2;51.63934426229508
DILMA;30.70175438596491;2;43.421052631578945
DILMA;20.930232558139537;2;48.75776397515528
DILMA;41.29353233830846;2;46.8
DILMA;38.9937106918239;2;55.98086124401914
DILMA;28.01556420233463;2;53.453453453453456
DILMA;27.96934865900383;2;52.976190476190474
DILMA;42.10526315789474;2;53.44827586206897
DILMA;53.57142857142857;2;54.59317585301837
DILMA;54.42176870748299;2;59.78260869565217
DILMA;52.94117647058823;2;53.63321799307958
DILMA;33.439490445859875;2;50.51020408163265
DILMA;32.075471698113205;2;45.04504504504504
DILMA;34.716981132075475;2;47.9224376731302
DILMA;62.608695652173914;2;48.25581395348837
DILMA;23.333333333333332;2;49.13793103448276
DILMA;56.09756097560975;2;53.420195439739416
DILMA;42.857142857142854;2;98.21428571428571
DILMA;61.39705882352941;2;47.63231197771588
DILMA;34.177215189873415;2;52.216748768472904
DILMA;42.916666666666664;2;41.00946372239748
DILMA;40.40816326530612;2;47.89156626506024
DILMA;36.75213675213675;2;50.520833333333336
DILMA;47.142857142857146;2;50.24875621890547
DILMA;56.64739884393064;2;48.11083123425693
DILMA;59.48275862068966;2;51.37931034482759
DILMA;54.13533834586466;2;49.249249249249246
DILMA;50.22831050228311;2;56.07142857142857
DILMA;40.963855421686745;2;47.77070063694268
DILMA;24.242424242424242;2;53.987730061349694
DILMA;52.70935960591133;2;53.03514376996805
DILMA;32.967032967032964;2;50.72886297376093
DILMA;48.84615384615385;2;46.58753709198813
DILMA;30.181818181818183;2;48.83720930232558
DILMA;44.680851063829785;2;51.27272727272727
DILMA;22.99651567944251;2;49.01960784313726
DILMA;30.303030303030305;2;46.44351464435147
DILMA;36.08695652173913;2;47.09480122324159
DILMA;52.44755244755245;2;49.21465968586387
DILMA;22.09737827715356;2;47.61904761904762
DILMA;23.828125;2;49.09090909090909
DILMA;41.1764705882353;2;45.283018867924525
DILMA;27.941176470588236;2;37.68115942028985
DILMA;48.125;2;50.253807106598984
DILMA;49.26470588235294;2;54.84764542936288
DILMA;36.7003367003367;2;50.0
DILMA;29.537366548042705;2;44.986449864498645
DILMA;21.25;2;47.22222222222222
DILMA;31.294964028776977;2;44.97041420118343
DILMA;25.862068965517242;2;44.40677966101695
DILMA;30.103806228373703;2;50.13192612137203
DILMA;36.58536585365854;2;45.853658536585364
DILMA;30.76923076923077;2;45.13274336283186
DILMA;31.666666666666668;2;47.46835443037975
DILMA;37.2093023255814;2;47.02549575070822
DILMA;32.45614035087719;2;52.96296296296296
DILMA;47.31182795698925;2;42.39766081871345
DILMA;34.857142857142854;2;43.85245901639344
DILMA;54.15384615384615;2;49.36386768447837
DILMA;61.570247933884296;2;48.059701492537314
DILMA;49.501661129568106;2;51.832460732984295
DILMA;28.14814814814815;2;47.82608695652174
DILMA;51.01010101010101;2;44.71544715447155
DILMA;33.027522935779814;2;52.666666666666664
DILMA;29.365079365079364;2;47.15025906735751
DILMA;48.0;2;43.19371727748691
DILMA;55.223880597014926;2;51.55555555555556
DILMA;68.32579185520362;2;47.30769230769231
DILMA;26.818181818181817;2;53.597122302158276
DILMA;47.602739726027394;2;48.648648648648646
DILMA;69.33962264150944;2;44.488188976377955
DILMA;78.81619937694704;2;54.81927710843374
DILMA;29.447852760736197;2;48.76847290640394
DILMA;47.111111111111114;2;57.049180327868854
DILMA;24.352331606217618;2;49.61538461538461
DILMA;37.391304347826086;2;53.47432024169184
DILMA;52.15311004784689;2;51.68539325842696
DILMA;32.6241134751773;2;48.83040935672515
DILMA;37.755102040816325;2;51.851851851851855
DILMA;42.16867469879518;2;56.83646112600536
DILMA;12.941176470588236;2;46.3768115942029
DILMA;67.6056338028169;2;57.142857142857146
DILMA;24.46808510638298;2;50.69637883008357
DILMA;30.501930501930502;2;49.404761904761905
DILMA;34.285714285714285;2;58.87850467289719
DILMA;23.529411764705884;2;48.83720930232558
DILMA;23.076923076923077;2;46.721311475409834
DILMA;17.97752808988764;2;51.417004048582996
DILMA;54.5;2;52.40174672489083
DILMA;51.207729468599034;2;50.81967213114754
DILMA;55.913978494623656;2;50.0
DILMA;24.81203007518797;2;49.107142857142854
DILMA;46.57534246575342;2;51.18483412322275
DILMA;60.58091286307054;2;51.19047619047619
DILMA;64.97695852534562;2;50.55762081784387
DILMA;59.310344827586206;2;52.33160621761658
DILMA;28.32369942196532;2;48.648648648648646
DILMA;36.7816091954023;2;43.90243902439025
DILMA;21.21212121212121;2;100.0
DILMA;13.68421052631579;2;47.18614718614719
DILMA;31.132075471698112;2;55.47445255474452
DILMA;85.15625;2;47.928994082840234
DILMA;50.0;2;52.980132450331126
DILMA;36.53846153846154;2;50.54945054945055
DILMA;33.333333333333336;2;44.3609022556391
DILMA;75.38461538461539;2;48.92086330935252
DILMA;52.525252525252526;2;49.18032786885246
DILMA;63.06818181818182;2;48.704663212435236
DILMA;27.40740740740741;2;51.541850220264315
DILMA;55.483870967741936;2;43.442622950819676
DILMA;75.0;2;54.22885572139303
DILMA;32.11009174311926;2;44.274809160305345
DILMA;75.75757575757575;2;53.68421052631579
DILMA;61.904761904761905;2;55.0
DILMA;27.062706270627064;2;49.08616187989556
DILMA;34.86842105263158;2;51.70454545454545
DILMA;51.14942528735632;2;49.23076923076923
DILMA;75.625;2;51.81347150259067
DILMA;44.0;2;52.54237288135593
DILMA;37.5;2;52.46636771300449
DILMA;60.3448275862069;2;55.96707818930041
DILMA;48.51485148514851;2;58.51851851851852
DILMA;27.335640138408305;2;48.10495626822158
DILMA;33.44827586206897;2;47.10982658959538
DILMA;52.0;2;50.6578947368421
DILMA;55.34591194968554;2;53.333333333333336
DILMA;7.299270072992701;2;49.08256880733945
DILMA;45.018450184501845;2;47.52851711026616
DILMA;32.720588235294116;2;47.714285714285715
DILMA;54.91803278688525;2;43.39622641509434
DILMA;28.75;2;49.6551724137931
DILMA;52.20338983050848;2;47.53623188405797
DILMA;43.037974683544306;2;44.827586206896555
DILMA;26.666666666666668;2;57.00934579439252
DILMA;48.07692307692308;2;55.73770491803279
DILMA;30.62200956937799;2;49.35897435897436
DILMA;29.850746268656717;2;51.13636363636363
DILMA;28.436018957345972;2;45.774647887323944
DILMA;27.941176470588236;2;50.14836795252226
DILMA;28.625954198473284;2;48.80952380952381
DILMA;29.32330827067669;2;48.338368580060425
DILMA;24.793388429752067;2;46.440677966101696
DILMA;33.65853658536585;2;51.590106007067135
DILMA;32.870370370370374;2;48.58156028368794
DILMA;35.034013605442176;2;57.54475703324808
DILMA;28.630705394190873;2;47.674418604651166
DILMA;28.01556420233463;2;45.07462686567164
DILMA;31.3953488372093;2;50.445103857566764
DILMA;28.957528957528957;2;46.706586826347305
DILMA;27.81954887218045;2;47.57575757575758
DILMA;27.976190476190474;2;57.26495726495727
DILMA;18.250950570342205;2;50.29940119760479
DILMA;31.73076923076923;2;47.16981132075472
DILMA;30.939226519337016;2;49.38775510204081
DILMA;35.38461538461539;2;43.62139917695473
DILMA;29.64426877470356;2;49.853372434017594
DILMA;34.04255319148936;2;47.47774480712166
DILMA;30.612244897959183;2;52.083333333333336
DILMA;30.939226519337016;2;48.83720930232558
DILMA;32.20973782771536;2;48.08259587020649
DILMA;32.196969696969695;2;45.32163742690059
DILMA;36.612021857923494;2;55.08474576271186
DILMA;37.2093023255814;2;45.662100456621005
DILMA;25.19685039370079;2;49.08256880733945
DILMA;33.333333333333336;2;46.34146341463415
DILMA;29.11392405063291;2;45.77114427860697
DILMA;34.78260869565217;2;41.951219512195124
DILMA;29.545454545454547;2;43.84384384384384
DILMA;29.533678756476682;2;41.25874125874126
DILMA;29.577464788732396;2;45.88235294117647
DILMA;23.387096774193548;2;54.6448087431694
DILMA;36.170212765957444;2;53.84615384615385
DILMA;41.851851851851855;2;54.427083333333336
DILMA;48.78048780487805;2;54.166666666666664
DILMA;42.5531914893617;2;55.97667638483965
DILMA;39.11290322580645;2;55.97667638483965
DILMA;53.90334572490706;2;48.1958762886598
DILMA;54.729729729729726;2;51.94805194805195
DILMA;45.149253731343286;2;54.617414248021106
DILMA;33.87978142076503;2;38.46153846153846
DILMA;45.833333333333336;2;52.38095238095238
DILMA;38.225255972696246;2;52.67175572519084
DILMA;38.888888888888886;2;47.70318021201413
DILMA;40.08810572687225;2;52.054794520547944
DILMA;40.104166666666664;2;51.492537313432834
DILMA;32.77777777777778;2;56.10687022900763
DILMA;40.08438818565401;2;48.01324503311258
DILMA;34.859154929577464;2;49.57507082152974
DILMA;38.46153846153846;2;50.4
DILMA;32.88590604026846;2;49.61832061068702
DILMA;47.55555555555556;2;51.14754098360656
DILMA;42.22222222222222;2;55.36480686695279
DILMA;37.89808917197452;2;44.783715012722645
DILMA;39.333333333333336;2;47.704081632653065
DILMA;42.69230769230769;2;52.96803652968037
DILMA;44.70198675496689;2;48.46938775510204
DILMA;42.42424242424242;2;54.54545454545455
DILMA;40.07936507936508;2;48.81656804733728
DILMA;44.04145077720207;2;56.62251655629139
DILMA;53.55648535564853;2;57.05521472392638
DILMA;39.15343915343915;2;50.0
DILMA;5.747126436781609;2;51.8796992481203
DILMA;85.33333333333333;2;51.470588235294116
DILMA;69.51219512195122;2;52.03252032520325
DILMA;44.05940594059406;2;46.69260700389105
DILMA;54.7085201793722;2;50.173010380622834
DILMA;85.96491228070175;2;57.333333333333336
DILMA;49.586776859504134;2;47.452229299363054
DILMA;38.857142857142854;2;50.0
DILMA;47.916666666666664;2;51.1764705882353
DILMA;41.97530864197531;2;52.7027027027027
DILMA;68.26923076923077;2;52.84552845528455
DILMA;54.49438202247191;2;50.806451612903224
DILMA;56.70103092783505;2;49.81132075471698
DILMA;45.23809523809524;2;50.0
DILMA;42.99516908212561;2;55.12820512820513
DILMA;45.6140350877193;2;47.72727272727273
DILMA;44.134078212290504;2;59.61538461538461
DILMA;39.86486486486486;2;60.16949152542373
DILMA;41.276595744680854;2;52.861952861952865
DILMA;43.19526627218935;2;50.21097046413502
DILMA;48.10126582278481;2;52.287581699346404
DILMA;46.733668341708544;2;46.917808219178085
DILMA;47.61904761904762;2;50.99601593625498
DILMA;43.69747899159664;2;53.65079365079365
DILMA;36.6412213740458;2;49.4661921708185
DILMA;43.81443298969072;2;49.458483754512635
DILMA;51.26903553299493;2;50.68493150684932
DILMA;38.94230769230769;2;42.3728813559322
DILMA;40.2390438247012;2;52.07667731629393
DILMA;38.095238095238095;2;61.224489795918366
DILMA;44.29223744292238;2;58.04416403785489
DILMA;50.40983606557377;2;56.934306569343065
DILMA;48.78048780487805;2;49.14675767918089
DILMA;43.82022471910113;2;52.67175572519084
DILMA;42.131979695431475;2;50.370370370370374
DILMA;46.07843137254902;2;56.31399317406143
DILMA;46.788990825688074;2;55.48172757475083
DILMA;49.04761904761905;2;48.39857651245551
DILMA;41.55251141552512;2;52.26480836236934
DILMA;46.08294930875576;2;52.861952861952865
DILMA;54.62555066079295;2;54.10958904109589
DILMA;53.42465753424658;2;55.59440559440559
DILMA;41.08910891089109;2;48.148148148148145
DILMA;51.196172248803826;2;56.890459363957596
DILMA;50.69124423963134;2;59.79381443298969
DILMA;45.893719806763286;2;49.48096885813149
DILMA;45.91836734693877;2;49.6124031007752
DILMA;46.408839779005525;2;44.39655172413793
DILMA;44.72573839662447;2;57.28813559322034
DILMA;44.53781512605042;2;55.59322033898305
DILMA;53.723404255319146;2;47.77327935222672
DILMA;44.166666666666664;2;56.653992395437264
DILMA;59.35828877005348;2;46.613545816733065
DILMA;52.293577981651374;2;48.03921568627451
DILMA;57.74647887323944;2;54.60750853242321
DILMA;53.475935828877006;2;49.81549815498155
DILMA;43.51464435146443;2;52.49169435215947
DILMA;55.68181818181818;2;59.05511811023622
DILMA;70.05988023952096;2;60.46511627906977
DILMA;65.54054054054055;2;51.291512915129154
DILMA;58.641975308641975;2;57.65765765765766
DILMA;58.267716535433074;2;62.083333333333336
DILMA;49.20634920634921;2;54.32098765432099
DILMA;41.578947368421055;2;48.72727272727273
DILMA;71.25;2;57.4585635359116
DILMA;72.41379310344827;2;53.81526104417671
DILMA;54.54545454545455;2;58.333333333333336
DILMA;71.70731707317073;2;55.49132947976879
DILMA;64.07766990291262;2;53.333333333333336
DILMA;10.407239819004525;2;51.17056856187291
DILMA;11.764705882352942;2;47.5
DILMA;44.93927125506073;2;49.328859060402685
DILMA;50.24154589371981;2;52.592592592592595
DILMA;47.71573604060914;2;53.81818181818182
DILMA;41.02564102564103;2;56.59163987138264
DILMA;43.1578947368421;2;46.82539682539682
DILMA;51.81818181818182;2;51.351351351351354
DILMA;57.2093023255814;2;48.49624060150376
DILMA;60.19417475728155;2;55.0
DILMA;78.03468208092485;2;51.904761904761905
DILMA;38.048780487804876;2;53.01204819277108
DILMA;44.24242424242424;2;52.33644859813084
DILMA;47.389558232931726;2;49.83277591973244
DILMA;51.48514851485149;2;50.57471264367816
DILMA;70.55555555555556;2;59.130434782608695
DILMA;50.46296296296296;2;50.666666666666664
DILMA;53.21888412017167;2;45.26315789473684
DILMA;52.72727272727273;2;45.70446735395189
DILMA;48.917748917748916;2;46.8013468013468
DILMA;59.130434782608695;2;44.91228070175438
DILMA;46.04651162790697;2;45.8955223880597
DILMA;49.09090909090909;2;50.470219435736674
DILMA;44.33497536945813;2;43.7007874015748
DILMA;55.0;2;50.471698113207545
DILMA;48.648648648648646;2;49.48096885813149
DILMA;32.86713286713287;2;55.61224489795919
DILMA;53.374233128834355;2;51.64319248826291
DILMA;30.102040816326532;2;53.05343511450382
DILMA;22.535211267605632;2;49.171270718232044
DILMA;57.7639751552795;2;58.02469135802469
DILMA;42.5531914893617;2;59.04761904761905
DILMA;52.083333333333336;2;54.5945945945946
DILMA;56.390977443609025;2;54.861111111111114
DILMA;52.25806451612903;2;48.598130841121495
DILMA;18.835616438356166;2;47.32620320855615
DILMA;22.727272727272727;2;47.10982658959538
DILMA;24.81203007518797;2;47.53623188405797
DILMA;63.73626373626374;2;58.18181818181818
DILMA;29.82456140350877;2;60.317460317460316
DILMA;34.899328859060404;2;48.98989898989899
DILMA;22.388059701492537;2;54.929577464788736
DILMA;50.68493150684932;2;48.75
DILMA;18.0327868852459;2;52.857142857142854
DILMA;58.42696629213483;2;54.0
DILMA;42.592592592592595;2;48.31460674157304
DILMA;35.294117647058826;2;44.067796610169495
DILMA;21.818181818181817;2;47.55043227665706
DILMA;81.66666666666667;2;65.9090909090909
DILMA;26.984126984126984;2;46.33507853403141
DILMA;30.344827586206897;2;53.69458128078818
DILMA;34.36293436293436;2;46.74556213017752
DILMA;32.015810276679844;2;48.58490566037736
DILMA;43.44827586206897;2;55.27638190954774
DILMA;33.54430379746835;2;43.0622009569378
DILMA;37.735849056603776;2;55.3921568627451
DILMA;33.035714285714285;2;53.191489361702125
DILMA;34.09090909090909;2;48.014440433213
DILMA;31.30081300813008;2;56.441717791411044
DILMA;28.448275862068964;2;49.83818770226537
DILMA;42.013888888888886;2;55.82010582010582
DILMA;36.55172413793103;2;52.41935483870968
DILMA;26.609442060085836;2;51.773049645390074
DILMA;24.398625429553263;2;50.51020408163265
DILMA;33.83458646616541;2;48.18941504178273
DILMA;37.89473684210526;2;53.4435261707989
DILMA;18.21561338289963;2;45.535714285714285
DILMA;32.82828282828283;2;49.7907949790795
DILMA;40.20100502512563;2;57.85123966942149
DILMA;40.87591240875913;2;53.31230283911672
DILMA;29.487179487179485;2;50.77319587628866
DILMA;41.886792452830186;2;48.50498338870432
DILMA;45.09803921568628;2;50.0
DILMA;30.21276595744681;2;49.666666666666664
DILMA;34.285714285714285;2;45.320197044334975
DILMA;27.547169811320753;2;44.09221902017291
DILMA;46.103896103896105;2;50.13550135501355
DILMA;43.31983805668016;2;49.333333333333336
DILMA;30.285714285714285;2;52.97029702970297
DILMA;31.736526946107784;2;58.604651162790695
DILMA;23.29749103942652;2;56.231884057971016
DILMA;28.46153846153846;2;48.37758112094395
DILMA;28.51063829787234;2;49.831649831649834
DILMA;20.077220077220076;2;52.046783625730995
DILMA;40.16393442622951;2;51.245551601423486
DILMA;30.837004405286343;2;49.163879598662206
DILMA;26.79245283018868;2;55.88235294117647
DILMA;24.50980392156863;2;47.66839378238342
DILMA;20.149253731343283;2;51.76470588235294
DILMA;24.814814814814813;2;50.2906976744186
DILMA;23.202614379084967;2;51.733333333333334
DILMA;33.68055555555556;2;45.333333333333336
DILMA;21.895424836601308;2;50.4
DILMA;24.705882352941178;2;46.470588235294116
DILMA;45.18828451882845;2;50.357142857142854
DILMA;27.555555555555557;2;55.86206896551724
DILMA;66.66666666666667;2;56.2043795620438
DILMA;34.74178403755869;2;57.92880258899677
DILMA;42.7710843373494;2;49.523809523809526
DILMA;30.65326633165829;2;56.741573033707866
DILMA;20.80536912751678;2;51.8041237113402
DILMA;35.55555555555556;2;49.504950495049506
DILMA;25.925925925925927;2;54.42359249329759
DILMA;22.635135135135137;2;45.08196721311475
DILMA;31.501831501831504;2;48.8235294117647
DILMA;35.294117647058826;2;48.63387978142077
DILMA;22.5;2;45.88235294117647
DILMA;26.688102893890676;2;50.67385444743935
DILMA;40.76246334310851;2;52.41730279898219
DILMA;29.197080291970803;2;50.43478260869565
DILMA;25.0;2;44.44444444444444
DILMA;53.42465753424658;2;56.470588235294116
DILMA;29.361702127659573;2;51.48514851485149
DILMA;34.64052287581699;2;53.591160220994475
DILMA;32.78688524590164;2;49.523809523809526
DILMA;23.711340206185568;2;56.779661016949156
DILMA;43.75;2;44.87179487179487
DILMA;35.504885993485345;2;48.663101604278076
DILMA;36.51877133105802;2;47.77777777777778
DILMA;33.21799307958477;2;51.45348837209303
DILMA;19.858156028368793;2;47.94117647058823
DILMA;72.636815920398;2;56.2753036437247
DILMA;77.35849056603773;2;53.80952380952381
DILMA;33.02325581395349;2;53.15614617940199
DILMA;33.57664233576642;2;47.66081871345029
DILMA;37.98701298701299;2;46.79144385026738
DILMA;18.01801801801802;2;50.36496350364963
DILMA;34.21052631578947;2;50.29761904761905
DILMA;28.415300546448087;2;41.810344827586206
DILMA;37.03703703703704;2;46.26038781163435
DILMA;24.67948717948718;2;50.38560411311054
DILMA;35.273972602739725;2;47.527472527472526
DILMA;33.11897106109325;2;51.41388174807198
DILMA;31.428571428571427;2;44.18604651162791
DILMA;23.75886524822695;2;53.42465753424658
DILMA;40.66390041493776;2;49.494949494949495
DILMA;32.967032967032964;2;46.62921348314607
DILMA;38.38028169014085;2;51.39664804469274
DILMA;31.986531986531986;2;47.58064516129032
DILMA;38.118811881188115;2;44.905660377358494
DILMA;35.8974358974359;2;56.21621621621622
DILMA;36.53846153846154;2;54.76190476190476
DILMA;54.335260115606935;2;58.94736842105263
DILMA;9.23076923076923;2;54.83870967741935
DILMA;49.029126213592235;2;50.18181818181818
DILMA;46.07843137254902;2;49.80544747081712
DILMA;48.421052631578945;2;54.121863799283155
DILMA;46.42857142857143;2;52.51798561151079
DILMA;46.3768115942029;2;54.09252669039146
DILMA;43.65482233502538;2;52.34657039711191
DILMA;49.029126213592235;2;48.04270462633452
DILMA;46.666666666666664;2;55.65217391304348
DILMA;45.58139534883721;2;53.14685314685315
DILMA;51.207729468599034;2;47.81021897810219
DILMA;42.5;2;45.195729537366546
DILMA;48.205128205128204;2;50.3875968992248
DILMA;47.417840375586856;2;56.43939393939394
DILMA;41.395348837209305;2;54.78927203065134
DILMA;43.43434343434343;2;58.13953488372093
DILMA;44.61538461538461;2;52.12355212355212
DILMA;46.15384615384615;2;58.4
DILMA;48.5;2;48.49624060150376
DILMA;48.108108108108105;2;52.325581395348834
DILMA;48.80952380952381;2;50.672645739910315
DILMA;50.943396226415096;2;54.97835497835498
DILMA;52.15311004784689;2;45.744680851063826
DILMA;40.19138755980861;2;52.8957528957529
DILMA;53.5;2;60.431654676258994
DILMA;50.96153846153846;2;52.94117647058823
DILMA;47.29064039408867;2;51.43884892086331
DILMA;49.107142857142854;2;50.90252707581227
DILMA;57.6036866359447;2;55.749128919860624
DILMA;46.96969696969697;2;46.71814671814672
DILMA;53.09278350515464;2;43.373493975903614
DILMA;45.416666666666664;2;49.49152542372882
DILMA;50.23474178403756;2;49.42528735632184
DILMA;46.18834080717489;2;45.80419580419581
DILMA;50.0;2;49.808429118773944
DILMA;65.78947368421052;2;49.826989619377166
DILMA;59.04761904761905;2;50.0
DILMA;50.73170731707317;2;49.20634920634921
DILMA;42.6865671641791;2;45.22821576763486
DILMA;52.48868778280543;2;53.79061371841155
DILMA;87.26415094339623;2;54.966887417218544
DILMA;63.2183908045977;2;53.714285714285715
DILMA;81.13207547169812;2;56.626506024096386
DILMA;62.60504201680672;2;49.65034965034965
DILMA;54.09090909090909;2;45.12635379061372
DILMA;43.43434343434343;2;55.93869731800766
DILMA;44.60093896713615;2;55.59701492537314
DILMA;40.67796610169491;2;55.86206896551724
DILMA;79.0909090909091;2;55.61797752808989
DILMA;75.64102564102564;2;50.67567567567568
DILMA;46.902654867256636;2;48.04270462633452
DILMA;62.5;2;71.95121951219512
DILMA;61.951219512195124;2;56.07843137254902
DILMA;42.20183486238532;2;46.00760456273764
DILMA;42.78350515463917;2;56.34920634920635
DILMA;43.61702127659574;2;50.19607843137255
DILMA;53.250773993808046;2;50.92250922509225
DILMA;47.755102040816325;2;51.013513513513516
DILMA;12.121212121212121;2;45.033112582781456
DILMA;66.04938271604938;2;53.57142857142857
DILMA;8.333333333333334;2;48.0
DILMA;41.8848167539267;2;53.72549019607843
DILMA;29.12621359223301;2;46.017699115044245
DILMA;88.19444444444444;2;52.17391304347826
DILMA;53.44827586206897;2;45.16129032258065
DILMA;60.204081632653065;2;51.64835164835165
DILMA;50.427350427350426;2;49.285714285714285
DILMA;56.89655172413793;2;56.578947368421055
DILMA;45.30386740331492;2;51.383399209486164
DILMA;53.2520325203252;2;47.79661016949152
DILMA;47.234042553191486;2;49.29577464788732
DILMA;37.956204379562045;2;50.955414012738856
DILMA;51.351351351351354;2;49.01960784313726
DILMA;27.33812949640288;2;53.67231638418079
DILMA;23.626373626373628;2;47.05882352941177
DILMA;28.21576763485477;2;50.719424460431654
DILMA;29.739776951672862;2;52.259887005649716
DILMA;38.392857142857146;2;54.45205479452055
DILMA;19.736842105263158;2;54.67128027681661
DILMA;20.982142857142858;2;61.82432432432432
DILMA;17.467248908296945;2;53.04054054054054
DILMA;19.469026548672566;2;56.013745704467354
DILMA;22.0532319391635;2;52.76872964169381
DILMA;21.890547263681594;2;51.11940298507463
DILMA;17.803030303030305;2;53.61842105263158
DILMA;20.717131474103585;2;54.666666666666664
DILMA;20.54794520547945;2;53.13653136531365
DILMA;25.0;2;54.67289719626168
DILMA;18.03921568627451;2;53.943217665615144
DILMA;27.238805970149254;2;55.240793201133144
DILMA;23.79182156133829;2;48.5207100591716
DILMA;27.77777777777778;2;48.31460674157304
DILMA;18.51851851851852;2;53.2
DILMA;18.88111888111888;2;61.235955056179776
DILMA;16.26984126984127;2;57.049180327868854
DILMA;24.870466321243523;2;52.54237288135593
DILMA;21.40077821011673;2;55.016181229773466
DILMA;31.985294117647058;2;50.56818181818182
DILMA;36.312849162011176;2;56.08695652173913
DILMA;28.96825396825397;2;47.41641337386018
DILMA;33.673469387755105;2;55.601659751037346
DILMA;20.218579234972676;2;50.925925925925924
DILMA;20.689655172413794;2;50.62111801242236
DILMA;25.925925925925927;2;53.52697095435685
DILMA;17.71217712177122;2;48.95522388059702
DILMA;32.94117647058823;2;48.0565371024735
DILMA;22.0;2;55.32786885245902
DILMA;23.381294964028775;2;49.852507374631266
DILMA;29.48207171314741;2;54.02684563758389
DILMA;22.22222222222222;2;50.43103448275862
DILMA;23.115577889447238;2;52.892561983471076
DILMA;15.625;2;50.78864353312303
DILMA;23.618090452261306;2;52.14007782101167
DILMA;30.434782608695652;2;52.64900662251656
DILMA;28.79377431906615;2;47.740112994350284
DILMA;38.75598086124402;2;52.64900662251656
DILMA;24.107142857142858;2;54.121863799283155
DILMA;30.065359477124183;2;45.0
DILMA;28.037383177570092;2;54.32098765432099
DILMA;16.49484536082474;2;56.45161290322581
DILMA;32.78145695364238;2;52.30769230769231
DILMA;23.15270935960591;2;52.22672064777328
DILMA;45.588235294117645;2;56.25
DILMA;28.048780487804876;2;54.02684563758389
DILMA;41.554054054054056;2;51.724137931034484
DILMA;34.065934065934066;2;54.106280193236714
DILMA;22.878228782287824;2;48.795180722891565
DILMA;28.651685393258425;2;56.58682634730539
DILMA;36.65689149560117;2;52.74390243902439
DILMA;34.437086092715234;2;53.125
DILMA;33.65384615384615;2;52.592592592592595
DILMA;20.3125;2;51.5527950310559
DILMA;20.361990950226243;2;53.20754716981132
DILMA;28.368794326241133;2;56.54761904761905
DILMA;32.20338983050848;2;55.55555555555556
DILMA;36.8;2;52.313167259786475
DILMA;39.42307692307692;2;61.206896551724135
DILMA;24.170616113744074;2;59.01639344262295
DILMA;16.071428571428573;2;43.627450980392155
DILMA;40.23668639053255;2;50.0
DILMA;15.294117647058824;2;57.83783783783784
DILMA;30.726256983240223;2;52.38095238095238
DILMA;21.25;2;53.291536050156736
DILMA;16.205533596837945;2;50.814332247557005
DILMA;14.163090128755364;2;63.38028169014085
DILMA;18.59504132231405;2;48.23943661971831
DILMA;20.58823529411765;2;56.41891891891892
DILMA;15.246636771300448;2;50.833333333333336
DILMA;20.081967213114755;2;52.243589743589745
DILMA;22.598870056497177;2;53.39366515837104
DILMA;30.81761006289308;2;49.77777777777778
DILMA;33.443708609271525;2;49.10485933503836
DILMA;24.770642201834864;2;38.25503355704698
DILMA;13.422818791946309;2;52.459016393442624
DILMA;18.77133105802048;2;57.74647887323944
DILMA;45.45454545454545;2;59.375
DILMA;63.095238095238095;2;50.561797752808985
DILMA;20.068027210884352;2;52.892561983471076
DILMA;31.25;2;60.273972602739725
DILMA;49.333333333333336;2;54.63917525773196
DILMA;45.714285714285715;2;48.46153846153846
DILMA;18.674698795180724;2;52.51141552511415
DILMA;25.380710659898476;2;47.71784232365145
DILMA;25.668449197860962;2;51.17370892018779
DILMA;12.949640287769784;2;45.73170731707317
DILMA;17.29106628242075;2;46.15384615384615
DILMA;18.597560975609756;2;36.55913978494624
DILMA;20.070422535211268;2;50.0
DILMA;16.883116883116884;2;57.142857142857146
DILMA;31.52173913043478;2;57.93991416309013
DILMA;23.83419689119171;2;50.59288537549407
DILMA;18.72340425531915;2;50.33783783783784
DILMA;21.08433734939759;2;49.75124378109453
DILMA;28.37837837837838;2;51.282051282051285
DILMA;23.166023166023166;2;54.57413249211356
DILMA;18.410041841004183;2;47.07903780068729
DILMA;20.388349514563107;2;55.78947368421053
DILMA;18.0;2;55.20504731861199
DILMA;22.265625;2;49.56268221574344
DILMA;24.858757062146893;2;50.0
DILMA;18.49056603773585;2;50.29585798816568
DILMA;16.725978647686834;2;50.2906976744186
DILMA;23.728813559322035;2;51.388888888888886
DILMA;21.64179104477612;2;54.46927374301676
DILMA;19.747899159663866;2;51.73501577287066
DILMA;22.926829268292682;2;56.14035087719298
DILMA;14.201183431952662;2;46.51162790697674
DILMA;14.785992217898833;2;46.56716417910448
DILMA;23.170731707317074;2;55.72139303482587
DILMA;14.624505928853756;2;54.11392405063291
DILMA;23.076923076923077;2;53.55648535564853
DILMA;25.112107623318387;2;54.90909090909091
DILMA;16.05504587155963;2;53.380782918149464
DILMA;24.102564102564102;2;52.02952029520295
DILMA;21.58273381294964;2;54.34782608695652
DILMA;24.496644295302012;2;54.95049504950495
DILMA;22.325581395348838;2;50.91575091575091
DILMA;22.127659574468087;2;52.577319587628864
DILMA;17.343173431734318;2;52.9126213592233
DILMA;21.54696132596685;2;62.10045662100457
DILMA;17.94871794871795;2;49.54545454545455
DILMA;16.939890710382514;2;52.07373271889401
DILMA;21.708185053380785;2;51.67464114832536
DILMA;21.55688622754491;2;52.97029702970297
DILMA;14.84375;2;56.875
DILMA;18.99441340782123;2;53.02325581395349
DILMA;27.93522267206478;2;55.319148936170215
DILMA;25.210084033613445;2;54.00696864111498
DILMA;19.08713692946058;2;50.0
DILMA;18.88888888888889;2;53.7037037037037
DILMA;30.90909090909091;2;60.07194244604317
DILMA;21.140939597315437;2;53.63636363636363
DILMA;15.2;2;55.33596837944664
DILMA;37.6;2;52.160493827160494
DILMA;14.166666666666666;2;51.03448275862069
DILMA;17.78846153846154;2;47.03703703703704
DILMA;23.03370786516854;2;54.794520547945204
DILMA;31.40495867768595;2;51.533742331288344
DILMA;23.195876288659793;2;55.88235294117647
DILMA;13.186813186813186;2;60.2803738317757
DILMA;38.497652582159624;2;60.32786885245902
DILMA;23.004694835680752;2;52.592592592592595
DILMA;28.125;2;53.48837209302326
DILMA;17.272727272727273;2;55.673758865248224
DILMA;37.55458515283843;2;56.0
DILMA;30.48780487804878;2;53.93939393939394
DILMA;35.51401869158879;2;58.032786885245905
DILMA;27.155172413793103;2;52.56410256410256
DILMA;34.70319634703196;2;59.40594059405941
DILMA;18.46846846846847;2;55.78947368421053
DILMA;18.303571428571427;2;51.40845070422535
DILMA;35.094339622641506;2;49.096385542168676
DILMA;29.775280898876403;2;51.94805194805195
DILMA;37.11790393013101;2;57.6271186440678
DILMA;21.428571428571427;2;52.863436123348016
DILMA;19.54022988505747;2;53.18471337579618
DILMA;32.30769230769231;2;51.666666666666664
DILMA;36.75675675675676;2;62.44541484716157
DILMA;28.735632183908045;2;53.535353535353536
DILMA;25.0;2;53.44827586206897
DILMA;21.311475409836067;2;55.29953917050691
DILMA;23.056300268096514;2;46.00484261501211
DILMA;26.099706744868037;2;47.956403269754766
DILMA;13.066666666666666;2;45.18518518518518
DILMA;17.17948717948718;2;44.44444444444444
DILMA;16.949152542372882;2;42.731277533039645
DILMA;19.55922865013774;2;48.091603053435115
DILMA;19.060773480662984;2;47.73869346733668
DILMA;21.35135135135135;2;47.36842105263158
DILMA;17.557251908396946;2;40.21739130434783
DILMA;14.722222222222221;2;50.526315789473685
DILMA;14.663461538461538;2;43.73626373626374
DILMA;33.11258278145695;2;52.395209580838326
DILMA;35.46099290780142;2;53.58166189111748
DILMA;25.24590163934426;2;49.458483754512635
DILMA;22.429906542056074;2;47.091412742382275
DILMA;17.741935483870968;2;48.87640449438202
DILMA;20.87227414330218;2;42.547425474254744
DILMA;19.814241486068113;2;48.57954545454545
DILMA;16.86390532544379;2;51.45888594164456
DILMA;15.633423180592992;2;43.872549019607845
DILMA;18.75;2;52.1505376344086
DILMA;26.37795275590551;2;54.063604240282686
DILMA;17.263843648208468;2;48.4472049689441
DILMA;16.541353383458645;2;41.03139013452915
DILMA;15.223880597014926;2;47.8021978021978
DILMA;24.444444444444443;2;45.91549295774648
DILMA;17.56756756756757;2;40.94292803970223
DILMA;24.390243902439025;2;44.817927170868344
DILMA;18.635170603674542;2;51.68269230769231
DILMA;20.098039215686274;2;43.43891402714932
DILMA;13.136729222520108;2;46.829268292682926
DILMA;30.76923076923077;2;45.16129032258065
DILMA;16.032608695652176;2;43.06930693069307
DILMA;35.687732342007436;2;53.86819484240688
DILMA;22.22222222222222;2;45.205479452054796
DILMA;18.229166666666668;2;41.68674698795181
DILMA;12.874251497005988;2;44.054054054054056
DILMA;10.975609756097562;2;44.93150684931507
DILMA;29.166666666666668;2;51.96506550218341
DILMA;26.48221343873518;2;51.60142348754449
DILMA;12.537313432835822;2;42.93478260869565
DILMA;14.444444444444445;2;50.75757575757576
DILMA;15.384615384615385;2;44.225352112676056
DILMA;21.85929648241206;2;46.03174603174603
DILMA;22.424242424242426;2;46.239554317548745
DILMA;17.771084337349397;2;44.19889502762431
DILMA;19.25133689839572;2;46.73123486682809
DILMA;15.365239294710328;2;37.16216216216216
DILMA;21.661721068249257;2;40.99722991689751
DILMA;12.668463611859838;2;47.63092269326683
DILMA;12.288135593220339;2;48.31460674157304
DILMA;12.953367875647668;2;42.857142857142854
DILMA;10.893854748603353;2;43.12169312169312
DILMA;18.92744479495268;2;44.21965317919075
DILMA;11.722488038277511;2;45.45454545454545
DILMA;12.16931216931217;2;48.77450980392157
DILMA;10.344827586206897;2;51.3986013986014
DILMA;15.864022662889518;2;46.93333333333333
DILMA;14.429530201342281;2;47.1976401179941
DILMA;13.414634146341463;2;38.764044943820224
DILMA;15.254237288135593;2;49.526813880126184
DILMA;21.428571428571427;2;49.19614147909968
DILMA;17.478510028653297;2;47.55784061696658
DILMA;15.662650602409638;2;47.96747967479675
DILMA;21.40921409214092;2;46.62162162162162
DILMA;31.715210355987054;2;48.97959183673469
DILMA;35.256410256410255;2;57.870370370370374
DILMA;19.430051813471504;2;44.742729306487696
DILMA;34.163701067615655;2;51.37614678899082
DILMA;19.34426229508197;2;44.84848484848485
DILMA;18.560606060606062;2;47.05882352941177
DILMA;14.044943820224718;2;44.61942257217848
DILMA;15.0;2;50.51282051282051
DILMA;9.67741935483871;2;95.0
DILMA;18.282548476454295;2;46.07843137254902
DILMA;14.42080378250591;2;45.43478260869565
DILMA;17.92717086834734;2;45.7286432160804
DILMA;17.768595041322314;2;48.49624060150376
DILMA;15.263157894736842;2;46.98795180722892
DILMA;11.528150134048257;2;47.12918660287081
DILMA;10.824742268041238;2;43.73522458628842
DILMA;20.0;2;51.401869158878505
DILMA;10.060975609756097;2;45.09803921568628
DILMA;14.084507042253522;2;43.32493702770781
DILMA;13.941018766756033;2;45.588235294117645
DILMA;12.094395280235988;2;47.67123287671233
DILMA;43.542435424354245;2;51.57593123209169
DILMA;14.322250639386189;2;42.281879194630875
DILMA;13.872832369942197;2;48.484848484848484
DILMA;18.322981366459626;2;45.32577903682719
DILMA;26.068376068376068;2;55.71955719557196
DILMA;13.803680981595091;2;45.4054054054054
DILMA;16.844919786096256;2;44.038929440389296
DILMA;19.565217391304348;2;44.85294117647059
DILMA;23.463687150837988;2;47.51243781094527
DILMA;14.322916666666666;2;45.76271186440678
DILMA;28.72340425531915;2;50.30487804878049
DILMA;21.21212121212121;2;52.94117647058823
DILMA;16.40378548895899;2;42.492917847025495
DILMA;21.076233183856502;2;53.125
DILMA;15.934065934065934;2;45.501285347043705
DILMA;22.15568862275449;2;38.858695652173914
DILMA;14.361702127659575;2;45.25547445255474
DILMA;16.71641791044776;2;50.810810810810814
DILMA;13.6;2;44.00977995110024
DILMA;30.827067669172934;2;48.63945578231292
DILMA;11.241217798594848;2;45.33622559652928
DILMA;39.3574297188755;2;53.37837837837838
DILMA;25.19083969465649;2;53.77358490566038
DILMA;25.0;2;54.6242774566474
DILMA;12.011173184357542;2;44.69135802469136
DILMA;14.921465968586388;2;49.16067146282974
DILMA;11.26005361930295;2;49.5260663507109
DILMA;18.87905604719764;2;48.6284289276808
DILMA;13.221153846153847;2;40.26258205689278
DILMA;31.1864406779661;2;45.45454545454545
DILMA;15.864022662889518;2;44.55696202531646
DILMA;17.153284671532848;2;46.52777777777778
DILMA;13.157894736842104;2;43.583535108958834
DILMA;16.08040201005025;2;42.410714285714285
DILMA;22.55639097744361;2;51.41065830721003
DILMA;44.72573839662447;2;55.05226480836237
DILMA;13.648293963254593;2;46.85314685314685
DILMA;13.852813852813853;2;46.81647940074907
DILMA;20.34383954154728;2;45.380434782608695
DILMA;24.624624624624623;2;49.59349593495935
DILMA;12.652068126520682;2;42.73504273504273
DILMA;12.430939226519337;2;44.33497536945813
DILMA;12.595419847328245;2;45.6140350877193
DILMA;19.310344827586206;2;46.51898734177215
DILMA;15.517241379310345;2;45.13715710723192
DILMA;18.345323741007196;2;44.62540716612378
DILMA;17.269076305220885;2;36.60377358490566
DILMA;11.023622047244094;2;49.883449883449885
DILMA;15.0997150997151;2;51.776649746192895
DILMA;32.0;2;51.632047477744806
DILMA;21.05263157894737;2;47.04545454545455
DILMA;18.233618233618234;2;44.69135802469136
DILMA;53.37837837837838;2;51.80722891566265
DILMA;14.285714285714286;2;43.71980676328502
DILMA;15.819209039548022;2;39.84771573604061
DILMA;17.515923566878982;2;53.6388140161725
DILMA;13.58695652173913;2;52.036199095022624
DILMA;24.698795180722893;2;53.73134328358209
DILMA;15.025906735751295;2;44.15584415584416
DILMA;14.887640449438202;2;42.931937172774866
DILMA;14.594594594594595;2;43.7037037037037
DILMA;24.770642201834864;2;41.732283464566926
DILMA;25.0814332247557;2;53.28083989501312
DILMA;39.50617283950617;2;45.36082474226804
DILMA;15.536723163841808;2;37.5
DILMA;14.545454545454545;2;48.167539267015705
DILMA;16.292134831460675;2;38.27160493827161
DILMA;21.406727828746178;2;49.473684210526315
DILMA;19.333333333333332;2;41.46341463414634
DILMA;31.40495867768595;2;48.95104895104895
DILMA;15.217391304347826;2;46.601941747572816
DILMA;17.819148936170212;2;49.469214437367306
DILMA;24.47129909365559;2;47.66839378238342
DILMA;16.455696202531644;2;49.45054945054945
DILMA;24.04092071611253;2;40.1766004415011
DILMA;13.51981351981352;2;43.373493975903614
DILMA;26.903553299492387;2;44.650205761316876
DILMA;10.48951048951049;2;44.03669724770642
DILMA;17.884130982367758;2;45.98393574297189
DILMA;35.625;2;53.768844221105525
DILMA;15.633423180592992;2;45.34313725490196
DILMA;19.047619047619047;2;40.0
DILMA;16.95906432748538;2;46.85138539042821
DILMA;31.496062992125985;2;47.32824427480916
DILMA;12.612612612612613;2;42.821158690176325
DILMA;9.090909090909092;2;44.0
DILMA;27.058823529411764;2;55.319148936170215
DILMA;15.021459227467812;2;42.36641221374046
DILMA;17.391304347826086;2;43.850267379679146
DILMA;15.536723163841808;2;38.79093198992443
DILMA;14.47721179624665;2;43.76528117359413
DILMA;33.587786259541986;2;41.104294478527606
DILMA;11.694510739856803;2;46.27766599597585
DILMA;20.155038759689923;2;50.32051282051282
DILMA;19.696969696969695;2;49.87405541561713
DILMA;21.62162162162162;2;50.78125
DILMA;40.0;2;54.01459854014598
DILMA;12.99638989169675;2;46.794871794871796
DILMA;10.9375;2;45.535714285714285
DILMA;14.018691588785046;2;51.181102362204726
DILMA;14.473684210526315;2;43.67816091954023
DILMA;14.285714285714286;2;52.63157894736842
DILMA;12.698412698412698;2;53.30882352941177
DILMA;29.23728813559322;2;51.291512915129154
DILMA;19.19191919191919;2;42.63392857142857
DILMA;16.08040201005025;2;43.66812227074236
DILMA;17.452830188679247;2;46.60633484162896
DILMA;15.706806282722512;2;46.875
DILMA;13.744075829383887;2;47.92626728110599
DILMA;16.486486486486488;2;43.27628361858191
DILMA;14.516129032258064;2;46.3768115942029
DILMA;17.05685618729097;2;40.869565217391305
DILMA;17.034700315457414;2;46.53179190751445
DILMA;20.74074074074074;2;46.875
DILMA;29.365079365079364;2;54.09252669039146
DILMA;13.375796178343949;2;50.0
DILMA;12.580645161290322;2;46.24277456647399
DILMA;17.174515235457065;2;49.849849849849846
DILMA;17.452830188679247;2;46.32034632034632
DILMA;13.043478260869565;2;40.0
DILMA;15.774647887323944;2;52.450980392156865
DILMA;15.300546448087431;2;45.30120481927711
DILMA;18.03713527851459;2;46.34146341463415
DILMA;13.609467455621301;2;49.21465968586387
DILMA;22.941176470588236;2;50.810810810810814
DILMA;29.2;2;50.36764705882353
DILMA;23.25581395348837;2;49.193548387096776
DILMA;18.61198738170347;2;46.236559139784944
DILMA;21.451104100946374;2;53.005464480874316
DILMA;22.897196261682243;2;49.714285714285715
DILMA;19.838056680161944;2;48.55072463768116
DILMA;20.622568093385215;2;46.83098591549296
DILMA;23.42007434944238;2;43.91891891891892
DILMA;22.56809338521401;2;46.64310954063604
DILMA;18.13953488372093;2;56.83453237410072
DILMA;22.265625;2;46.73913043478261
DILMA;13.52112676056338;2;48.25
DILMA;14.16184971098266;2;46.25
DILMA;10.422535211267606;2;40.75
DILMA;21.068249258160236;2;48.34254143646409
DILMA;17.52577319587629;2;49.88235294117647
DILMA;13.520408163265307;2;43.294117647058826
DILMA;18.205128205128204;2;45.45454545454545
DILMA;10.755813953488373;2;44.77211796246649
DILMA;16.57608695652174;2;44.44444444444444
DILMA;16.445623342175065;2;50.24390243902439
DILMA;29.71698113207547;2;52.61194029850746
DILMA;14.19939577039275;2;50.0
DILMA;14.12639405204461;2;48.25174825174825
DILMA;15.555555555555555;2;52.348993288590606
DILMA;13.058419243986254;2;46.22950819672131
DILMA;19.23076923076923;2;48.38709677419355
DILMA;13.358778625954198;2;48.39857651245551
DILMA;17.15210355987055;2;48.95522388059702
DILMA;22.044728434504794;2;43.895348837209305
DILMA;18.91891891891892;2;45.340050377833755
DILMA;16.721311475409838;2;50.887573964497044
DILMA;26.52173913043478;2;51.301115241635685
DILMA;21.91780821917808;2;52.293577981651374
DILMA;17.647058823529413;2;50.31055900621118
DILMA;16.107382550335572;2;46.03658536585366
DILMA;13.201320132013201;2;45.61933534743203
DILMA;11.186440677966102;2;49.843260188087775
DILMA;31.59722222222222;2;51.41065830721003
DILMA;11.748633879781421;2;46.246973365617436
DILMA;19.68503937007874;2;48.214285714285715
DILMA;19.346049046321525;2;51.339285714285715
DILMA;14.814814814814815;2;47.072072072072075
DILMA;33.50253807106599;2;53.84615384615385
DILMA;13.404825737265416;2;44.306930693069305
DILMA;12.182741116751268;2;46.48910411622276
DILMA;16.422287390029325;2;49.3368700265252
DILMA;19.65811965811966;2;40.54726368159204
DILMA;16.42651296829971;2;48.888888888888886
DILMA;15.342465753424657;2;50.36144578313253
DILMA;17.073170731707318;2;46.388888888888886
DILMA;16.666666666666668;2;45.78651685393258
DILMA;16.890080428954423;2;51.07398568019093
DILMA;22.802197802197803;2;48.2837528604119
