8;213;259;4;6475.0
8;214;218;14;1557.1428
5;101;166;12;1383.3334
10;240;371;53;700.0
10;236;365;69;528.98553
10;244;225;55;409.0909
8;208;329;91;361.53845
8;212;306;93;329.03226
2;41;223;100;223.0
9;11;362;190;190.52632
9;12;354;186;190.32259
8;190;260;142;183.09859
1;186;275;151;182.1192
1;297;309;170;181.76471
1;148;214;118;181.35593
1;170;190;106;179.24529
1;146;217;122;177.86885
1;303;318;179;177.65363
1;24;328;186;176.34409
1;30;354;202;175.24753
1;35;236;135;174.81482
1;26;306;176;173.86363
1;193;332;191;173.82199
1;173;332;192;172.91667
1;42;275;160;171.875
10;100;336;196;171.42857
9;28;267;156;171.15384
1;281;296;173;171.09827
10;210;181;107;169.15887
1;164;228;135;168.88889
1;273;321;191;168.06282
7;70;189;113;167.25664
1;9;229;138;165.94203
7;71;152;92;165.21739
9;247;309;190;162.63158
1;52;331;204;162.2549
1;206;276;171;161.4035
1;349;197;123;160.1626
2;50;272;173;157.22543
6;21;220;141;156.02837
9;59;211;139;151.79857
1;455;297;197;150.76143
8;111;226;150;150.66667
4;126;204;140;145.71428
10;243;272;187;145.45454
6;18;236;163;144.78528
2;37;123;85;144.70589
4;17;207;146;141.78082
8;171;201;142;141.5493
4;96;217;154;140.90909
8;185;205;149;137.5839
4;25;189;138;136.95653
4;35;239;176;135.79546
5;110;149;110;135.45454
4;21;205;152;134.86842
4;127;252;187;134.75935
8;51;271;202;134.15842
7;68;149;112;133.03572
4;6;171;129;132.55814
5;76;141;107;131.7757
4;69;186;143;130.06993
8;56;286;220;130.0
9;260;182;140;130.0
4;50;151;117;129.05983
8;6;269;209;128.70813
4;147;185;145;127.586205
6;45;258;204;126.47059
4;34;197;156;126.28205
4;20;178;141;126.241135
4;100;207;164;126.21951
3;81;177;141;125.53191
7;45;189;151;125.165565
4;2;189;152;124.3421
7;43;298;241;123.65145
8;7;272;220;123.63636
8;54;253;206;122.81554
2;55;157;128;122.65625
4;52;195;159;122.64151
4;7;208;170;122.35294
4;105;182;150;121.333336
2;45;153;127;120.47244
2;35;272;226;120.35398
2;32;154;129;119.379845
5;60;214;181;118.23204
4;8;166;143;116.083916
4;106;184;159;115.723274
9;54;202;175;115.42857
4;3;168;148;113.51351
6;122;237;212;111.79245
4;26;176;158;111.3924
9;113;306;277;110.469315
5;57;265;240;110.416664
7;47;182;166;109.63856
9;280;244;224;108.92857
7;53;160;148;108.10811
4;9;140;131;106.87023
9;42;355;333;106.606606
7;62;287;271;105.90406
9;178;226;214;105.607475
4;119;184;176;104.545456
10;30;344;330;104.242424
10;93;338;327;103.363914
2;24;157;152;103.289474
10;222;382;372;102.68817
8;85;313;305;102.62295
4;124;178;174;102.29885
10;105;192;190;101.052635
4;94;221;219;100.91324
5;63;174;173;100.57803
8;155;335;334;100.2994
4;33;144;145;99.31035
3;82;247;249;99.196785
2;46;182;185;98.37838
6;57;175;178;98.314606
5;55;266;271;98.15498
10;203;363;378;96.031746
4;327;252;263;95.81749
8;156;314;328;95.731705
10;48;246;257;95.71984
2;27;244;255;95.68627
1;248;179;189;94.70899
1;191;209;221;94.57014
9;32;209;221;94.57014
7;73;86;91;94.50549
10;76;245;260;94.23077
9;91;389;413;94.188866
9;65;399;425;93.882355
10;104;178;190;93.68421
10;101;186;199;93.46734
1;335;237;254;93.30708
10;135;344;369;93.22493
9;223;247;265;93.20755
9;34;202;217;93.087555
10;71;360;388;92.78351
4;277;308;332;92.77109
1;327;217;234;92.73505
2;33;114;123;92.68293
9;71;265;286;92.65734
1;287;201;217;92.62673
9;150;417;451;92.4612
10;64;196;212;92.45283
9;151;377;408;92.40196
9;39;266;288;92.361115
1;419;193;209;92.3445
1;94;217;235;92.34042
9;22;263;285;92.2807
1;89;239;259;92.27799
1;456;284;308;92.207794
10;52;177;192;92.1875
10;78;271;294;92.17687
10;41;175;190;92.10526
1;179;221;240;92.083336
1;280;174;189;92.06349
2;10;232;252;92.06349
10;47;242;263;92.015205
10;32;184;200;92.0
1;176;228;248;91.935486
9;157;327;356;91.853935
9;133;381;415;91.80723
10;19;347;378;91.79894
9;17;358;390;91.79487
9;128;405;442;91.62896
10;181;392;428;91.58878
1;443;343;375;91.46667
10;73;246;269;91.449814
9;119;373;408;91.42157
9;90;369;404;91.33663
9;217;337;369;91.32791
9;159;284;311;91.31833
10;109;346;379;91.29288
10;22;304;333;91.29129
9;190;377;413;91.283295
10;34;335;367;91.280655
9;149;345;378;91.269844
10;118;313;343;91.25365
1;185;208;228;91.22807
10;230;363;398;91.20603
9;145;329;361;91.135735
1;316;318;349;91.11748
1;158;379;416;91.10577
9;70;317;348;91.09196
9;172;419;460;91.08696
1;10;194;213;91.07981
1;75;214;235;91.06383
9;19;366;402;91.04478
9;74;254;279;91.03943
10;38;355;390;91.02564
10;142;284;312;91.02564
9;121;293;322;90.99379
10;211;323;355;90.985916
9;154;341;375;90.933334
10;18;180;198;90.90909
10;61;357;393;90.83969
9;73;277;305;90.81967
9;29;247;272;90.80882
10;23;306;337;90.801186
9;177;384;423;90.78014
10;106;334;368;90.76087
10;24;304;335;90.74627
9;97;323;356;90.73034
9;27;371;409;90.709045
9;20;418;461;90.672455
10;152;233;257;90.661476
1;97;213;235;90.6383
10;173;329;363;90.633606
9;127;377;416;90.625
1;163;193;213;90.61033
9;84;289;319;90.59561
10;60;337;372;90.5914
1;275;202;223;90.58296
2;8;259;286;90.55944
9;110;412;455;90.54945
10;56;323;357;90.47619
1;264;171;189;90.47619
9;199;370;409;90.46455
10;29;313;346;90.462425
10;55;350;387;90.43928
1;3;208;230;90.434784
10;70;359;397;90.428215
10;188;283;313;90.41534
9;181;330;365;90.41096
9;139;358;396;90.40404
9;30;405;448;90.40179
1;278;188;208;90.38461
1;100;216;239;90.37657
10;138;271;300;90.333336
9;63;327;362;90.33149
9;239;345;382;90.31413
1;401;204;226;90.26549
10;75;239;265;90.18868
9;78;358;397;90.17632
9;33;375;416;90.14423
10;130;320;355;90.14085
1;250;201;223;90.13453
10;26;319;354;90.11299
2;9;264;293;90.10239
9;193;318;353;90.084984
9;117;317;352;90.056816
1;162;163;181;90.05525
10;155;353;392;90.05102
10;85;316;351;90.02849
1;159;370;411;90.02433
10;103;180;200;90.0
5;73;180;200;90.0
10;125;333;370;90.0
10;209;341;379;89.97362
10;97;403;448;89.95536
1;187;304;338;89.94083
10;77;277;308;89.93507
10;63;329;366;89.89071
9;76;301;335;89.850746
1;436;362;403;89.8263
9;125;362;403;89.8263
1;489;256;285;89.82456
1;381;194;216;89.81481
10;141;335;373;89.81233
10;149;343;382;89.79057
9;40;158;176;89.77273
9;230;149;166;89.75903
9;47;368;410;89.756096
1;379;368;410;89.756096
10;51;175;195;89.74359
10;49;236;263;89.73384
10;81;400;446;89.6861
9;75;252;281;89.67972
9;216;330;368;89.67391
10;201;347;387;89.664085
9;92;338;377;89.655174
10;94;398;444;89.63964
9;126;320;357;89.63586
9;82;294;328;89.63415
9;103;363;405;89.62963
10;59;405;452;89.60177
9;38;310;346;89.595375
1;490;344;384;89.583336
9;104;395;441;89.56916
10;91;394;440;89.545456
10;228;385;430;89.53488
9;48;171;191;89.52879
9;57;265;296;89.52702
9;69;367;410;89.51219
9;6;247;276;89.49275
9;55;247;276;89.49275
9;174;238;266;89.47369
10;37;263;294;89.45578
9;204;373;417;89.44844
9;56;254;284;89.43662
9;160;330;369;89.43089
1;99;245;274;89.41606
10;172;397;444;89.41441
9;64;380;425;89.411766
10;53;152;170;89.411766
10;15;270;302;89.40398
9;138;329;368;89.402176
9;196;329;368;89.402176
1;130;312;349;89.39828
9;23;362;405;89.38271
2;28;193;216;89.35185
9;210;369;413;89.346245
9;101;369;413;89.346245
8;70;226;253;89.328064
10;154;385;431;89.32715
9;25;368;412;89.32039
9;106;351;393;89.31298
10;111;334;374;89.30481
10;90;383;429;89.27739
9;168;258;289;89.27335
10;224;316;354;89.26553
9;72;266;298;89.26174
9;21;257;288;89.236115
4;307;124;139;89.20863
10;159;347;389;89.20309
10;21;346;388;89.175255
9;175;370;415;89.156624
9;44;205;230;89.13043
9;83;295;331;89.12387
10;92;376;422;89.099525
9;226;351;394;89.086296
9;31;408;458;89.08297
9;58;252;283;89.04594
9;15;308;346;89.01734
9;123;324;364;89.01099
9;105;404;454;88.986786
9;5;242;272;88.97059
9;158;282;317;88.95899
10;57;322;362;88.95028
9;195;346;389;88.946014
9;173;354;398;88.944725
9;107;354;398;88.944725
1;51;217;244;88.934425
9;18;353;397;88.91688
10;195;361;406;88.91626
9;219;361;406;88.91626
1;151;160;180;88.888885
10;186;264;297;88.888885
10;82;400;450;88.888885
2;36;96;108;88.888885
9;130;359;404;88.86139
10;140;278;313;88.817894
1;347;222;250;88.8
1;465;388;437;88.787186
10;153;316;356;88.764046
9;79;300;338;88.75739
9;35;363;409;88.75306
10;87;347;391;88.7468
6;110;63;71;88.73239
9;189;362;408;88.72549
9;108;354;399;88.7218
9;169;338;381;88.71391
10;74;361;407;88.69779
1;268;353;398;88.69347
10;132;400;451;88.691795
10;84;298;336;88.690475
9;140;391;441;88.66213
10;83;281;317;88.64353
9;220;280;316;88.6076
1;445;342;386;88.601036
1;90;225;254;88.58268
10;163;349;394;88.57868
6;112;62;70;88.57143
1;400;310;350;88.57143
10;148;395;446;88.565025
9;197;364;411;88.564476
10;50;178;201;88.55721
1;502;147;166;88.554214
9;1;263;297;88.552185
10;179;402;454;88.54626
10;121;324;366;88.52459
9;89;393;444;88.51351
10;238;354;400;88.5
9;132;323;365;88.49315
1;488;223;252;88.492065
10;40;338;382;88.481674
9;16;344;389;88.43188
6;98;168;190;88.42105
9;207;404;457;88.402626
8;152;282;319;88.40125
1;299;335;379;88.3905
1;468;312;353;88.38527
1;27;266;301;88.37209
9;66;379;429;88.344986
9;224;379;429;88.344986
10;146;341;386;88.34197
9;96;318;360;88.333336
10;126;318;360;88.333336
9;118;333;377;88.32891
1;391;401;454;88.32599
10;107;310;351;88.31909
1;7;393;445;88.314606
10;225;234;265;88.30189
1;368;264;299;88.29431
9;129;362;410;88.29269
9;148;377;427;88.2904
1;189;196;222;88.28829
1;190;196;222;88.28829
2;22;218;247;88.25911
1;171;180;204;88.23529
10;207;315;357;88.23529
9;179;315;357;88.23529
1;178;202;229;88.20961
10;177;389;441;88.20862
9;46;366;415;88.19277
10;190;321;364;88.18681
9;167;291;330;88.181816
10;33;328;372;88.17204
1;270;335;380;88.1579
6;115;52;59;88.13559
10;116;393;446;88.11659
1;184;384;436;88.073395
9;80;288;327;88.073395
10;25;310;352;88.068184
10;102;177;201;88.0597
1;172;177;201;88.0597
1;77;199;226;88.0531
10;139;323;367;88.0109
10;235;374;425;88.0
1;182;381;433;87.99076
1;406;337;383;87.989555
1;462;293;333;87.98799
9;135;321;365;87.945206
9;67;328;373;87.93565
1;85;335;381;87.926506
9;231;364;414;87.92271
9;183;393;447;87.919464
10;43;378;430;87.906975
1;15;189;215;87.906975
9;203;356;405;87.90124
9;14;312;355;87.88732
1;308;203;231;87.878784
1;277;239;272;87.867645
1;374;217;247;87.85425
10;42;159;181;87.84531
1;386;390;444;87.83784
1;62;274;312;87.82051
10;170;317;361;87.81164
10;67;353;402;87.81094
1;76;216;246;87.80488
9;77;302;344;87.790695
10;39;345;393;87.78626
1;23;194;221;87.78281
9;146;352;401;87.78055
1;98;201;229;87.77293
1;5;251;286;87.76224
9;152;251;286;87.76224
10;143;387;441;87.755104
9;180;358;408;87.745094
9;26;358;408;87.745094
1;174;386;440;87.72727
10;216;378;431;87.70302
1;369;178;203;87.68473
10;36;262;299;87.62542
10;174;389;444;87.61261
10;189;325;371;87.60108
9;209;346;395;87.59494
9;188;360;411;87.59124
10;16;261;298;87.58389
10;89;317;362;87.56906
9;49;162;185;87.567566
10;176;338;386;87.564766
10;147;345;394;87.56345
10;58;387;442;87.556564
9;255;436;498;87.5502
10;122;393;449;87.52784
10;175;322;368;87.5
9;62;350;400;87.5
10;62;343;392;87.5
1;4;308;352;87.5
10;180;391;447;87.47204
9;141;314;359;87.46518
1;351;404;462;87.445885
9;43;202;231;87.445885
10;157;397;454;87.44493
9;122;390;446;87.44395
1;500;132;151;87.41722
9;214;375;429;87.41259
1;288;394;451;87.36142
1;88;221;253;87.351776
10;54;338;387;87.3385
10;202;338;387;87.3385
9;176;365;418;87.32057
10;17;179;205;87.31707
9;93;351;402;87.31343
10;171;344;394;87.30965
9;198;323;370;87.297295
1;350;213;244;87.29508
9;142;316;362;87.292816
9;211;391;448;87.27679
10;136;315;361;87.257614
9;36;301;345;87.246376
10;95;395;453;87.196465
9;248;143;164;87.19512
9;102;320;367;87.19346
1;84;320;367;87.19346
10;197;340;390;87.17949
9;218;408;468;87.17949
10;20;333;382;87.172775
9;94;353;405;87.16049
9;24;353;405;87.16049
1;168;264;303;87.128716
10;98;352;404;87.128716
9;2;256;294;87.07483
9;232;343;394;87.05584
6;30;262;301;87.04319
1;464;389;447;87.024605
9;262;114;131;87.0229
10;193;295;339;87.02065
9;41;301;346;86.99422
10;183;341;392;86.9898
8;167;167;192;86.979164
10;156;313;360;86.94444
1;444;386;444;86.936935
1;249;286;329;86.93009
10;133;345;397;86.901764
8;117;232;267;86.89139
1;50;212;244;86.88525
4;334;53;61;86.88525
9;162;298;343;86.88047
10;117;271;312;86.85897
10;187;335;386;86.78757
10;185;387;446;86.7713
1;366;340;392;86.734695
10;119;183;211;86.72986
10;164;385;444;86.71171
10;88;339;391;86.70077
10;223;358;413;86.68281
9;143;358;413;86.68281
6;71;182;210;86.666664
8;174;208;240;86.666664
1;129;299;345;86.666664
9;81;279;322;86.645966
1;310;376;434;86.63595
10;167;297;343;86.58892
1;64;271;313;86.58147
10;110;386;446;86.54709
1;263;385;445;86.51685
8;193;77;89;86.51685
10;150;384;444;86.48649
10;27;307;355;86.478874
9;68;358;414;86.47343
1;29;185;214;86.4486
10;79;389;450;86.44444
9;86;357;413;86.44068
1;93;223;258;86.434105
10;96;399;462;86.36364
9;184;342;396;86.36364
10;137;310;359;86.350975
1;440;347;402;86.318405
9;254;391;453;86.31347
10;120;340;394;86.29442
1;422;327;379;86.279686
9;120;244;283;86.21908
10;219;375;435;86.206894
8;149;280;325;86.15385
1;40;168;195;86.15385
10;212;385;447;86.12975
1;461;385;447;86.12975
9;185;304;353;86.11898
1;504;99;115;86.08696
10;108;309;359;86.072426
10;31;173;201;86.06965
10;45;370;430;86.04651
1;380;234;272;86.02941
9;95;357;415;86.02409
6;113;86;100;86.0
10;127;141;164;85.97561
8;168;159;185;85.945946
9;134;318;370;85.945946
10;246;281;327;85.932724
9;111;287;334;85.92815
1;434;376;438;85.84475
9;45;350;408;85.78432
9;205;362;422;85.78199
1;183;374;436;85.779816
10;213;283;330;85.757576
9;228;289;337;85.756676
9;244;343;400;85.75
9;60;343;400;85.75
6;109;54;63;85.71429
9;222;263;307;85.667755
9;109;394;460;85.652176
1;463;393;459;85.62092
10;234;381;445;85.61798
10;72;333;389;85.60411
1;503;327;382;85.6021
9;114;309;361;85.595566
10;221;384;449;85.523384
10;165;378;442;85.52036
10;144;336;393;85.496185
9;266;224;262;85.496185
9;52;318;372;85.48387
1;454;312;365;85.479454
1;45;188;220;85.454544
1;439;329;385;85.454544
1;67;270;316;85.44304
1;321;369;432;85.416664
1;453;328;384;85.416664
1;469;380;445;85.39326
9;215;228;267;85.39326
9;147;228;267;85.39326
9;263;339;397;85.39043
1;261;368;431;85.38283
10;199;385;451;85.36585
10;28;303;355;85.35211
1;398;384;450;85.333336
9;257;279;327;85.3211
9;171;348;408;85.29412
1;47;174;204;85.29412
9;155;289;339;85.25074
9;37;294;345;85.21739
6;29;270;317;85.1735
10;115;379;445;85.16854
9;194;218;256;85.15625
9;269;338;397;85.13854
9;144;378;444;85.13513
1;451;315;370;85.13513
9;265;80;94;85.106384
1;452;377;443;85.10158
10;220;314;369;85.09485
10;113;308;362;85.08287
1;481;268;315;85.07937
9;282;74;87;85.05747
9;137;239;281;85.05338
9;206;341;401;85.03741
6;78;210;247;85.02024
9;85;271;319;84.95298
9;13;237;279;84.946236
10;35;315;371;84.90566
10;66;343;404;84.90099
10;65;382;450;84.888885
10;69;247;291;84.87972
10;239;202;238;84.87395
10;184;331;390;84.871796
10;166;331;390;84.871796
9;187;314;370;84.86487
9;238;392;462;84.84849
1;457;291;343;84.83965
9;115;302;356;84.83146
9;87;380;448;84.82143
1;492;357;421;84.7981
1;496;206;243;84.77366
1;459;295;348;84.77012
9;61;339;400;84.75
10;169;377;445;84.7191
1;474;288;340;84.70588
10;46;357;422;84.59715
1;473;346;409;84.59658
1;435;307;363;84.573006
1;487;378;447;84.56376
1;447;377;446;84.529144
6;99;131;155;84.51613
9;3;229;271;84.50185
1;478;376;445;84.494385
1;66;196;232;84.48276
6;66;332;393;84.47837
1;337;359;425;84.47059
9;208;288;341;84.45748
10;182;380;450;84.44444
1;449;363;430;84.4186
10;14;249;295;84.40678
8;158;135;160;84.375
1;330;334;396;84.34344
10;161;334;396;84.34344
9;4;237;281;84.34164
1;37;285;338;84.31953
6;31;258;306;84.31373
10;194;172;204;84.31373
9;245;161;191;84.29319
1;83;322;382;84.29319
9;221;338;401;84.289276
10;68;343;407;84.275185
1;65;262;311;84.24437
9;124;299;355;84.22535
1;467;378;449;84.18708
1;161;223;265;84.15094
8;132;238;283;84.09894
10;44;359;427;84.07494
4;305;153;182;84.06593
10;128;290;345;84.05797
1;460;369;439;84.05467
1;87;216;257;84.04669
9;98;352;419;84.009544
1;470;315;375;84.0
10;192;315;375;84.0
1;480;362;431;83.99072
1;160;220;262;83.96947
9;246;340;405;83.950615
1;448;366;436;83.944954
9;279;115;137;83.941605
8;161;141;168;83.92857
4;319;99;118;83.89831
9;192;285;340;83.82353
1;28;321;383;83.81201
5;74;176;210;83.809525
1;86;335;400;83.75
1;497;335;400;83.75
1;494;417;498;83.73494
9;274;416;497;83.70221
1;38;287;343;83.67347
9;165;374;447;83.66891
1;385;368;440;83.63636
1;96;178;213;83.56808
10;145;366;438;83.561646
1;484;299;358;83.519554
1;499;415;497;83.50101
1;450;379;454;83.48018
9;116;308;369;83.468834
1;437;372;446;83.40807
1;25;226;271;83.39484
10;253;251;301;83.3887
10;249;160;192;83.333336
6;73;260;312;83.333336
6;27;199;239;83.263596
10;242;333;400;83.25
9;249;119;143;83.21678
6;52;233;280;83.21429
9;261;330;397;83.12343
1;466;325;391;83.1202
10;232;369;444;83.10811
10;13;290;349;83.09456
9;253;378;455;83.07692
1;416;358;431;83.062645
1;46;191;230;83.04348
9;264;332;400;83.0
6;43;233;281;82.91815
5;22;233;281;82.91815
10;233;354;427;82.903984
9;161;368;444;82.88288
1;441;338;408;82.84314
10;252;82;99;82.828285
1;426;364;440;82.72727
9;100;359;434;82.718895
10;9;301;364;82.69231
9;191;271;328;82.62195
9;88;370;448;82.58929
8;110;251;304;82.56579
6;111;66;80;82.5
1;471;370;449;82.40534
6;28;199;242;82.23141
10;241;318;387;82.17054
5;29;225;274;82.11679
9;268;307;374;82.08556
1;390;361;440;82.045456
10;80;365;445;82.02247
10;160;295;360;81.94444
9;99;358;437;81.922195
1;446;367;448;81.91964
9;256;398;486;81.893005
9;281;104;127;81.88976
6;36;302;369;81.84282
9;229;360;440;81.818184
10;217;256;313;81.78914
1;510;103;126;81.74603
1;472;362;443;81.715576
6;37;245;300;81.666664
4;164;160;196;81.63265
5;104;222;272;81.617645
1;6;239;293;81.56997
10;257;168;206;81.5534
1;479;159;195;81.53846
1;95;181;222;81.53153
1;476;366;449;81.51447
1;475;357;438;81.50685
9;51;303;372;81.451614
10;114;136;167;81.437126
6;56;171;210;81.42857
1;442;369;454;81.277534
4;179;190;234;81.19658
6;69;69;85;81.17647
10;10;181;223;81.16592
7;46;142;175;81.14286
9;200;240;296;81.08108
6;54;111;137;81.0219
1;8;230;284;80.985916
8;63;174;215;80.93023
9;53;296;366;80.87431
6;33;164;203;80.78818
4;71;84;104;80.76923
6;74;302;374;80.748665
1;438;356;441;80.725624
1;272;229;284;80.633804
1;36;277;344;80.523254
1;482;305;379;80.47494
9;278;103;128;80.46875
6;80;275;342;80.409355
8;118;201;250;80.4
1;477;307;382;80.36649
9;233;298;371;80.32345
8;202;171;213;80.28169
10;196;290;362;80.1105
4;323;277;346;80.0578
1;271;277;346;80.0578
6;79;168;210;80.0
4;255;270;338;79.88166
8;100;222;278;79.85612
9;276;249;312;79.80769
1;458;316;396;79.79798
4;130;237;297;79.79798
8;96;181;227;79.73568
8;57;173;217;79.7235
2;2;224;281;79.7153
9;186;216;271;79.704796
6;81;298;374;79.679146
4;273;207;260;79.61539
4;311;160;201;79.60199
8;172;226;284;79.57746
10;218;323;406;79.55665
9;8;214;269;79.5539
10;124;167;210;79.52381
10;131;275;346;79.47977
4;292;182;229;79.47598
10;251;355;447;79.41834
9;243;77;97;79.38145
1;495;314;396;79.29293
2;51;65;82;79.268295
9;166;259;327;79.204895
4;104;316;399;79.198
2;29;217;274;79.19708
9;251;373;471;79.19321
6;103;114;144;79.166664
1;505;394;498;79.11646
8;32;174;220;79.09091
5;48;208;263;79.087456
9;252;305;386;79.01554
4;190;312;395;78.98734
4;41;233;295;78.98305
8;97;248;314;78.98089
4;317;154;195;78.97436
1;63;244;309;78.9644
8;153;163;207;78.743965
4;204;274;348;78.735634
8;26;158;201;78.606964
1;485;345;439;78.5877
8;78;187;238;78.57143
10;214;289;368;78.53261
8;151;234;298;78.52349
8;113;168;214;78.50467
3;102;62;79;78.48101
1;486;308;393;78.3715
4;301;181;231;78.35498
4;59;188;240;78.333336
4;278;159;203;78.32513
10;226;271;346;78.3237
8;133;191;244;78.27869
4;208;209;267;78.27715
4;243;187;239;78.242676
8;68;169;216;78.24074
8;34;269;344;78.19768
8;67;222;284;78.169014
10;204;118;151;78.1457
1;501;346;443;78.103836
3;109;57;73;78.08219
8;35;281;360;78.05556
8;27;213;273;78.02198
9;10;181;232;78.01724
8;122;241;309;77.99353
6;72;92;118;77.9661
9;241;99;127;77.95276
9;273;127;163;77.91411
1;512;67;86;77.906975
4;88;275;353;77.90369
8;165;190;244;77.86885
4;290;95;122;77.86885
4;308;95;122;77.86885
6;96;144;185;77.83784
6;38;157;202;77.72277
4;318;150;193;77.72021
4;309;150;193;77.72021
8;29;226;291;77.66323
8;28;246;317;77.60252
6;50;291;375;77.6
8;73;225;290;77.586205
8;163;218;281;77.58007
8;121;183;236;77.54237
8;109;238;307;77.52443
2;16;224;289;77.50865
8;150;124;160;77.5
4;191;227;293;77.4744
4;293;189;244;77.459015
9;202;268;346;77.45665
4;38;261;337;77.448074
1;506;384;496;77.41936
6;4;267;345;77.391304
9;258;385;498;77.309235
10;254;170;220;77.27273
4;322;265;343;77.259476
2;15;214;277;77.25632
8;61;156;202;77.22772
10;6;166;215;77.209305
6;101;81;105;77.14286
10;178;236;306;77.12418
9;212;246;319;77.11599
6;49;289;375;77.066666
10;8;282;366;77.04918
5;62;157;204;76.960785
8;15;190;247;76.92308
8;62;246;320;76.875
4;58;259;337;76.8546
2;17;219;285;76.8421
8;204;126;164;76.82927
6;65;285;371;76.819405
6;3;298;388;76.80412
4;112;225;293;76.79181
9;235;339;442;76.69683
8;43;154;201;76.61691
8;160;203;265;76.603775
1;491;366;478;76.56904
6;5;287;375;76.53333
4;330;264;345;76.521736
5;111;130;170;76.47059
8;166;156;204;76.47059
7;3;198;259;76.447876
9;201;243;318;76.41509
8;162;110;144;76.388885
8;173;226;296;76.35135
4;312;100;131;76.33588
4;159;232;304;76.31579
1;507;196;257;76.264595
2;1;214;281;76.156586
4;248;121;159;76.10063
4;114;280;368;76.08696
8;124;175;230;76.08696
4;136;267;351;76.068375
2;21;200;263;76.04562
4;213;253;333;75.975975
8;200;183;241;75.93361
8;128;164;216;75.92593
4;194;258;340;75.882355
7;21;198;261;75.86207
8;119;270;356;75.8427
4;210;244;322;75.7764
6;120;256;338;75.73965
10;112;249;329;75.68389
4;205;112;148;75.675674
6;118;289;382;75.65445
4;211;189;250;75.6
10;200;254;336;75.59524
6;77;257;340;75.588234
4;231;300;397;75.56675
9;277;300;397;75.56675
8;134;256;339;75.51623
4;87;228;302;75.49669
2;5;203;269;75.46468
2;4;212;281;75.44484
6;42;258;342;75.4386
10;258;135;179;75.41899
6;85;272;361;75.34626
8;25;223;296;75.33784
4;219;295;392;75.255104
8;41;252;335;75.22388
4;207;270;359;75.208916
8;33;254;338;75.14793
6;70;136;181;75.13812
2;12;169;225;75.111115
8;99;172;229;75.10917
6;41;223;297;75.084175
6;15;153;204;75.0
6;62;255;340;75.0
6;76;258;344;75.0
6;32;225;300;75.0
4;40;248;331;74.92447
4;189;245;327;74.923546
8;53;218;291;74.91409
10;7;274;366;74.86339
6;63;274;366;74.86339
4;51;250;334;74.850296
4;49;247;330;74.84849
4;247;247;330;74.84849
3;90;190;254;74.80315
4;276;190;254;74.80315
8;137;181;242;74.79339
9;9;175;234;74.78632
10;129;231;309;74.75728
2;30;216;289;74.740486
10;262;71;95;74.73684
6;94;278;372;74.731186
6;75;269;360;74.72222
4;240;257;344;74.709305
6;83;251;336;74.70238
7;20;197;264;74.621216
8;199;97;130;74.61539
9;213;214;287;74.56446
2;20;208;279;74.55197
4;180;278;373;74.53083
7;83;117;157;74.52229
6;20;277;372;74.462364
8;80;201;270;74.44444
4;261;201;270;74.44444
4;316;131;176;74.431816
8;120;227;305;74.42623
10;191;256;344;74.4186
6;48;256;344;74.4186
6;64;253;340;74.411766
6;90;221;297;74.410774
8;44;235;316;74.36709
4;184;203;273;74.35897
7;38;194;261;74.3295
4;310;272;366;74.31694
6;93;266;358;74.301674
9;242;283;381;74.27821
6;22;291;392;74.234695
3;22;233;314;74.20382
6;87;270;364;74.17583
6;68;247;333;74.17417
8;98;178;240;74.166664
6;84;172;232;74.13793
4;215;172;232;74.13793
7;51;215;290;74.13793
8;164;86;116;74.13793
4;66;149;201;74.12936
6;26;249;336;74.10714
4;321;100;135;74.07407
8;147;180;243;74.07407
4;154;237;320;74.0625
10;12;251;339;74.0413
6;86;288;389;74.03599
8;1;131;177;74.0113
7;64;219;296;73.98649
5;115;91;123;73.98374
6;9;270;365;73.9726
8;116;250;338;73.9645
8;91;210;284;73.943665
1;509;241;326;73.926384
9;7;198;268;73.8806
5;19;226;306;73.85621
6;89;254;344;73.83721
4;333;79;107;73.83178
8;135;220;298;73.8255
4;271;282;382;73.82199
8;30;234;317;73.81703
8;154;245;332;73.79518
7;48;211;286;73.77622
6;16;208;282;73.758865
3;62;177;240;73.75
4;156;219;297;73.73737
5;17;219;297;73.73737
6;60;275;373;73.72654
6;82;202;274;73.722626
4;328;258;350;73.71429
4;152;221;300;73.666664
4;135;193;262;73.66412
8;107;218;296;73.64865
6;67;254;345;73.62319
6;95;195;265;73.58491
10;229;156;212;73.58491
10;4;242;329;73.55623
6;102;136;185;73.51351
6;61;269;366;73.49727
4;252;285;388;73.453606
8;13;177;241;73.443985
8;131;246;335;73.43284
6;13;146;199;73.36684
9;259;146;199;73.36684
4;183;253;345;73.333336
8;90;209;285;73.333336
4;120;250;341;73.31378
8;18;162;221;73.30317
8;123;258;352;73.295456
8;93;243;332;73.19277
7;34;210;287;73.17073
8;66;210;287;73.17073
4;67;150;205;73.17073
1;508;117;160;73.125
4;242;261;357;73.109245
4;315;280;383;73.10705
8;46;201;275;73.09091
10;11;252;345;73.04348
8;69;203;278;73.02158
4;108;257;352;73.01136
4;314;73;100;73.0
10;158;240;329;72.948326
6;7;221;303;72.937294
4;214;245;336;72.916664
4;206;261;358;72.90503
8;36;261;358;72.90503
2;25;193;265;72.830185
10;151;249;342;72.807014
6;46;281;386;72.79793
4;80;275;378;72.75132
4;150;208;286;72.72727
4;78;280;385;72.72727
8;82;205;282;72.69504
4;28;189;260;72.69231
8;187;133;183;72.6776
4;121;258;355;72.676056
4;158;242;333;72.672676
9;237;146;201;72.63682
7;58;191;263;72.62357
8;196;53;73;72.60274
8;55;159;219;72.60274
2;13;212;292;72.60274
8;31;249;343;72.59475
4;199;249;343;72.59475
4;60;246;339;72.56637
7;33;201;277;72.56318
8;95;214;295;72.54237
4;155;272;375;72.53333
8;72;235;324;72.53086
4;265;285;393;72.51908
9;112;253;349;72.492836
6;19;224;309;72.49191
6;2;274;378;72.48677
10;5;158;218;72.477066
10;162;258;356;72.47191
4;216;276;381;72.44095
6;59;281;388;72.42268
8;136;168;232;72.413795
4;209;265;366;72.40437
7;72;202;279;72.401436
4;68;241;333;72.372375
8;129;233;322;72.360245
6;116;251;347;72.3343
4;196;282;390;72.30769
4;238;248;343;72.30321
8;106;214;296;72.297295
8;94;167;231;72.29437
4;185;232;321;72.27415
8;10;172;238;72.268906
2;18;216;299;72.2408
8;114;229;317;72.239746
8;39;229;317;72.239746
9;182;252;349;72.20631
5;26;226;313;72.204475
4;111;249;345;72.17391
4;239;243;337;72.10683
6;10;261;362;72.09945
8;40;155;215;72.093025
6;47;245;340;72.05882
4;39;242;336;72.02381
4;56;175;243;72.016464
4;92;283;393;72.01018
10;205;54;75;72.0
5;66;144;200;72.0
4;43;203;282;71.98582
8;105;208;289;71.97232
6;104;154;214;71.962616
4;10;118;164;71.95122
4;269;177;246;71.95122
1;498;100;139;71.942444
9;131;251;349;71.91977
6;44;215;299;71.90636
5;77;215;299;71.90636
4;268;248;345;71.884056
6;107;248;345;71.884056
7;80;212;295;71.86441
7;42;181;252;71.82539
4;198;209;291;71.821304
2;23;209;291;71.821304
8;126;173;241;71.78423
6;14;150;209;71.77033
2;34;94;131;71.75572
6;11;142;198;71.71717
6;40;243;339;71.68142
4;144;273;381;71.65354
6;39;154;215;71.62791
4;168;222;310;71.6129
6;117;63;88;71.59091
8;45;171;239;71.54812
3;108;113;158;71.51899
8;84;236;330;71.51515
6;17;198;277;71.48014
6;34;248;347;71.46974
5;72;190;266;71.42857
6;97;90;126;71.42857
2;14;205;287;71.42857
6;12;145;203;71.42857
4;44;279;391;71.3555
6;25;259;363;71.34986
4;46;239;335;71.343285
7;39;204;286;71.328674
5;49;179;251;71.31474
8;23;166;233;71.24464
4;257;270;379;71.240105
4;84;208;292;71.23288
3;70;272;382;71.204185
4;256;210;295;71.18644
9;136;163;229;71.17904
7;18;195;274;71.167885
4;295;239;336;71.13095
3;25;266;374;71.12299
6;105;266;374;71.12299
4;188;261;367;71.117165
4;192;113;159;71.06918
4;282;243;342;71.052635
10;123;260;366;71.03825
6;24;255;359;71.03064
4;116;164;231;70.995674
6;1;186;262;70.99236
4;57;242;341;70.96774
4;48;237;334;70.958084
6;88;276;389;70.95116
6;108;78;110;70.90909
7;5;185;261;70.881226
5;45;209;295;70.84746
3;5;277;391;70.84399
4;74;238;336;70.833336
8;49;199;281;70.818504
8;16;228;322;70.80746
4;302;97;137;70.80292
8;108;206;291;70.790375
4;37;201;284;70.77465
7;81;201;284;70.77465
4;262;242;342;70.76023
4;287;254;359;70.75209
5;7;220;311;70.73955
7;78;198;280;70.71429
4;176;198;280;70.71429
4;254;229;324;70.679016
4;163;202;286;70.62937
5;112;209;296;70.60811
7;57;180;255;70.588234
7;6;180;255;70.588234
4;250;278;394;70.55837
4;288;237;336;70.53571
5;84;201;285;70.52631
5;46;208;295;70.50848
4;279;215;305;70.491806
2;19;203;288;70.486115
4;193;272;386;70.466324
2;11;236;335;70.44776
7;44;195;277;70.39711
4;91;164;233;70.38627
8;76;154;219;70.31963
4;203;199;283;70.31802
3;74;220;313;70.28754
4;173;241;343;70.26239
4;201;189;269;70.26022
8;194;255;363;70.24793
7;37;207;295;70.169495
5;21;221;315;70.15873
7;22;181;258;70.15504
4;274;195;278;70.14388
7;4;183;261;70.114944
5;11;220;314;70.0637
4;227;222;317;70.03155
4;47;236;337;70.02967
4;234;196;280;70.0
4;226;142;203;69.95074
3;103;142;203;69.95074
7;25;186;266;69.92481
8;125;230;329;69.90881
4;93;274;392;69.89796
7;40;202;289;69.896194
3;52;276;395;69.87342
8;86;218;312;69.871796
2;3;197;282;69.858154
5;44;162;232;69.82758
4;195;273;391;69.82097
4;324;106;152;69.73684
4;82;274;393;69.7201
4;143;274;393;69.7201
5;36;200;287;69.68641
4;76;239;343;69.6793
7;10;179;257;69.6498
8;14;179;257;69.6498
8;159;94;135;69.62963
8;64;229;329;69.604866
4;228;231;332;69.578316
8;50;128;184;69.565216
8;182;272;391;69.565216
4;246;248;357;69.46779
4;275;257;370;69.45946
3;26;261;376;69.414894
2;6;211;304;69.4079
4;29;179;258;69.379845
4;61;237;342;69.29825
7;41;194;280;69.28571
4;258;142;205;69.268295
5;64;187;270;69.25926
8;177;216;312;69.23077
8;101;245;354;69.20904
4;139;191;276;69.202896
4;306;92;133;69.172935
4;298;186;269;69.14498
7;35;179;259;69.11197
4;101;264;382;69.10995
5;52;208;301;69.10299
4;197;161;233;69.09871
5;61;172;249;69.0763
8;198;67;97;69.07217
4;62;163;236;69.067795
8;11;185;268;69.029854
8;112;187;271;69.00369
10;2;256;371;69.00269
4;14;247;358;68.994415
3;54;258;374;68.983955
2;26;213;309;68.93204
3;13;257;373;68.9008
8;75;186;270;68.888885
4;267;263;382;68.84817
4;138;223;324;68.82716
2;7;211;307;68.729645
7;1;189;275;68.72727
4;123;246;358;68.71508
2;31;202;294;68.70748
7;30;191;278;68.70503
7;54;193;281;68.68327
7;36;171;249;68.6747
4;97;232;338;68.63905
4;79;260;379;68.601585
4;245;131;191;68.58639
3;6;266;388;68.5567
8;140;207;302;68.543045
6;91;244;356;68.53933
5;90;174;254;68.50394
4;125;137;200;68.5
8;146;137;200;68.5
8;52;187;273;68.49817
8;2;150;219;68.49315
4;22;152;222;68.46847
8;138;217;317;68.45426
9;283;52;76;68.42105
4;220;247;361;68.42105
4;161;262;383;68.40731
8;24;173;253;68.37945
3;27;270;395;68.35443
6;51;232;340;68.23529
7;2;176;258;68.21706
10;1;251;368;68.20652
4;162;184;270;68.14815
5;67;203;298;68.120804
10;3;222;326;68.09816
4;110;160;235;68.085106
4;102;256;376;68.085106
4;146;257;378;67.98942
6;6;206;303;67.9868
4;169;267;393;67.938934
4;140;256;377;67.90451
7;49;188;277;67.87003
7;14;188;277;67.87003
4;251;245;361;67.867035
4;95;266;392;67.85714
3;19;211;311;67.84566
3;66;211;311;67.84566
4;65;139;205;67.80488
8;77;221;326;67.79141
4;55;166;245;67.755104
4;141;207;306;67.64706
3;93;254;376;67.55319
3;56;233;345;67.53623
8;169;156;231;67.53247
3;50;266;394;67.51269
6;100;164;243;67.489716
5;59;164;243;67.489716
7;59;170;252;67.46032
4;303;114;169;67.45562
7;7;172;255;67.45098
3;46;267;396;67.42424
8;115;238;353;67.4221
3;86;240;356;67.41573
8;3;192;285;67.36842
3;42;268;398;67.336685
6;55;208;309;67.31392
4;175;218;324;67.28395
10;134;148;220;67.27273
3;28;263;391;67.26343
4;222;156;232;67.24138
7;24;168;250;67.2
7;50;180;268;67.16418
3;78;225;335;67.16418
4;83;190;283;67.13781
8;170;206;307;67.100975
7;55;55;82;67.07317
6;106;232;346;67.052025
8;81;144;215;66.976746
8;142;237;354;66.94915
4;187;239;357;66.94678
5;103;89;133;66.91729
4;232;194;290;66.89655
4;13;238;356;66.853935
4;85;179;268;66.791046
5;39;191;286;66.78322
3;96;193;289;66.782005
5;108;193;289;66.782005
3;63;213;319;66.77116
3;45;264;396;66.666664
4;253;246;369;66.666664
8;145;186;279;66.666664
4;329;106;159;66.666664
5;27;196;294;66.666664
10;255;40;60;66.666664
7;26;172;258;66.666664
3;59;259;389;66.58098
4;45;229;344;66.56977
4;103;221;332;66.56626
4;129;135;203;66.502464
4;142;224;337;66.46884
3;68;263;396;66.41414
5;47;164;247;66.39676
7;27;148;223;66.367714
4;32;148;223;66.367714
8;83;199;300;66.333336
5;80;189;285;66.31579
6;114;59;89;66.29214
4;132;261;394;66.24365
5;14;204;308;66.233765
4;90;202;305;66.22951
3;3;235;355;66.19718
4;115;252;381;66.14173
5;42;191;289;66.089966
7;17;189;286;66.083916
4;259;224;339;66.0767
3;67;208;315;66.031746
4;27;99;150;66.0
5;10;215;326;65.95092
4;73;253;384;65.885414
6;53;191;290;65.86207
7;12;183;278;65.82734
5;95;129;196;65.81633
3;64;225;342;65.789474
9;163;142;216;65.74074
5;37;195;297;65.65656
5;79;151;230;65.652176
3;16;237;361;65.65097
4;89;164;250;65.6
4;75;225;343;65.597664
4;304;99;151;65.56291
3;69;217;331;65.558914
4;332;76;116;65.51724
5;43;169;258;65.503876
7;9;167;255;65.4902
7;15;184;281;65.48043
7;19;184;281;65.48043
7;13;184;281;65.48043
4;178;239;365;65.479454
3;73;256;391;65.473145
4;260;231;353;65.439095
5;38;191;292;65.41096
3;9;240;367;65.395096
5;15;170;260;65.38461
3;48;236;361;65.37396
4;42;185;283;65.371025
5;106;168;257;65.36965
3;10;260;398;65.32663
8;148;81;124;65.32258
3;24;222;340;65.29412
4;313;62;95;65.26316
10;215;216;331;65.2568
7;29;184;282;65.24823
8;8;199;305;65.2459
3;43;259;397;65.239296
4;153;257;394;65.228424
7;8;165;253;65.21739
5;31;176;270;65.18519
4;291;161;247;65.18219
3;101;159;244;65.16393
3;55;222;341;65.10264
5;6;179;275;65.09091
5;70;164;252;65.07937
3;20;203;312;65.0641
4;145;251;386;65.02591
3;1;187;288;64.93056
4;86;170;262;64.8855
3;35;255;393;64.8855
3;75;205;316;64.87342
5;34;182;281;64.768684
3;53;204;315;64.7619
3;17;158;244;64.7541
3;21;202;312;64.74359
8;102;189;292;64.72603
3;85;165;255;64.70588
7;31;176;272;64.70588
5;75;161;249;64.65864
3;33;237;367;64.57766
5;18;153;237;64.55696
3;84;173;268;64.55224
4;113;138;214;64.485985
7;32;179;278;64.38849
3;94;253;393;64.37659
4;263;157;244;64.34426
3;41;256;398;64.32161
4;233;214;333;64.26427
5;9;205;319;64.26332
5;41;187;291;64.26117
4;223;197;307;64.16938
3;44;252;393;64.12214
4;212;134;209;64.11483
3;31;184;287;64.111496
7;23;166;259;64.09267
3;38;153;239;64.01674
3;37;153;239;64.01674
5;83;190;297;63.973064
5;40;181;283;63.957596
7;16;147;230;63.913044
5;23;177;277;63.89892
3;47;230;360;63.88889
4;266;214;335;63.880596
5;20;160;251;63.74502
5;28;202;317;63.722397
4;230;128;201;63.68159
5;32;186;293;63.481228
8;5;172;271;63.468636
6;8;191;301;63.45515
7;11;177;279;63.44086
4;157;203;320;63.4375
5;98;135;213;63.380283
4;170;178;281;63.345196
3;51;247;390;63.333332
3;80;200;316;63.291138
5;78;165;261;63.21839
5;3;185;293;63.13993
3;34;246;390;63.076923
3;49;249;395;63.037975
3;72;238;378;62.962963
4;225;226;359;62.952644
3;36;246;391;62.9156
3;58;190;302;62.913906
4;297;211;336;62.79762
3;91;216;344;62.7907
5;5;192;306;62.7451
4;167;153;244;62.704918
5;2;183;292;62.671234
8;181;141;225;62.666668
3;7;214;342;62.5731
3;30;235;376;62.5
4;244;204;327;62.385323
3;32;228;366;62.295082
4;70;228;366;62.295082
3;23;206;331;62.23565
3;15;224;361;62.049862
5;8;186;300;62.0
4;237;194;313;61.98083
3;99;220;355;61.971832
5;4;184;297;61.95286
4;325;130;210;61.904762
4;171;177;286;61.88811
5;12;188;304;61.842106
4;281;165;267;61.797752
5;91;131;212;61.792454
8;4;176;285;61.754387
3;71;184;298;61.744965
4;294;74;120;61.666668
4;151;117;190;61.57895
5;88;165;268;61.567165
3;14;224;364;61.53846
8;17;196;319;61.442005
3;57;207;337;61.42433
4;217;113;184;61.413044
3;92;225;367;61.307903
4;11;122;199;61.306534
8;143;185;302;61.258278
5;54;158;258;61.24031
4;149;172;281;61.209965
3;107;213;348;61.206898
4;181;115;188;61.17021
4;77;237;388;61.082474
7;28;141;231;61.03896
4;182;122;200;61.0
4;12;120;197;60.913704
3;4;210;345;60.869564
3;18;149;245;60.816326
5;50;178;293;60.750854
8;9;184;303;60.726074
4;299;117;193;60.62176
4;284;226;373;60.589813
5;25;178;295;60.33898
4;148;237;393;60.305344
3;79;188;312;60.25641
3;11;238;395;60.253166
5;94;174;289;60.20761
3;8;208;346;60.11561
5;116;149;248;60.080647
3;29;226;377;59.94695
5;1;181;302;59.933773
3;2;207;346;59.82659
5;33;180;301;59.800663
3;39;173;290;59.655174
5;68;161;270;59.62963
3;104;180;303;59.40594
4;30;73;123;59.349594
3;61;168;284;59.15493
5;82;172;291;59.10653
4;280;195;331;58.912388
5;65;176;299;58.862877
4;320;143;243;58.847736
4;236;191;326;58.58896
5;24;171;292;58.561646
5;13;182;312;58.333332
4;296;123;211;58.29384
3;12;232;398;58.29146
3;60;138;238;57.983192
3;83;200;346;57.803467
3;40;175;304;57.56579
5;51;156;271;57.564575
5;69;158;275;57.454544
3;76;136;237;57.383965
4;326;125;218;57.33945
3;77;174;304;57.236843
5;56;127;222;57.207207
4;241;157;275;57.090908
5;71;168;296;56.756756
5;53;144;254;56.692913
7;79;43;76;56.57895
7;52;100;178;56.179775
3;100;87;155;56.129032
5;109;42;75;56.0
5;16;131;236;55.508476
5;105;68;123;55.284554
3;89;192;349;55.014328
4;63;120;219;54.79452
3;88;166;303;54.785477
5;30;143;262;54.580154
3;87;154;283;54.41696
4;64;118;218;54.12844
10;208;40;74;54.054054
4;218;156;289;53.97924
4;177;89;165;53.939392
4;31;121;227;53.303967
5;117;140;265;52.83019
4;289;55;107;51.40187
3;65;122;239;51.046024
4;166;87;173;50.289017
4;235;78;157;49.68153
4;160;107;217;49.308754
7;67;72;151;47.682117
3;95;99;211;46.91943
4;270;90;193;46.632126
4;202;78;170;45.882355
8;191;44;96;45.833332
4;229;88;192;45.833332
3;98;98;214;45.79439
4;165;120;263;45.627377
4;221;78;172;45.34884
4;286;47;105;44.761906
4;285;60;138;43.47826
4;131;102;242;42.14876
4;172;124;298;41.610737
4;174;73;177;41.24294
4;137;96;240;40.0
9;170;22;60;36.666668
4;272;82;225;36.444443
8;79;77;214;35.981308
4;283;58;162;35.802467
4;300;24;68;35.294117
3;97;16;52;30.76923
7;69;45;150;30.0
4;224;15;56;26.785715
