DILMA;25.510204081632654;3;40.84507042253521
DILMA;19.196428571428573;3;33.05439330543933
DILMA;20.833333333333332;3;34.78260869565217
DILMA;20.063694267515924;3;36.10315186246418
DILMA;16.363636363636363;3;56.557377049180324
DILMA;22.274881516587676;3;49.152542372881356
DILMA;17.171717171717173;3;38.604651162790695
DILMA;17.791411042944784;3;38.333333333333336
DILMA;21.558441558441558;3;31.25
DILMA;16.75392670157068;3;33.09002433090024
DILMA;19.047619047619047;3;35.49618320610687
DILMA;26.495726495726494;3;40.0
DILMA;27.272727272727273;3;37.569060773480665
DILMA;18.42105263157895;3;40.375586854460096
DILMA;22.362869198312236;3;33.333333333333336
DILMA;13.503649635036496;3;42.9042904290429
DILMA;17.098445595854923;3;50.0
DILMA;23.497267759562842;3;36.76470588235294
DILMA;24.15730337078652;3;41.29353233830846
DILMA;17.41741741741742;3;37.5
DILMA;17.333333333333332;3;29.772727272727273
DILMA;14.347826086956522;3;41.935483870967744
DILMA;25.980392156862745;3;35.37117903930131
DILMA;27.027027027027028;3;40.416666666666664
DILMA;17.435897435897434;3;24.942263279445726
DILMA;20.408163265306122;3;23.394495412844037
DILMA;16.071428571428573;3;23.623853211009173
DILMA;20.388349514563107;3;44.29824561403509
DILMA;18.613138686131386;3;39.735099337748345
DILMA;16.883116883116884;3;37.27810650887574
DILMA;22.68041237113402;3;46.846846846846844
DILMA;19.306930693069308;3;43.693693693693696
DILMA;20.574162679425836;3;47.51131221719457
DILMA;24.770642201834864;3;43.97905759162304
DILMA;28.91156462585034;3;32.748538011695906
DILMA;22.916666666666668;3;42.081447963800905
DILMA;17.933130699088146;3;37.634408602150536
DILMA;17.934782608695652;3;43.91534391534392
DILMA;19.672131147540984;3;32.82674772036474
DILMA;21.51394422310757;3;30.627306273062732
DILMA;14.423076923076923;3;47.53363228699551
DILMA;17.307692307692307;3;49.43181818181818
DILMA;21.066666666666666;3;23.897911832946637
DILMA;24.415584415584416;3;27.191011235955056
DILMA;22.22222222222222;3;42.857142857142854
DILMA;16.526610644257705;3;33.91959798994975
DILMA;17.081850533807827;3;38.87043189368771
DILMA;17.008797653958943;3;29.473684210526315
DILMA;16.095890410958905;3;30.63583815028902
DILMA;17.22689075630252;3;17.253521126760564
DILMA;17.117117117117118;3;37.17277486910995
DILMA;14.418604651162791;3;38.11659192825112
DILMA;17.131474103585656;3;43.75
DILMA;16.145833333333332;3;35.09615384615385
DILMA;19.877675840978593;3;30.548302872062663
DILMA;17.12707182320442;3;42.32804232804233
DILMA;14.285714285714286;3;31.213872832369944
DILMA;20.975609756097562;3;37.327188940092164
DILMA;21.55388471177945;3;32.81596452328159
DILMA;19.895287958115183;3;44.85981308411215
DILMA;21.18380062305296;3;45.294117647058826
DILMA;18.507462686567163;3;28.232189973614776
DILMA;14.423076923076923;3;38.26086956521739
DILMA;20.72829131652661;3;39.603960396039604
DILMA;21.13095238095238;3;44.134078212290504
DILMA;18.13953488372093;3;24.675324675324674
DILMA;12.600536193029491;3;35.02304147465438
DILMA;21.818181818181817;3;31.80515759312321
DILMA;22.3433242506812;3;26.85185185185185
DILMA;19.81566820276498;3;44.44444444444444
DILMA;20.39660056657224;3;30.80808080808081
DILMA;22.083333333333332;3;38.976377952755904
DILMA;23.497267759562842;3;29.41176470588235
DILMA;18.34061135371179;3;38.4
DILMA;16.097560975609756;3;43.90243902439025
DILMA;23.206751054852322;3;41.48148148148148
DILMA;14.537444933920705;3;40.57377049180328
DILMA;22.83653846153846;3;25.541125541125542
DILMA;19.93127147766323;3;31.976744186046513
DILMA;19.714285714285715;3;25.76530612244898
DILMA;13.454545454545455;3;38.12709030100334
DILMA;18.99441340782123;3;38.916256157635466
DILMA;16.161616161616163;3;34.319526627218934
DILMA;15.929203539823009;3;39.27125506072875
DILMA;18.617021276595743;3;33.41463414634146
DILMA;16.955017301038062;3;33.52769679300292
DILMA;19.672131147540984;3;34.19117647058823
DILMA;17.67676767676768;3;44.44444444444444
DILMA;24.86631016042781;3;25.454545454545453
DILMA;20.218579234972676;3;28.153153153153152
DILMA;16.402116402116402;3;31.59090909090909
DILMA;17.21518987341772;3;36.563876651982376
DILMA;19.25;3;36.0
DILMA;17.70186335403727;3;32.67045454545455
DILMA;16.091954022988507;3;38.46153846153846
DILMA;19.74921630094044;3;31.714285714285715
DILMA;13.526570048309178;3;34.95575221238938
DILMA;18.911174785100286;3;31.33159268929504
DILMA;16.886543535620053;3;29.234338747099766
DILMA;15.97938144329897;3;44.01913875598086
DILMA;21.631205673758867;3;35.0
DILMA;22.71386430678466;3;25.065963060686016
DILMA;28.26086956521739;3;24.545454545454547
DILMA;15.53133514986376;3;28.310502283105023
DILMA;16.50793650793651;3;36.08815426997245
DILMA;20.0;3;34.24317617866005
DILMA;17.36842105263158;3;32.28699551569507
DILMA;14.864864864864865;3;23.356009070294785
DILMA;16.034985422740526;3;24.415584415584416
DILMA;18.681318681318682;3;29.35323383084577
DILMA;21.11111111111111;3;26.96078431372549
DILMA;15.856777493606138;3;30.837004405286343
DILMA;30.346820809248555;3;26.133333333333333
DILMA;15.584415584415584;3;30.63063063063063
DILMA;15.492957746478874;3;34.196891191709845
DILMA;19.261213720316622;3;31.25
DILMA;13.577023498694517;3;30.493273542600896
DILMA;14.24731182795699;3;33.027522935779814
DILMA;18.351063829787233;3;27.674418604651162
DILMA;16.129032258064516;3;48.18181818181818
DILMA;29.081632653061224;3;24.008810572687224
DILMA;19.756838905775076;3;30.27027027027027
DILMA;15.601023017902813;3;28.216704288939052
DILMA;17.251461988304094;3;27.083333333333332
DILMA;23.14814814814815;3;20.273972602739725
DILMA;22.53968253968254;3;32.48730964467005
DILMA;32.20338983050848;3;38.96103896103896
DILMA;18.627450980392158;3;25.94752186588921
DILMA;22.352941176470587;3;18.939393939393938
DILMA;17.91530944625407;3;32.47126436781609
DILMA;21.717171717171716;3;36.08695652173913
DILMA;12.565445026178011;3;33.712984054669704
DILMA;24.345549738219894;3;22.595078299776286
DILMA;16.554054054054053;3;27.92792792792793
DILMA;21.31979695431472;3;30.28322440087146
DILMA;16.623376623376622;3;33.557046979865774
DILMA;15.856777493606138;3;28.83295194508009
DILMA;17.933130699088146;3;19.437340153452684
DILMA;17.105263157894736;3;25.835189309576837
DILMA;14.790996784565916;3;31.728045325779036
DILMA;20.157068062827225;3;34.157303370786515
DILMA;32.947976878612714;3;25.980392156862745
DILMA;18.068535825545172;3;15.466666666666667
DILMA;17.662337662337663;3;29.621380846325167
DILMA;16.853932584269664;3;34.31151241534989
DILMA;17.56756756756757;3;22.00488997555012
DILMA;16.778523489932887;3;28.529411764705884
DILMA;15.877437325905293;3;21.004566210045663
DILMA;10.909090909090908;3;31.180400890868597
DILMA;16.56441717791411;3;29.842931937172775
DILMA;16.358839050131927;3;26.96629213483146
DILMA;20.0;3;33.84615384615385
DILMA;20.54054054054054;3;16.009280742459396
DILMA;28.83211678832117;3;28.88888888888889
DILMA;25.55205047318612;3;18.46965699208443
DILMA;16.822429906542055;3;31.564245810055866
DILMA;21.329639889196677;3;20.956719817767652
DILMA;18.674698795180724;3;25.19083969465649
DILMA;21.05263157894737;3;37.360178970917225
DILMA;17.94871794871795;3;46.42857142857143
DILMA;21.0727969348659;3;31.228070175438596
DILMA;21.73913043478261;3;39.322916666666664
DILMA;22.10242587601078;3;34.72803347280335
DILMA;20.66115702479339;3;31.116389548693586
DILMA;20.30075187969925;3;29.518072289156628
DILMA;22.392638036809817;3;24.747474747474747
DILMA;18.932038834951456;3;30.45267489711934
DILMA;14.245014245014245;3;36.5
DILMA;17.757009345794394;3;28.057553956834532
DILMA;19.014084507042252;3;27.364185110663986
DILMA;20.384615384615383;3;30.76923076923077
DILMA;19.911504424778762;3;40.16393442622951
DILMA;22.857142857142858;3;22.516556291390728
DILMA;17.066666666666666;3;19.864559819413092
DILMA;15.894039735099337;3;34.33734939759036
DILMA;20.597014925373134;3;25.392670157068064
DILMA;23.80952380952381;3;17.391304347826086
DILMA;16.176470588235293;3;26.70682730923695
DILMA;19.047619047619047;3;30.846774193548388
DILMA;22.84263959390863;3;17.509727626459146
DILMA;15.267175572519085;3;25.0
DILMA;19.157088122605366;3;23.619631901840492
DILMA;18.385650224215247;3;41.39344262295082
DILMA;15.596330275229358;3;32.53968253968254
DILMA;16.666666666666668;3;38.372093023255815
DILMA;20.307692307692307;3;41.666666666666664
DILMA;16.53543307086614;3;28.668941979522184
DILMA;20.14388489208633;3;26.28205128205128
DILMA;23.529411764705884;3;31.3915857605178
DILMA;20.714285714285715;3;29.073482428115017
DILMA;20.072992700729927;3;26.366559485530548
DILMA;16.990291262135923;3;34.05172413793103
DILMA;22.105263157894736;3;28.79746835443038
DILMA;21.717171717171716;3;40.89887640449438
DILMA;16.071428571428573;3;33.191489361702125
DILMA;19.90950226244344;3;34.552845528455286
DILMA;18.226600985221676;3;33.6283185840708
DILMA;16.666666666666668;3;28.169014084507044
DILMA;19.047619047619047;3;27.225130890052355
DILMA;16.207951070336392;3;32.42506811989101
DILMA;15.223880597014926;3;33.59580052493438
DILMA;21.533923303834808;3;29.5
DILMA;19.213973799126638;3;34.24124513618677
DILMA;26.08695652173913;3;41.89723320158103
DILMA;22.594142259414227;3;33.204633204633204
DILMA;21.57676348547718;3;41.30434782608695
DILMA;17.180616740088105;3;35.039370078740156
DILMA;13.973799126637555;3;38.75968992248062
DILMA;20.62780269058296;3;41.276595744680854
DILMA;19.289340101522843;3;33.78378378378378
DILMA;17.48633879781421;3;35.68075117370892
DILMA;21.02803738317757;3;34.46808510638298
DILMA;22.4390243902439;3;37.55458515283843
DILMA;18.4;3;27.73722627737226
DILMA;42.435424354243544;3;33.69565217391305
DILMA;27.868852459016395;3;37.219730941704036
DILMA;18.13031161473088;3;46.93877551020408
DILMA;16.939890710382514;3;38.19095477386934
DILMA;20.218579234972676;3;44.27860696517413
DILMA;17.97752808988764;3;42.5
DILMA;17.679558011049725;3;46.8421052631579
DILMA;17.587939698492463;3;42.10526315789474
DILMA;15.044247787610619;3;39.67391304347826
DILMA;12.852664576802507;3;38.17663817663818
DILMA;16.614420062695924;3;29.526462395543174
DILMA;15.819209039548022;3;36.147757255936675
DILMA;32.234432234432234;3;32.17391304347826
DILMA;14.5;3;30.044843049327355
DILMA;12.0;3;37.16577540106952
DILMA;46.236559139784944;3;21.27659574468085
DILMA;27.531645569620252;3;20.994475138121548
DILMA;28.37837837837838;3;29.34131736526946
DILMA;18.045112781954888;3;26.292134831460675
DILMA;15.71072319201995;3;28.699551569506728
DILMA;14.855072463768115;3;31.73076923076923
DILMA;14.603174603174603;3;34.98542274052478
DILMA;10.526315789473685;3;33.175355450236964
DILMA;27.697841726618705;3;26.548672566371682
DILMA;23.61516034985423;3;30.710659898477157
DILMA;13.897280966767372;3;35.24590163934426
DILMA;16.120906801007557;3;26.948775055679288
DILMA;47.766323024054984;3;24.043715846994534
DILMA;29.714285714285715;3;30.476190476190474
DILMA;11.046511627906977;3;39.45945945945946
DILMA;12.844036697247706;3;43.05555555555556
DILMA;28.859060402684563;3;23.78048780487805
DILMA;27.946127946127945;3;29.27536231884058
DILMA;36.22047244094488;3;21.359223300970875
DILMA;27.796610169491526;3;23.20916905444126
DILMA;10.606060606060606;3;33.80281690140845
DILMA;35.49488054607509;3;19.36416184971098
DILMA;11.910669975186105;3;32.59423503325942
DILMA;17.478510028653297;3;25.944584382871536
DILMA;22.023809523809526;3;26.363636363636363
DILMA;12.181303116147308;3;37.39837398373984
DILMA;9.480122324159021;3;34.34903047091413
DILMA;16.91842900302115;3;26.740947075208915
DILMA;13.86861313868613;3;37.666666666666664
DILMA;13.119533527696793;3;34.33242506811989
DILMA;66.53543307086615;3;25.084745762711865
DILMA;14.137931034482758;3;24.600638977635782
DILMA;12.647058823529411;3;36.193029490616624
DILMA;13.10344827586207;3;32.37179487179487
DILMA;16.70886075949367;3;26.077097505668934
DILMA;19.71014492753623;3;29.770992366412212
DILMA;25.668449197860962;3;26.940639269406393
DILMA;15.652173913043478;3;32.12435233160622
DILMA;17.647058823529413;3;26.6497461928934
DILMA;12.864077669902912;3;28.475336322869953
DILMA;9.06515580736544;3;25.916230366492147
DILMA;13.333333333333334;3;38.41059602649007
DILMA;13.178294573643411;3;32.65765765765766
DILMA;29.36802973977695;3;21.34502923976608
DILMA;13.135593220338983;3;35.40856031128405
DILMA;16.615384615384617;3;29.49438202247191
DILMA;12.27621483375959;3;32.25058004640371
DILMA;13.128491620111731;3;40.56122448979592
DILMA;20.858895705521473;3;28.61111111111111
DILMA;10.199004975124378;3;36.563876651982376
DILMA;40.51094890510949;3;18.541033434650455
DILMA;10.662824207492795;3;29.04884318766067
DILMA;14.661654135338345;3;35.57046979865772
DILMA;29.807692307692307;3;20.555555555555557
DILMA;18.823529411764707;3;30.050505050505052
DILMA;28.333333333333332;3;27.808988764044944
DILMA;10.526315789473685;3;25.380710659898476
DILMA;14.540816326530612;3;23.423423423423422
DILMA;15.776081424936386;3;24.43438914027149
DILMA;14.857142857142858;3;22.564102564102566
DILMA;11.073825503355705;3;23.9067055393586
DILMA;13.506493506493506;3;28.314606741573034
DILMA;17.934782608695652;3;47.31707317073171
DILMA;11.042944785276074;3;35.45706371191136
DILMA;16.38888888888889;3;23.096446700507613
DILMA;13.170731707317072;3;28.37837837837838
DILMA;17.45562130177515;3;30.853994490358126
DILMA;21.188630490956072;3;25.225225225225227
DILMA;10.429447852760736;3;28.532608695652176
DILMA;10.204081632653061;3;24.093264248704664
DILMA;13.300492610837438;3;22.675736961451246
DILMA;35.483870967741936;3;22.22222222222222
DILMA;15.217391304347826;3;23.788546255506606
DILMA;15.168539325842696;3;47.474747474747474
DILMA;21.119592875318066;3;25.503355704697988
DILMA;12.280701754385966;3;25.934579439252335
DILMA;13.28125;3;21.555555555555557
DILMA;16.86046511627907;3;23.46938775510204
DILMA;18.289085545722713;3;17.435897435897434
DILMA;12.436548223350254;3;23.766816143497756
DILMA;11.029411764705882;3;19.52861952861953
DILMA;15.895953757225433;3;32.38341968911917
DILMA;21.03448275862069;3;25.559105431309906
DILMA;10.909090909090908;3;26.1455525606469
DILMA;17.404129793510325;3;37.03703703703704
DILMA;14.110429447852761;3;25.824175824175825
DILMA;29.15129151291513;3;16.86046511627907
DILMA;14.779874213836479;3;22.933333333333334
DILMA;18.91025641025641;3;21.533923303834808
DILMA;12.222222222222221;3;26.96078431372549
DILMA;16.164383561643834;3;25.61576354679803
DILMA;25.0;3;16.298342541436465
DILMA;17.045454545454547;3;29.23076923076923
DILMA;13.399503722084367;3;26.164079822616408
DILMA;46.64179104477612;3;25.067385444743934
DILMA;14.534883720930232;3;34.29319371727749
DILMA;29.454545454545453;3;25.297619047619047
DILMA;17.59776536312849;3;32.299741602067186
DILMA;13.105413105413106;3;22.48062015503876
DILMA;11.733333333333333;3;34.12698412698413
DILMA;31.896551724137932;3;26.490066225165563
DILMA;19.29824561403509;3;1.3333333333333333
DILMA;13.846153846153847;3;33.61344537815126
DILMA;13.274336283185841;3;36.93931398416886
DILMA;14.325068870523417;3;33.24742268041237
DILMA;13.68421052631579;3;39.25233644859813
DILMA;14.759036144578314;3;31.549295774647888
DILMA;12.776412776412776;3;25.727069351230426
DILMA;13.194444444444445;3;23.636363636363637
DILMA;17.58957654723127;3;22.01086956521739
DILMA;34.48275862068966;3;16.61631419939577
DILMA;19.148936170212767;3;23.4338747099768
DILMA;32.95880149812734;3;26.837060702875398
DILMA;20.05730659025788;3;20.689655172413794
DILMA;18.03713527851459;3;24.137931034482758
DILMA;14.838709677419354;3;41.44144144144144
DILMA;16.31419939577039;3;25.745257452574524
DILMA;14.882506527415144;3;18.485523385300667
DILMA;15.277777777777779;3;36.02150537634409
DILMA;18.13186813186813;3;21.307506053268764
DILMA;10.658307210031348;3;25.141242937853107
DILMA;15.0;3;24.90566037735849
DILMA;32.394366197183096;3;13.872832369942197
DILMA;17.223650385604113;3;23.023255813953487
DILMA;21.022727272727273;3;24.528301886792452
DILMA;18.181818181818183;3;35.90504451038576
DILMA;15.957446808510639;3;34.17085427135678
DILMA;15.691489361702128;3;19.36936936936937
DILMA;11.845730027548209;3;33.25526932084309
DILMA;19.946091644204852;3;22.471910112359552
DILMA;15.384615384615385;3;34.11764705882353
DILMA;14.520547945205479;3;20.28985507246377
DILMA;12.747875354107649;3;32.0
DILMA;22.22222222222222;3;26.470588235294116
DILMA;17.37704918032787;3;40.0
DILMA;15.406162464985995;3;28.30188679245283
DILMA;14.893617021276595;3;27.39018087855297
DILMA;23.36182336182336;3;20.75
DILMA;15.750915750915752;3;33.68983957219251
DILMA;12.236286919831224;3;23.636363636363637
DILMA;17.073170731707318;3;23.547400611620795
DILMA;15.568862275449101;3;31.770833333333332
DILMA;20.12578616352201;3;37.78409090909091
DILMA;18.803418803418804;3;17.449664429530202
DILMA;14.285714285714286;3;21.21212121212121
DILMA;14.50381679389313;3;20.930232558139537
DILMA;21.22905027932961;3;19.09090909090909
DILMA;13.333333333333334;3;28.333333333333332
DILMA;15.384615384615385;3;16.50485436893204
DILMA;20.408163265306122;3;18.99441340782123
DILMA;17.647058823529413;3;38.983050847457626
DILMA;18.91891891891892;3;14.736842105263158
DILMA;17.91530944625407;3;34.08450704225352
DILMA;16.459627329192546;3;28.732394366197184
DILMA;13.548387096774194;3;32.947976878612714
DILMA;39.76377952755905;3;18.404907975460123
DILMA;13.80281690140845;3;37.57575757575758
DILMA;13.978494623655914;3;36.81592039800995
DILMA;21.195652173913043;3;35.5
DILMA;17.46987951807229;3;33.87096774193548
DILMA;15.789473684210526;3;38.41961852861036
DILMA;14.733542319749215;3;37.19676549865229
DILMA;9.701492537313433;3;40.13377926421405
DILMA;11.02661596958175;3;37.414965986394556
DILMA;17.428571428571427;3;35.12820512820513
DILMA;16.80911680911681;3;37.913486005089055
DILMA;40.225563909774436;3;19.148936170212767
DILMA;8.55457227138643;3;34.55497382198953
DILMA;16.75977653631285;3;38.421052631578945
DILMA;14.024390243902438;3;38.12154696132597
DILMA;14.805194805194805;3;39.30232558139535
DILMA;17.28723404255319;3;37.47072599531616
DILMA;18.666666666666668;3;39.76744186046512
DILMA;14.824797843665769;3;30.33175355450237
DILMA;16.182572614107883;3;43.72623574144487
DILMA;19.758064516129032;3;43.57976653696498
DILMA;14.893617021276595;3;44.106463878327
DILMA;29.26829268292683;3;50.91743119266055
DILMA;13.66120218579235;3;39.80099502487562
DILMA;20.670391061452513;3;51.794871794871796
DILMA;14.525139664804469;3;43.229166666666664
DILMA;17.197452229299362;3;44.11764705882353
DILMA;15.451895043731778;3;38.24289405684755
DILMA;15.44943820224719;3;36.17571059431525
DILMA;18.26625386996904;3;36.41456582633053
DILMA;18.84498480243161;3;40.607734806629836
DILMA;14.285714285714286;3;34.841628959276015
DILMA;12.121212121212121;3;33.1858407079646
DILMA;36.8421052631579;3;51.16279069767442
DILMA;11.594202898550725;3;31.451612903225808
DILMA;16.573033707865168;3;37.659033078880405
DILMA;18.591549295774648;3;38.01020408163265
DILMA;18.181818181818183;3;39.07103825136612
DILMA;16.923076923076923;3;43.867924528301884
DILMA;17.112299465240643;3;28.22222222222222
DILMA;19.104477611940297;3;22.77227722772277
DILMA;19.273743016759777;3;29.601990049751244
DILMA;20.22792022792023;3;25.552825552825553
DILMA;17.045454545454547;3;30.927835051546392
DILMA;29.10958904109589;3;34.15300546448088
DILMA;13.150684931506849;3;42.31738035264484
DILMA;16.486486486486488;3;45.103092783505154
DILMA;17.052023121387283;3;43.44473007712082
DILMA;14.112903225806452;3;42.75092936802974
DILMA;13.623978201634877;3;37.59213759213759
DILMA;10.526315789473685;3;40.0
DILMA;15.725806451612904;3;36.92307692307692
DILMA;10.839160839160838;3;37.33766233766234
DILMA;12.544802867383513;3;38.435374149659864
DILMA;15.104166666666666;3;30.0
DILMA;26.440677966101696;3;22.950819672131146
DILMA;16.358839050131927;3;28.53932584269663
DILMA;15.0;3;28.026905829596412
DILMA;18.367346938775512;3;27.333333333333332
DILMA;19.52054794520548;3;29.337539432176655
DILMA;16.666666666666668;3;29.166666666666668
DILMA;11.656441717791411;3;32.47863247863248
DILMA;14.16184971098266;3;34.52685421994885
DILMA;13.994169096209912;3;33.75959079283887
DILMA;18.495297805642632;3;30.939226519337016
DILMA;29.41176470588235;3;19.505494505494507
DILMA;13.26530612244898;3;37.2960372960373
DILMA;15.656565656565656;3;33.18181818181818
DILMA;12.88659793814433;3;33.41232227488152
DILMA;27.761194029850746;3;26.91131498470948
DILMA;12.56281407035176;3;27.47747747747748
DILMA;11.380145278450364;3;25.386313465783665
DILMA;12.745098039215685;3;34.63203463203463
DILMA;10.591133004926109;3;34.375
DILMA;12.466124661246612;3;38.613861386138616
DILMA;39.63963963963964;3;37.72241992882562
DILMA;35.16949152542373;3;21.825396825396826
DILMA;34.92063492063492;3;21.19402985074627
DILMA;43.50282485875706;3;18.22222222222222
DILMA;43.111111111111114;3;19.52054794520548
DILMA;36.69724770642202;3;19.51219512195122
DILMA;44.01709401709402;3;12.635379061371841
DILMA;36.24454148471616;3;14.53287197231834
DILMA;39.473684210526315;3;17.54385964912281
DILMA;40.43478260869565;3;11.036789297658864
DILMA;37.96296296296296;3;12.5
DILMA;35.111111111111114;3;40.569395017793596
DILMA;42.731277533039645;3;11.11111111111111
DILMA;38.13953488372093;3;17.490494296577946
DILMA;42.857142857142854;3;13.360323886639677
DILMA;47.32142857142857;3;14.43298969072165
DILMA;36.21621621621622;3;16.44736842105263
DILMA;39.42307692307692;3;15.09433962264151
DILMA;38.17427385892116;3;12.62135922330097
DILMA;47.808764940239044;3;15.686274509803921
DILMA;40.09661835748792;3;12.962962962962964
DILMA;40.43478260869565;3;14.598540145985401
DILMA;40.0;3;30.49645390070922
DILMA;34.32203389830509;3;11.07266435986159
DILMA;36.986301369863014;3;14.965986394557824
DILMA;58.333333333333336;3;8.527131782945736
DILMA;82.67716535433071;3;14.634146341463415
DILMA;73.39449541284404;3;14.50381679389313
DILMA;70.71428571428571;3;33.6283185840708
DILMA;14.285714285714286;3;26.85185185185185
DILMA;45.16129032258065;3;28.235294117647058
DILMA;40.56603773584906;3;32.38434163701068
DILMA;39.34426229508197;3;11.0
DILMA;48.76543209876543;3;16.53543307086614
DILMA;43.61702127659574;3;13.513513513513514
DILMA;44.97607655502392;3;24.907063197026023
DILMA;31.756756756756758;3;11.560693641618498
DILMA;50.72463768115942;3;10.975609756097562
DILMA;57.05521472392638;3;12.5
DILMA;39.38053097345133;3;25.32894736842105
DILMA;36.563876651982376;3;26.384364820846905
DILMA;37.30769230769231;3;22.727272727272727
DILMA;37.102473498233216;3;22.866894197952217
DILMA;29.611650485436893;3;14.23611111111111
DILMA;24.025974025974026;3;14.57286432160804
DILMA;6.722689075630252;3;2.5806451612903225
DILMA;50.0;3;7.377049180327869
DILMA;48.57142857142857;3;12.658227848101266
DILMA;19.375;3;20.19704433497537
DILMA;22.746781115879827;3;7.590759075907591
DILMA;35.741444866920155;3;11.206896551724139
DILMA;22.55639097744361;3;14.556962025316455
DILMA;49.18032786885246;3;12.32876712328767
DILMA;20.714285714285715;3;13.417721518987342
DILMA;25.78397212543554;3;14.824120603015075
DILMA;21.428571428571427;3;16.0857908847185
DILMA;21.245421245421245;3;13.736263736263735
DILMA;25.096525096525095;3;19.390581717451525
DILMA;21.691176470588236;3;12.465373961218837
DILMA;24.456521739130434;3;26.639344262295083
DILMA;23.295454545454547;3;22.857142857142858
DILMA;23.70689655172414;3;24.115755627009648
DILMA;24.41860465116279;3;19.07514450867052
DILMA;29.46058091286307;3;17.307692307692307
DILMA;26.956521739130434;3;25.0
DILMA;22.65625;3;29.61783439490446
DILMA;26.970954356846473;3;17.522658610271904
DILMA;30.223880597014926;3;16.764705882352942
DILMA;23.728813559322035;3;17.647058823529413
DILMA;26.35135135135135;3;20.74468085106383
DILMA;25.080385852090032;3;22.27848101265823
DILMA;24.333333333333332;3;21.994884910485933
DILMA;20.689655172413794;3;16.445623342175065
DILMA;31.203007518796994;3;19.43661971830986
DILMA;21.568627450980394;3;18.882978723404257
DILMA;28.37837837837838;3;18.81533101045296
DILMA;26.053639846743295;3;17.21311475409836
DILMA;28.928571428571427;3;20.980926430517712
DILMA;22.340425531914892;3;15.64102564102564
DILMA;21.908127208480565;3;16.28498727735369
DILMA;24.573378839590443;3;17.647058823529413
DILMA;28.8135593220339;3;24.267782426778243
DILMA;25.146198830409357;3;23.430962343096233
DILMA;28.436018957345972;3;21.724137931034484
DILMA;26.778242677824267;3;16.81159420289855
DILMA;27.31958762886598;3;25.657894736842106
DILMA;31.80327868852459;3;16.834170854271356
DILMA;33.440514469453376;3;13.06532663316583
DILMA;42.508710801393725;3;16.624685138539043
DILMA;35.85526315789474;3;14.758269720101781
DILMA;40.549828178694156;3;15.151515151515152
DILMA;36.271186440677965;3;15.909090909090908
DILMA;39.23076923076923;3;12.5
DILMA;36.462093862815884;3;8.587257617728532
DILMA;40.67796610169491;3;8.60759493670886
DILMA;26.79127725856698;3;11.764705882352942
DILMA;41.666666666666664;3;9.898477157360405
DILMA;41.355932203389834;3;11.282051282051283
DILMA;42.532467532467535;3;11.645569620253164
DILMA;26.200873362445414;3;11.11111111111111
DILMA;22.68041237113402;3;11.229946524064172
DILMA;27.40740740740741;3;12.903225806451612
DILMA;24.344569288389515;3;13.91304347826087
DILMA;18.62348178137652;3;16.023738872403563
DILMA;43.24324324324324;3;9.271523178807946
DILMA;41.666666666666664;3;7.712082262210797
DILMA;25.752508361204015;3;11.082474226804123
DILMA;35.84905660377358;3;7.142857142857143
DILMA;24.154589371980677;3;11.619718309859154
DILMA;24.257425742574256;3;12.083333333333334
DILMA;23.228346456692915;3;6.269592476489028
DILMA;24.0;3;15.2046783625731
DILMA;35.256410256410255;3;4.602510460251046
DILMA;23.694779116465863;3;10.610932475884244
DILMA;23.10924369747899;3;8.571428571428571
DILMA;23.417721518987342;3;6.565656565656566
DILMA;20.233463035019454;3;7.552870090634441
DILMA;27.309236947791163;3;18.42105263157895
DILMA;23.25581395348837;3;5.2356020942408374
DILMA;29.914529914529915;3;4.3624161073825505
DILMA;40.64748201438849;3;8.73015873015873
DILMA;23.076923076923077;3;8.184143222506394
DILMA;19.76284584980237;3;9.26517571884984
DILMA;24.409448818897637;3;13.291139240506329
DILMA;37.01298701298701;3;10.126582278481013
DILMA;21.363636363636363;3;0.6578947368421053
DILMA;23.134328358208954;3;12.537313432835822
DILMA;28.755364806866954;3;9.615384615384615
DILMA;31.40495867768595;3;22.54335260115607
DILMA;18.75;3;9.810126582278482
DILMA;18.502202643171806;3;14.184397163120567
DILMA;29.721362229102166;3;9.236947791164658
DILMA;18.218623481781375;3;13.294797687861271
DILMA;24.056603773584907;3;8.208955223880597
DILMA;48.1981981981982;3;7.450980392156863
DILMA;32.5;3;11.235955056179776
DILMA;26.96629213483146;3;1.4134275618374559
DILMA;36.13861386138614;3;5.6105610561056105
DILMA;39.11290322580645;3;10.02865329512894
DILMA;27.77777777777778;3;26.975476839237057
DILMA;19.047619047619047;3;11.023622047244094
DILMA;21.804511278195488;3;9.593023255813954
DILMA;26.460481099656356;3;4.9046321525885554
DILMA;21.694915254237287;3;9.840425531914894
DILMA;19.488817891373802;3;8.651399491094148
DILMA;29.677419354838708;3;1.4218009478672986
DILMA;9.852216748768473;3;1.7301038062283738
DILMA;46.753246753246756;3;3.2710280373831777
DILMA;31.407942238267147;3;6.76056338028169
DILMA;37.903225806451616;3;45.1219512195122
DILMA;35.80246913580247;3;17.682926829268293
DILMA;51.14754098360656;3;10.209424083769633
DILMA;55.921052631578945;3;6.914893617021277
DILMA;44.97991967871486;3;9.939759036144578
DILMA;54.51807228915663;3;12.531328320802006
DILMA;33.50253807106599;3;11.333333333333334
DILMA;37.56613756613756;3;18.867924528301888
DILMA;24.91103202846975;3;9.659090909090908
DILMA;25.714285714285715;3;23.618090452261306
DILMA;28.40909090909091;3;8.51063829787234
DILMA;28.67924528301887;3;11.304347826086957
DILMA;22.175732217573223;3;17.064846416382252
DILMA;28.571428571428573;3;21.02803738317757
DILMA;49.280575539568346;3;6.25
DILMA;50.88339222614841;3;5.511811023622047
DILMA;39.548022598870055;3;6.4935064935064934
DILMA;30.8411214953271;3;17.613636363636363
DILMA;39.37007874015748;3;23.3502538071066
DILMA;31.135531135531135;3;8.504398826979472
DILMA;28.15884476534296;3;10.422535211267606
DILMA;28.35820895522388;3;10.05586592178771
DILMA;35.678391959798994;3;9.770114942528735
DILMA;30.76923076923077;3;10.5
DILMA;31.65137614678899;3;9.285714285714286
DILMA;45.76271186440678;3;8.02139037433155
DILMA;32.89473684210526;3;12.31527093596059
DILMA;32.56704980842912;3;19.382022471910112
DILMA;32.377049180327866;3;18.51851851851852
DILMA;30.0;3;6.198347107438017
DILMA;50.34722222222222;3;5.583756345177665
DILMA;34.69387755102041;3;11.83206106870229
DILMA;30.47945205479452;3;13.39031339031339
DILMA;36.206896551724135;3;4.166666666666667
DILMA;27.480916030534353;3;19.135802469135804
DILMA;26.976744186046513;3;14.855072463768115
DILMA;37.827715355805246;3;17.877094972067038
DILMA;46.09665427509294;3;7.957559681697613
DILMA;46.22641509433962;3;3.9215686274509802
DILMA;50.0;3;4.747774480712166
DILMA;37.74834437086093;3;2.7989821882951653
DILMA;48.63013698630137;3;4.986876640419948
DILMA;45.55160142348755;3;5.699481865284974
DILMA;54.13793103448276;3;6.349206349206349
DILMA;36.633663366336634;3;20.689655172413794
DILMA;35.22727272727273;3;8.9058524173028
DILMA;36.597938144329895;3;11.387900355871887
DILMA;32.870370370370374;3;10.13986013986014
DILMA;55.79710144927536;3;10.526315789473685
DILMA;42.016806722689076;3;12.333333333333334
DILMA;43.1438127090301;3;9.137055837563452
DILMA;29.365079365079364;3;12.8125
DILMA;25.503355704697988;3;13.6
DILMA;32.6271186440678;3;11.784511784511784
DILMA;29.515418502202643;3;22.5
DILMA;29.6875;3;6.906906906906907
DILMA;38.22393822393823;3;21.38157894736842
DILMA;47.69230769230769;3;2.304147465437788
DILMA;52.84280936454849;3;9.399477806788513
DILMA;48.18652849740933;3;6.666666666666667
DILMA;40.95238095238095;3;3.8461538461538463
DILMA;54.93827160493827;3;4.081632653061225
DILMA;13.836477987421384;3;6.083650190114068
DILMA;54.09836065573771;3;4.046242774566474
DILMA;32.298136645962735;3;9.836065573770492
DILMA;29.04564315352697;3;10.32258064516129
DILMA;36.655948553054664;3;9.414758269720101
DILMA;33.0188679245283;3;45.205479452054796
DILMA;41.74757281553398;3;9.9644128113879
DILMA;37.56345177664975;3;7.6923076923076925
DILMA;43.36734693877551;3;9.395973154362416
DILMA;23.346303501945524;3;8.746355685131196
DILMA;52.54237288135593;3;6.214689265536723
DILMA;31.95020746887967;3;15.74074074074074
DILMA;32.42009132420091;3;8.214285714285714
DILMA;52.94117647058823;3;10.303030303030303
DILMA;32.103321033210335;3;9.863013698630137
DILMA;24.623115577889447;3;9.82905982905983
DILMA;54.75409836065574;3;5.898123324396783
DILMA;66.66666666666667;3;9.574468085106384
DILMA;52.4822695035461;3;3.0
DILMA;31.182795698924732;3;7.826086956521739
DILMA;30.476190476190474;3;9.157509157509157
DILMA;32.342007434944236;3;11.838006230529595
DILMA;26.666666666666668;3;8.123249299719888
DILMA;24.738675958188153;3;8.446866485013624
DILMA;29.80392156862745;3;7.033639143730887
DILMA;51.77514792899408;3;8.860759493670885
DILMA;35.80246913580247;3;7.849829351535837
DILMA;27.966101694915253;3;13.836477987421384
DILMA;36.87707641196013;3;10.621761658031089
DILMA;26.492537313432837;3;10.882352941176471
DILMA;36.177474402730375;3;7.672634271099744
DILMA;41.34615384615385;3;3.58974358974359
DILMA;35.44973544973545;3;6.866952789699571
DILMA;26.905829596412556;3;15.120274914089347
DILMA;34.55882352941177;3;9.620991253644315
DILMA;32.69230769230769;3;45.39473684210526
DILMA;28.88888888888889;3;43.262411347517734
DILMA;47.417840375586856;3;8.178438661710038
DILMA;54.54545454545455;3;5.294117647058823
DILMA;47.24770642201835;3;3.5335689045936394
DILMA;37.71043771043771;3;14.080459770114942
DILMA;29.661016949152543;3;22.2972972972973
DILMA;50.90252707581227;3;8.659217877094973
DILMA;27.551020408163264;3;19.77715877437326
DILMA;37.5;3;7.865168539325842
DILMA;66.66666666666667;3;5.737704918032787
DILMA;30.70175438596491;3;28.289473684210527
DILMA;20.930232558139537;3;10.869565217391305
DILMA;41.29353233830846;3;15.6
DILMA;38.9937106918239;3;5.741626794258373
DILMA;28.01556420233463;3;10.81081081081081
DILMA;27.96934865900383;3;8.333333333333334
DILMA;42.10526315789474;3;9.913793103448276
DILMA;53.57142857142857;3;6.299212598425197
DILMA;54.42176870748299;3;9.23913043478261
DILMA;52.94117647058823;3;8.996539792387543
DILMA;33.439490445859875;3;9.438775510204081
DILMA;32.075471698113205;3;29.72972972972973
DILMA;34.716981132075475;3;8.310249307479225
DILMA;62.608695652173914;3;13.372093023255815
DILMA;23.333333333333332;3;12.931034482758621
DILMA;56.09756097560975;3;3.257328990228013
DILMA;42.857142857142854;3;12.5
DILMA;61.39705882352941;3;3.8997214484679668
DILMA;34.177215189873415;3;12.31527093596059
DILMA;42.916666666666664;3;13.249211356466876
DILMA;40.40816326530612;3;9.337349397590362
DILMA;36.75213675213675;3;5.729166666666667
DILMA;47.142857142857146;3;4.477611940298507
DILMA;56.64739884393064;3;7.052896725440806
DILMA;59.48275862068966;3;8.96551724137931
DILMA;54.13533834586466;3;15.615615615615615
DILMA;50.22831050228311;3;15.714285714285714
DILMA;40.963855421686745;3;5.095541401273885
DILMA;24.242424242424242;3;2.4539877300613497
DILMA;52.70935960591133;3;0.6389776357827476
DILMA;32.967032967032964;3;10.787172011661808
DILMA;48.84615384615385;3;9.792284866468842
DILMA;30.181818181818183;3;18.313953488372093
DILMA;44.680851063829785;3;7.636363636363637
DILMA;22.99651567944251;3;14.285714285714286
DILMA;30.303030303030305;3;18.828451882845187
DILMA;36.08695652173913;3;6.422018348623853
DILMA;52.44755244755245;3;0.5235602094240838
DILMA;22.09737827715356;3;12.324929971988796
DILMA;23.828125;3;9.090909090909092
DILMA;41.1764705882353;3;13.836477987421384
DILMA;27.941176470588236;3;31.159420289855074
DILMA;48.125;3;8.121827411167512
DILMA;49.26470588235294;3;6.371191135734072
DILMA;36.7003367003367;3;10.309278350515465
DILMA;29.537366548042705;3;12.737127371273713
DILMA;21.25;3;26.234567901234566
DILMA;31.294964028776977;3;11.538461538461538
DILMA;25.862068965517242;3;20.677966101694917
DILMA;30.103806228373703;3;13.192612137203167
DILMA;36.58536585365854;3;15.609756097560975
DILMA;30.76923076923077;3;10.619469026548673
DILMA;31.666666666666668;3;19.620253164556964
DILMA;37.2093023255814;3;13.314447592067989
DILMA;32.45614035087719;3;12.962962962962964
DILMA;47.31182795698925;3;10.526315789473685
DILMA;34.857142857142854;3;6.557377049180328
DILMA;54.15384615384615;3;11.450381679389313
DILMA;61.570247933884296;3;14.626865671641792
DILMA;49.501661129568106;3;4.973821989528796
DILMA;28.14814814814815;3;10.144927536231885
DILMA;51.01010101010101;3;13.008130081300813
DILMA;33.027522935779814;3;24.0
DILMA;29.365079365079364;3;5.181347150259067
DILMA;48.0;3;11.518324607329843
DILMA;55.223880597014926;3;4.0
DILMA;68.32579185520362;3;10.0
DILMA;26.818181818181817;3;6.115107913669065
DILMA;47.602739726027394;3;8.64864864864865
DILMA;69.33962264150944;3;11.023622047244094
DILMA;78.81619937694704;3;8.433734939759036
DILMA;29.447852760736197;3;16.25615763546798
DILMA;47.111111111111114;3;2.2950819672131146
DILMA;24.352331606217618;3;25.76923076923077
DILMA;37.391304347826086;3;19.637462235649547
DILMA;52.15311004784689;3;8.614232209737828
DILMA;32.6241134751773;3;13.450292397660819
DILMA;37.755102040816325;3;8.641975308641975
DILMA;42.16867469879518;3;6.702412868632708
DILMA;12.941176470588236;3;10.869565217391305
DILMA;24.46808510638298;3;7.242339832869081
DILMA;30.501930501930502;3;10.416666666666666
DILMA;34.285714285714285;3;0.9345794392523364
DILMA;23.529411764705884;3;28.68217054263566
DILMA;23.076923076923077;3;15.573770491803279
DILMA;17.97752808988764;3;20.242914979757085
DILMA;54.5;3;9.606986899563319
DILMA;51.207729468599034;3;9.426229508196721
DILMA;55.913978494623656;3;5.833333333333333
DILMA;24.81203007518797;3;9.821428571428571
DILMA;46.57534246575342;3;6.6350710900473935
DILMA;60.58091286307054;3;10.714285714285714
DILMA;64.97695852534562;3;8.921933085501859
DILMA;59.310344827586206;3;13.989637305699482
DILMA;28.32369942196532;3;44.5945945945946
DILMA;36.7816091954023;3;20.32520325203252
DILMA;13.68421052631579;3;1.2987012987012987
DILMA;31.132075471698112;3;16.78832116788321
DILMA;85.15625;3;15.384615384615385
DILMA;50.0;3;9.933774834437086
DILMA;36.53846153846154;3;20.87912087912088
DILMA;33.333333333333336;3;29.32330827067669
DILMA;75.38461538461539;3;8.633093525179856
DILMA;52.525252525252526;3;12.295081967213115
DILMA;63.06818181818182;3;6.217616580310881
DILMA;27.40740740740741;3;32.158590308370044
DILMA;55.483870967741936;3;6.830601092896175
DILMA;75.0;3;5.472636815920398
DILMA;32.11009174311926;3;14.50381679389313
DILMA;75.75757575757575;3;2.1052631578947367
DILMA;61.904761904761905;3;14.0
DILMA;27.062706270627064;3;12.27154046997389
DILMA;34.86842105263158;3;3.409090909090909
DILMA;51.14942528735632;3;5.128205128205129
DILMA;75.625;3;9.844559585492227
DILMA;44.0;3;11.864406779661017
DILMA;37.5;3;22.869955156950674
DILMA;60.3448275862069;3;7.407407407407407
DILMA;48.51485148514851;3;3.7037037037037037
DILMA;27.335640138408305;3;10.204081632653061
DILMA;33.44827586206897;3;23.69942196531792
DILMA;52.0;3;3.9473684210526314
DILMA;55.34591194968554;3;15.714285714285714
DILMA;7.299270072992701;3;0.9174311926605505
DILMA;45.018450184501845;3;7.984790874524715
DILMA;32.720588235294116;3;12.0
DILMA;54.91803278688525;3;11.949685534591195
DILMA;28.75;3;9.655172413793103
DILMA;52.20338983050848;3;8.115942028985508
DILMA;43.037974683544306;3;11.206896551724139
DILMA;26.666666666666668;3;14.953271028037383
DILMA;48.07692307692308;3;11.475409836065573
DILMA;30.62200956937799;3;17.94871794871795
DILMA;29.850746268656717;3;25.568181818181817
DILMA;28.436018957345972;3;20.070422535211268
DILMA;27.941176470588236;3;18.991097922848663
DILMA;28.625954198473284;3;20.535714285714285
DILMA;29.32330827067669;3;20.241691842900302
DILMA;24.793388429752067;3;22.71186440677966
DILMA;33.65853658536585;3;16.607773851590107
DILMA;32.870370370370374;3;15.602836879432624
DILMA;35.034013605442176;3;13.29923273657289
DILMA;28.630705394190873;3;23.546511627906977
DILMA;28.01556420233463;3;20.895522388059703
DILMA;31.3953488372093;3;21.958456973293767
DILMA;28.957528957528957;3;17.964071856287426
DILMA;27.81954887218045;3;9.090909090909092
DILMA;27.976190476190474;3;13.675213675213675
DILMA;18.250950570342205;3;12.874251497005988
DILMA;31.73076923076923;3;35.22012578616352
DILMA;30.939226519337016;3;20.0
DILMA;35.38461538461539;3;18.106995884773664
DILMA;29.64426877470356;3;17.59530791788856
DILMA;34.04255319148936;3;18.694362017804153
DILMA;30.612244897959183;3;17.5
DILMA;30.939226519337016;3;44.18604651162791
DILMA;32.20973782771536;3;15.044247787610619
DILMA;32.196969696969695;3;14.32748538011696
DILMA;36.612021857923494;3;10.169491525423728
DILMA;37.2093023255814;3;22.831050228310502
DILMA;25.19685039370079;3;22.477064220183486
DILMA;33.333333333333336;3;16.585365853658537
DILMA;29.11392405063291;3;18.90547263681592
DILMA;34.78260869565217;3;23.902439024390244
DILMA;29.545454545454547;3;14.414414414414415
DILMA;29.533678756476682;3;20.97902097902098
DILMA;29.577464788732396;3;45.294117647058826
DILMA;23.387096774193548;3;15.300546448087431
DILMA;36.170212765957444;3;10.576923076923077
DILMA;41.851851851851855;3;4.947916666666667
DILMA;48.78048780487805;3;8.928571428571429
DILMA;42.5531914893617;3;7.871720116618076
DILMA;39.11290322580645;3;9.037900874635568
DILMA;53.90334572490706;3;5.927835051546392
DILMA;54.729729729729726;3;6.4935064935064934
DILMA;45.149253731343286;3;8.970976253298153
DILMA;33.87978142076503;3;48.25174825174825
DILMA;45.833333333333336;3;14.814814814814815
DILMA;38.225255972696246;3;13.994910941475826
DILMA;38.888888888888886;3;13.780918727915195
DILMA;40.08810572687225;3;20.89041095890411
DILMA;40.104166666666664;3;15.671641791044776
DILMA;32.77777777777778;3;14.50381679389313
DILMA;40.08438818565401;3;18.874172185430464
DILMA;34.859154929577464;3;25.77903682719547
DILMA;38.46153846153846;3;16.4
DILMA;32.88590604026846;3;35.87786259541985
DILMA;47.55555555555556;3;20.65573770491803
DILMA;42.22222222222222;3;28.326180257510728
DILMA;37.89808917197452;3;13.231552162849873
DILMA;39.333333333333336;3;11.989795918367347
DILMA;42.69230769230769;3;9.58904109589041
DILMA;44.70198675496689;3;14.795918367346939
DILMA;42.42424242424242;3;14.285714285714286
DILMA;40.07936507936508;3;14.792899408284024
DILMA;44.04145077720207;3;19.205298013245034
DILMA;53.55648535564853;3;11.656441717791411
DILMA;39.15343915343915;3;8.333333333333334
DILMA;5.747126436781609;3;4.511278195488722
DILMA;85.33333333333333;3;29.779411764705884
DILMA;69.51219512195122;3;31.70731707317073
DILMA;44.05940594059406;3;6.614785992217898
DILMA;54.7085201793722;3;6.920415224913495
DILMA;85.96491228070175;3;10.666666666666666
DILMA;49.586776859504134;3;15.605095541401274
DILMA;38.857142857142854;3;4.545454545454546
DILMA;47.916666666666664;3;12.352941176470589
DILMA;41.97530864197531;3;8.108108108108109
DILMA;68.26923076923077;3;9.75609756097561
DILMA;54.49438202247191;3;6.854838709677419
DILMA;56.70103092783505;3;6.037735849056604
DILMA;45.23809523809524;3;17.43421052631579
DILMA;42.99516908212561;3;10.897435897435898
DILMA;45.6140350877193;3;23.7012987012987
DILMA;44.134078212290504;3;17.307692307692307
DILMA;39.86486486486486;3;22.45762711864407
DILMA;41.276595744680854;3;18.181818181818183
DILMA;43.19526627218935;3;22.362869198312236
DILMA;48.10126582278481;3;18.30065359477124
DILMA;46.733668341708544;3;18.493150684931507
DILMA;47.61904761904762;3;23.10756972111554
DILMA;43.69747899159664;3;14.920634920634921
DILMA;36.6412213740458;3;20.640569395017792
DILMA;43.81443298969072;3;15.884476534296029
DILMA;51.26903553299493;3;14.726027397260275
DILMA;38.94230769230769;3;12.203389830508474
DILMA;40.2390438247012;3;11.821086261980831
DILMA;38.095238095238095;3;8.843537414965986
DILMA;44.29223744292238;3;7.886435331230284
DILMA;50.40983606557377;3;8.02919708029197
DILMA;48.78048780487805;3;22.18430034129693
DILMA;43.82022471910113;3;7.251908396946565
DILMA;42.131979695431475;3;7.037037037037037
DILMA;46.07843137254902;3;10.238907849829351
DILMA;46.788990825688074;3;3.654485049833887
DILMA;49.04761904761905;3;9.9644128113879
DILMA;41.55251141552512;3;5.574912891986063
DILMA;46.08294930875576;3;11.447811447811448
DILMA;54.62555066079295;3;3.0821917808219177
DILMA;53.42465753424658;3;3.8461538461538463
DILMA;41.08910891089109;3;24.915824915824917
DILMA;51.196172248803826;3;5.30035335689046
DILMA;50.69124423963134;3;5.841924398625429
DILMA;45.893719806763286;3;5.190311418685121
DILMA;45.91836734693877;3;5.038759689922481
DILMA;46.408839779005525;3;6.896551724137931
DILMA;44.72573839662447;3;7.4576271186440675
DILMA;44.53781512605042;3;7.796610169491525
DILMA;53.723404255319146;3;4.4534412955465585
DILMA;44.166666666666664;3;7.984790874524715
DILMA;59.35828877005348;3;4.780876494023905
DILMA;52.293577981651374;3;10.130718954248366
DILMA;57.74647887323944;3;5.802047781569966
DILMA;53.475935828877006;3;7.749077490774908
DILMA;43.51464435146443;3;5.647840531561462
DILMA;55.68181818181818;3;5.905511811023622
DILMA;70.05988023952096;3;5.038759689922481
DILMA;65.54054054054055;3;9.22509225092251
DILMA;58.641975308641975;3;7.657657657657658
DILMA;58.267716535433074;3;5.0
DILMA;49.20634920634921;3;4.526748971193416
DILMA;41.578947368421055;3;14.181818181818182
DILMA;71.25;3;12.154696132596685
DILMA;72.41379310344827;3;12.449799196787149
DILMA;54.54545454545455;3;16.666666666666668
DILMA;71.70731707317073;3;9.826589595375722
DILMA;64.07766990291262;3;9.25925925925926
DILMA;10.407239819004525;3;5.68561872909699
DILMA;11.764705882352942;3;1.0
DILMA;44.93927125506073;3;7.046979865771812
DILMA;50.24154589371981;3;6.296296296296297
DILMA;47.71573604060914;3;8.0
DILMA;41.02564102564103;3;21.864951768488744
DILMA;43.1578947368421;3;11.11111111111111
DILMA;51.81818181818182;3;8.445945945945946
DILMA;57.2093023255814;3;9.022556390977444
DILMA;60.19417475728155;3;16.0
DILMA;78.03468208092485;3;8.571428571428571
DILMA;38.048780487804876;3;11.244979919678714
DILMA;44.24242424242424;3;7.4766355140186915
DILMA;47.389558232931726;3;5.351170568561873
DILMA;51.48514851485149;3;9.96168582375479
DILMA;70.55555555555556;3;9.130434782608695
DILMA;50.46296296296296;3;18.333333333333332
DILMA;53.21888412017167;3;7.368421052631579
DILMA;52.72727272727273;3;6.8728522336769755
DILMA;48.917748917748916;3;5.05050505050505
DILMA;59.130434782608695;3;8.771929824561404
DILMA;46.04651162790697;3;5.970149253731344
DILMA;49.09090909090909;3;11.598746081504702
DILMA;44.33497536945813;3;9.448818897637794
DILMA;55.0;3;8.018867924528301
DILMA;48.648648648648646;3;6.920415224913495
DILMA;32.86713286713287;3;8.673469387755102
DILMA;53.374233128834355;3;5.633802816901408
DILMA;30.102040816326532;3;26.717557251908396
DILMA;22.535211267605632;3;20.441988950276244
DILMA;57.7639751552795;3;19.34156378600823
DILMA;42.5531914893617;3;19.047619047619047
DILMA;52.083333333333336;3;11.35135135135135
DILMA;56.390977443609025;3;14.583333333333334
DILMA;52.25806451612903;3;1.4018691588785046
DILMA;18.835616438356166;3;14.705882352941176
DILMA;22.727272727272727;3;19.36416184971098
DILMA;24.81203007518797;3;14.492753623188406
DILMA;63.73626373626374;3;0.9090909090909091
DILMA;29.82456140350877;3;28.571428571428573
DILMA;34.899328859060404;3;24.242424242424242
DILMA;22.388059701492537;3;38.028169014084504
DILMA;50.68493150684932;3;18.75
DILMA;18.0327868852459;3;31.428571428571427
DILMA;58.42696629213483;3;37.0
DILMA;35.294117647058826;3;1.694915254237288
DILMA;21.818181818181817;3;8.357348703170029
DILMA;81.66666666666667;3;12.5
DILMA;26.984126984126984;3;15.18324607329843
DILMA;30.344827586206897;3;26.600985221674875
DILMA;34.36293436293436;3;13.905325443786982
DILMA;32.015810276679844;3;12.264150943396226
DILMA;43.44827586206897;3;29.64824120603015
DILMA;33.54430379746835;3;34.92822966507177
DILMA;37.735849056603776;3;24.50980392156863
DILMA;33.035714285714285;3;15.602836879432624
DILMA;34.09090909090909;3;17.689530685920577
DILMA;31.30081300813008;3;19.631901840490798
DILMA;28.448275862068964;3;19.741100323624597
DILMA;42.013888888888886;3;15.60846560846561
DILMA;36.55172413793103;3;23.387096774193548
DILMA;26.609442060085836;3;19.858156028368793
DILMA;24.398625429553263;3;25.0
DILMA;33.83458646616541;3;23.119777158774372
DILMA;37.89473684210526;3;28.09917355371901
DILMA;18.21561338289963;3;22.321428571428573
DILMA;32.82828282828283;3;28.451882845188283
DILMA;40.20100502512563;3;28.09917355371901
DILMA;40.87591240875913;3;34.38485804416404
DILMA;29.487179487179485;3;21.90721649484536
DILMA;41.886792452830186;3;36.54485049833887
DILMA;45.09803921568628;3;33.66013071895425
DILMA;30.21276595744681;3;15.0
DILMA;34.285714285714285;3;22.167487684729064
DILMA;27.547169811320753;3;14.697406340057636
DILMA;46.103896103896105;3;19.78319783197832
DILMA;43.31983805668016;3;26.333333333333332
DILMA;30.285714285714285;3;23.26732673267327
DILMA;31.736526946107784;3;19.53488372093023
DILMA;23.29749103942652;3;24.63768115942029
DILMA;28.46153846153846;3;14.15929203539823
DILMA;28.51063829787234;3;20.2020202020202
DILMA;20.077220077220076;3;22.22222222222222
DILMA;40.16393442622951;3;27.402135231316727
DILMA;30.837004405286343;3;20.066889632107024
DILMA;26.79245283018868;3;19.607843137254903
DILMA;24.50980392156863;3;23.575129533678755
DILMA;20.149253731343283;3;21.764705882352942
DILMA;24.814814814814813;3;30.232558139534884
DILMA;23.202614379084967;3;21.066666666666666
DILMA;33.68055555555556;3;20.8
DILMA;21.895424836601308;3;21.333333333333332
DILMA;24.705882352941178;3;15.294117647058824
DILMA;45.18828451882845;3;22.5
DILMA;27.555555555555557;3;32.06896551724138
DILMA;66.66666666666667;3;19.708029197080293
DILMA;34.74178403755869;3;26.86084142394822
DILMA;42.7710843373494;3;31.428571428571427
DILMA;30.65326633165829;3;29.775280898876403
DILMA;20.80536912751678;3;18.04123711340206
DILMA;35.55555555555556;3;15.511551155115512
DILMA;25.925925925925927;3;15.013404825737265
DILMA;22.635135135135137;3;12.841530054644808
DILMA;31.501831501831504;3;12.058823529411764
DILMA;35.294117647058826;3;7.103825136612022
DILMA;22.5;3;12.647058823529411
DILMA;26.688102893890676;3;22.371967654986523
DILMA;40.76246334310851;3;19.083969465648856
DILMA;29.197080291970803;3;15.652173913043478
DILMA;25.0;3;8.408408408408409
DILMA;53.42465753424658;3;27.058823529411764
DILMA;29.361702127659573;3;24.422442244224424
DILMA;34.64052287581699;3;24.30939226519337
DILMA;32.78688524590164;3;23.333333333333332
DILMA;23.711340206185568;3;31.35593220338983
DILMA;43.75;3;21.153846153846153
DILMA;35.504885993485345;3;17.112299465240643
DILMA;36.51877133105802;3;5.0
DILMA;33.21799307958477;3;16.569767441860463
DILMA;19.858156028368793;3;11.176470588235293
DILMA;72.636815920398;3;17.004048582995953
DILMA;77.35849056603773;3;16.19047619047619
DILMA;33.02325581395349;3;23.920265780730897
DILMA;33.57664233576642;3;12.573099415204679
DILMA;37.98701298701299;3;18.71657754010695
DILMA;18.01801801801802;3;14.233576642335766
DILMA;34.21052631578947;3;13.095238095238095
DILMA;28.415300546448087;3;13.362068965517242
DILMA;37.03703703703704;3;7.756232686980609
DILMA;24.67948717948718;3;16.966580976863753
DILMA;35.273972602739725;3;16.208791208791208
DILMA;33.11897106109325;3;18.508997429305914
DILMA;31.428571428571427;3;9.883720930232558
DILMA;23.75886524822695;3;21.643835616438356
DILMA;40.66390041493776;3;21.885521885521886
DILMA;32.967032967032964;3;14.606741573033707
DILMA;38.38028169014085;3;12.569832402234637
DILMA;31.986531986531986;3;15.32258064516129
DILMA;38.118811881188115;3;10.18867924528302
DILMA;35.8974358974359;3;30.27027027027027
DILMA;36.53846153846154;3;22.22222222222222
DILMA;54.335260115606935;3;15.263157894736842
DILMA;9.23076923076923;3;33.54838709677419
DILMA;49.029126213592235;3;21.454545454545453
DILMA;46.07843137254902;3;21.78988326848249
DILMA;48.421052631578945;3;22.580645161290324
DILMA;46.42857142857143;3;23.741007194244606
DILMA;46.3768115942029;3;24.555160142348754
DILMA;43.65482233502538;3;25.63176895306859
DILMA;49.029126213592235;3;27.04626334519573
DILMA;46.666666666666664;3;25.217391304347824
DILMA;45.58139534883721;3;20.62937062937063
DILMA;51.207729468599034;3;20.437956204379564
DILMA;42.5;3;18.14946619217082
DILMA;48.205128205128204;3;20.930232558139537
DILMA;47.417840375586856;3;25.0
DILMA;41.395348837209305;3;25.67049808429119
DILMA;43.43434343434343;3;21.705426356589147
DILMA;44.61538461538461;3;17.76061776061776
DILMA;46.15384615384615;3;18.4
DILMA;48.5;3;22.18045112781955
DILMA;48.108108108108105;3;24.8062015503876
DILMA;48.80952380952381;3;18.385650224215247
DILMA;50.943396226415096;3;19.047619047619047
DILMA;52.15311004784689;3;20.56737588652482
DILMA;40.19138755980861;3;22.77992277992278
DILMA;53.5;3;22.302158273381295
DILMA;50.96153846153846;3;24.264705882352942
DILMA;47.29064039408867;3;12.589928057553957
DILMA;49.107142857142854;3;11.913357400722022
DILMA;57.6036866359447;3;12.89198606271777
DILMA;46.96969696969697;3;16.602316602316602
DILMA;53.09278350515464;3;7.6305220883534135
DILMA;45.416666666666664;3;8.813559322033898
DILMA;50.23474178403756;3;12.64367816091954
DILMA;46.18834080717489;3;9.79020979020979
DILMA;50.0;3;18.39080459770115
DILMA;65.78947368421052;3;9.342560553633218
DILMA;59.04761904761905;3;9.285714285714286
DILMA;50.73170731707317;3;5.9523809523809526
DILMA;42.6865671641791;3;12.033195020746888
DILMA;52.48868778280543;3;7.2202166064981945
DILMA;87.26415094339623;3;42.384105960264904
DILMA;63.2183908045977;3;34.285714285714285
DILMA;81.13207547169812;3;30.72289156626506
DILMA;62.60504201680672;3;9.44055944055944
DILMA;54.09090909090909;3;13.35740072202166
DILMA;43.43434343434343;3;18.773946360153257
DILMA;44.60093896713615;3;14.17910447761194
DILMA;40.67796610169491;3;10.344827586206897
DILMA;79.0909090909091;3;48.87640449438202
DILMA;75.64102564102564;3;47.2972972972973
DILMA;46.902654867256636;3;8.896797153024911
DILMA;62.5;3;8.536585365853659
DILMA;61.951219512195124;3;10.196078431372548
DILMA;42.20183486238532;3;3.802281368821293
DILMA;42.78350515463917;3;17.46031746031746
DILMA;43.61702127659574;3;28.627450980392158
DILMA;53.250773993808046;3;11.439114391143912
DILMA;47.755102040816325;3;11.824324324324325
DILMA;66.04938271604938;3;15.178571428571429
DILMA;41.8848167539267;3;32.549019607843135
DILMA;29.12621359223301;3;18.58407079646018
DILMA;88.19444444444444;3;38.04347826086956
DILMA;53.44827586206897;3;15.053763440860216
DILMA;60.204081632653065;3;36.26373626373626
DILMA;50.427350427350426;3;11.785714285714286
DILMA;56.89655172413793;3;14.473684210526315
DILMA;45.30386740331492;3;27.272727272727273
DILMA;53.2520325203252;3;11.864406779661017
DILMA;47.234042553191486;3;10.211267605633802
DILMA;37.956204379562045;3;41.40127388535032
DILMA;51.351351351351354;3;22.352941176470587
DILMA;27.33812949640288;3;24.858757062146893
DILMA;23.626373626373628;3;27.73109243697479
DILMA;28.21576763485477;3;20.14388489208633
DILMA;29.739776951672862;3;29.943502824858758
DILMA;38.392857142857146;3;36.3013698630137
DILMA;19.736842105263158;3;39.10034602076124
DILMA;20.982142857142858;3;37.83783783783784
DILMA;17.467248908296945;3;32.0945945945946
DILMA;19.469026548672566;3;27.147766323024054
DILMA;22.0532319391635;3;21.498371335504885
DILMA;21.890547263681594;3;29.850746268656717
DILMA;17.803030303030305;3;24.342105263157894
DILMA;20.717131474103585;3;12.666666666666666
DILMA;20.54794520547945;3;17.71217712177122
DILMA;25.0;3;12.616822429906541
DILMA;18.03921568627451;3;10.410094637223974
DILMA;27.238805970149254;3;22.662889518413596
DILMA;23.79182156133829;3;15.384615384615385
DILMA;27.77777777777778;3;26.217228464419474
DILMA;18.51851851851852;3;17.2
DILMA;18.88111888111888;3;15.168539325842696
DILMA;16.26984126984127;3;18.688524590163933
DILMA;24.870466321243523;3;28.389830508474578
DILMA;21.40077821011673;3;22.006472491909385
DILMA;31.985294117647058;3;20.454545454545453
DILMA;36.312849162011176;3;30.0
DILMA;28.96825396825397;3;29.78723404255319
DILMA;33.673469387755105;3;24.896265560165975
DILMA;20.218579234972676;3;15.277777777777779
DILMA;20.689655172413794;3;21.11801242236025
DILMA;25.925925925925927;3;25.311203319502074
DILMA;17.71217712177122;3;12.238805970149254
DILMA;32.94117647058823;3;31.09540636042403
DILMA;22.0;3;24.18032786885246
DILMA;23.381294964028775;3;15.929203539823009
DILMA;29.48207171314741;3;30.201342281879196
DILMA;22.22222222222222;3;17.67241379310345
DILMA;23.115577889447238;3;17.768595041322314
DILMA;15.625;3;15.457413249211356
DILMA;23.618090452261306;3;27.237354085603112
DILMA;30.434782608695652;3;26.158940397350992
DILMA;28.79377431906615;3;21.468926553672315
DILMA;38.75598086124402;3;23.509933774834437
DILMA;24.107142857142858;3;22.22222222222222
DILMA;30.065359477124183;3;26.5
DILMA;28.037383177570092;3;32.098765432098766
DILMA;16.49484536082474;3;25.0
DILMA;32.78145695364238;3;29.53846153846154
DILMA;23.15270935960591;3;29.554655870445345
DILMA;45.588235294117645;3;28.75
DILMA;28.048780487804876;3;46.97986577181208
DILMA;41.554054054054056;3;23.510971786833856
DILMA;34.065934065934066;3;31.40096618357488
DILMA;22.878228782287824;3;24.698795180722893
DILMA;28.651685393258425;3;38.32335329341317
DILMA;36.65689149560117;3;32.01219512195122
DILMA;34.437086092715234;3;25.0
DILMA;33.65384615384615;3;37.77777777777778
DILMA;20.3125;3;26.08695652173913
DILMA;20.361990950226243;3;39.24528301886792
DILMA;28.368794326241133;3;32.73809523809524
DILMA;32.20338983050848;3;34.02777777777778
DILMA;36.8;3;29.537366548042705
DILMA;39.42307692307692;3;20.689655172413794
DILMA;24.170616113744074;3;32.78688524590164
DILMA;16.071428571428573;3;32.35294117647059
DILMA;40.23668639053255;3;27.083333333333332
DILMA;15.294117647058824;3;42.16216216216216
DILMA;30.726256983240223;3;28.138528138528137
DILMA;21.25;3;24.137931034482758
DILMA;16.205533596837945;3;13.355048859934854
DILMA;14.163090128755364;3;16.901408450704224
DILMA;18.59504132231405;3;16.901408450704224
DILMA;20.58823529411765;3;30.743243243243242
DILMA;15.246636771300448;3;34.583333333333336
DILMA;20.081967213114755;3;15.064102564102564
DILMA;22.598870056497177;3;21.71945701357466
DILMA;30.81761006289308;3;31.555555555555557
DILMA;33.443708609271525;3;25.575447570332482
DILMA;24.770642201834864;3;20.13422818791946
DILMA;13.422818791946309;3;26.775956284153004
DILMA;18.77133105802048;3;12.67605633802817
DILMA;45.45454545454545;3;28.125
DILMA;63.095238095238095;3;37.07865168539326
DILMA;20.068027210884352;3;8.539944903581267
DILMA;31.25;3;35.61643835616438
DILMA;49.333333333333336;3;31.95876288659794
DILMA;45.714285714285715;3;26.153846153846153
DILMA;18.674698795180724;3;28.310502283105023
DILMA;25.380710659898476;3;15.352697095435685
DILMA;25.668449197860962;3;19.248826291079812
DILMA;12.949640287769784;3;18.902439024390244
DILMA;17.29106628242075;3;14.285714285714286
DILMA;18.597560975609756;3;26.881720430107528
DILMA;16.883116883116884;3;7.142857142857143
DILMA;31.52173913043478;3;21.030042918454935
DILMA;23.83419689119171;3;35.17786561264822
DILMA;18.72340425531915;3;32.0945945945946
DILMA;21.08433734939759;3;34.32835820895522
DILMA;28.37837837837838;3;28.205128205128204
DILMA;23.166023166023166;3;27.129337539432175
DILMA;18.410041841004183;3;34.36426116838488
DILMA;20.388349514563107;3;32.98245614035088
DILMA;18.0;3;23.028391167192428
DILMA;22.265625;3;20.99125364431487
DILMA;24.858757062146893;3;34.09090909090909
DILMA;18.49056603773585;3;31.952662721893493
DILMA;16.725978647686834;3;32.55813953488372
DILMA;23.728813559322035;3;22.5
DILMA;21.64179104477612;3;27.374301675977655
DILMA;19.747899159663866;3;23.028391167192428
DILMA;22.926829268292682;3;25.614035087719298
DILMA;14.201183431952662;3;26.511627906976745
DILMA;14.785992217898833;3;25.970149253731343
DILMA;23.170731707317074;3;22.885572139303484
DILMA;14.624505928853756;3;18.9873417721519
DILMA;23.076923076923077;3;17.573221757322177
DILMA;25.112107623318387;3;25.09090909090909
DILMA;16.05504587155963;3;19.9288256227758
DILMA;24.102564102564102;3;31.73431734317343
DILMA;21.58273381294964;3;35.869565217391305
DILMA;24.496644295302012;3;27.22772277227723
DILMA;22.325581395348838;3;22.344322344322343
DILMA;22.127659574468087;3;26.804123711340207
DILMA;17.343173431734318;3;23.78640776699029
DILMA;21.54696132596685;3;14.155251141552512
DILMA;17.94871794871795;3;20.454545454545453
DILMA;16.939890710382514;3;19.81566820276498
DILMA;21.708185053380785;3;24.880382775119617
DILMA;21.55688622754491;3;23.762376237623762
DILMA;14.84375;3;12.5
DILMA;18.99441340782123;3;12.55813953488372
DILMA;27.93522267206478;3;35.25835866261398
DILMA;25.210084033613445;3;37.63066202090592
DILMA;19.08713692946058;3;20.422535211267604
DILMA;18.88888888888889;3;17.12962962962963
DILMA;30.90909090909091;3;32.73381294964029
DILMA;21.140939597315437;3;27.727272727272727
DILMA;15.2;3;30.434782608695652
DILMA;37.6;3;35.18518518518518
DILMA;14.166666666666666;3;17.586206896551722
DILMA;17.78846153846154;3;20.74074074074074
DILMA;23.03370786516854;3;23.744292237442924
DILMA;31.40495867768595;3;34.355828220858896
DILMA;23.195876288659793;3;22.689075630252102
DILMA;13.186813186813186;3;31.77570093457944
DILMA;38.497652582159624;3;27.540983606557376
DILMA;23.004694835680752;3;20.37037037037037
DILMA;28.125;3;17.674418604651162
DILMA;17.272727272727273;3;17.73049645390071
DILMA;37.55458515283843;3;27.333333333333332
DILMA;30.48780487804878;3;40.60606060606061
DILMA;35.51401869158879;3;40.0
DILMA;27.155172413793103;3;17.94871794871795
DILMA;34.70319634703196;3;29.702970297029704
DILMA;18.46846846846847;3;16.140350877192983
DILMA;18.303571428571427;3;19.718309859154928
DILMA;35.094339622641506;3;36.74698795180723
DILMA;29.775280898876403;3;35.064935064935064
DILMA;37.11790393013101;3;42.03389830508475
DILMA;21.428571428571427;3;42.290748898678416
DILMA;19.54022988505747;3;15.605095541401274
DILMA;32.30769230769231;3;37.5
DILMA;36.75675675675676;3;32.751091703056765
DILMA;28.735632183908045;3;36.7003367003367
DILMA;25.0;3;19.82758620689655
DILMA;21.311475409836067;3;27.419354838709676
DILMA;23.056300268096514;3;33.65617433414044
DILMA;26.099706744868037;3;31.33514986376022
DILMA;13.066666666666666;3;41.23456790123457
DILMA;17.17948717948718;3;32.426303854875286
DILMA;16.949152542372882;3;32.59911894273128
DILMA;19.55922865013774;3;28.244274809160306
DILMA;19.060773480662984;3;30.90452261306533
DILMA;21.35135135135135;3;28.571428571428573
DILMA;17.557251908396946;3;28.695652173913043
DILMA;14.722222222222221;3;42.63157894736842
DILMA;14.663461538461538;3;36.48351648351648
DILMA;33.11258278145695;3;33.23353293413174
DILMA;35.46099290780142;3;33.5243553008596
DILMA;25.24590163934426;3;29.6028880866426
DILMA;22.429906542056074;3;27.700831024930746
DILMA;17.741935483870968;3;27.808988764044944
DILMA;20.87227414330218;3;23.577235772357724
DILMA;19.814241486068113;3;27.272727272727273
DILMA;16.86390532544379;3;40.05305039787798
DILMA;15.633423180592992;3;41.1764705882353
DILMA;18.75;3;39.24731182795699
DILMA;26.37795275590551;3;26.501766784452297
DILMA;17.263843648208468;3;31.987577639751553
DILMA;16.541353383458645;3;32.95964125560538
DILMA;15.223880597014926;3;30.494505494505493
DILMA;24.444444444444443;3;25.633802816901408
DILMA;17.56756756756757;3;32.25806451612903
DILMA;24.390243902439025;3;30.532212885154063
DILMA;18.635170603674542;3;37.01923076923077
DILMA;20.098039215686274;3;33.93665158371041
DILMA;13.136729222520108;3;35.1219512195122
DILMA;30.76923076923077;3;25.806451612903224
DILMA;16.032608695652176;3;39.35643564356435
DILMA;35.687732342007436;3;32.9512893982808
DILMA;22.22222222222222;3;27.397260273972602
DILMA;18.229166666666668;3;32.28915662650602
DILMA;12.874251497005988;3;30.27027027027027
DILMA;10.975609756097562;3;31.78082191780822
DILMA;29.166666666666668;3;20.087336244541486
DILMA;26.48221343873518;3;20.284697508896798
DILMA;12.537313432835822;3;30.16304347826087
DILMA;14.444444444444445;3;25.0
DILMA;15.384615384615385;3;37.46478873239437
DILMA;21.85929648241206;3;31.292517006802722
DILMA;22.424242424242426;3;24.233983286908078
DILMA;17.771084337349397;3;32.87292817679558
DILMA;19.25133689839572;3;34.38256658595642
DILMA;15.365239294710328;3;32.207207207207205
DILMA;21.661721068249257;3;28.53185595567867
DILMA;12.668463611859838;3;32.418952618453865
DILMA;12.288135593220339;3;39.70037453183521
DILMA;12.953367875647668;3;35.36299765807963
DILMA;10.893854748603353;3;35.18518518518518
DILMA;18.92744479495268;3;41.040462427745666
DILMA;11.722488038277511;3;33.48115299334812
DILMA;12.16931216931217;3;34.80392156862745
DILMA;10.344827586206897;3;37.41258741258741
DILMA;15.864022662889518;3;23.733333333333334
DILMA;14.429530201342281;3;37.46312684365782
DILMA;13.414634146341463;3;41.01123595505618
DILMA;15.254237288135593;3;26.498422712933753
DILMA;21.428571428571427;3;26.688102893890676
DILMA;17.478510028653297;3;27.506426735218508
DILMA;15.662650602409638;3;33.60433604336043
DILMA;21.40921409214092;3;29.954954954954953
DILMA;31.715210355987054;3;20.11661807580175
DILMA;35.256410256410255;3;18.98148148148148
DILMA;19.430051813471504;3;31.991051454138702
DILMA;34.163701067615655;3;29.96941896024465
DILMA;19.34426229508197;3;26.363636363636363
DILMA;18.560606060606062;3;34.2560553633218
DILMA;14.044943820224718;3;25.721784776902886
DILMA;15.0;3;24.871794871794872
DILMA;9.67741935483871;3;6.666666666666667
DILMA;18.282548476454295;3;29.901960784313726
DILMA;14.42080378250591;3;25.217391304347824
DILMA;17.92717086834734;3;28.391959798994975
DILMA;17.768595041322314;3;34.21052631578947
DILMA;15.263157894736842;3;29.63855421686747
DILMA;11.528150134048257;3;33.014354066985646
DILMA;10.824742268041238;3;34.2789598108747
DILMA;20.0;3;24.766355140186917
DILMA;10.060975609756097;3;23.529411764705884
DILMA;14.084507042253522;3;37.27959697732997
DILMA;13.941018766756033;3;35.78431372549019
DILMA;12.094395280235988;3;26.301369863013697
DILMA;43.542435424354245;3;28.36676217765043
DILMA;14.322250639386189;3;32.66219239373602
DILMA;13.872832369942197;3;28.282828282828284
DILMA;18.322981366459626;3;26.345609065155806
DILMA;26.068376068376068;3;18.45018450184502
DILMA;13.803680981595091;3;33.513513513513516
DILMA;16.844919786096256;3;27.25060827250608
DILMA;19.565217391304348;3;22.794117647058822
DILMA;23.463687150837988;3;36.56716417910448
DILMA;14.322916666666666;3;23.97094430992736
DILMA;28.72340425531915;3;22.5609756097561
DILMA;21.21212121212121;3;20.88235294117647
DILMA;16.40378548895899;3;24.07932011331445
DILMA;21.076233183856502;3;29.296875
DILMA;15.934065934065934;3;16.195372750642672
DILMA;22.15568862275449;3;25.543478260869566
DILMA;14.361702127659575;3;21.41119221411192
DILMA;16.71641791044776;3;24.054054054054053
DILMA;13.6;3;30.317848410757946
DILMA;30.827067669172934;3;41.156462585034014
DILMA;11.241217798594848;3;40.56399132321041
DILMA;39.3574297188755;3;21.62162162162162
DILMA;25.19083969465649;3;35.84905660377358
DILMA;25.0;3;25.722543352601157
DILMA;12.011173184357542;3;31.604938271604937
DILMA;14.921465968586388;3;23.26139088729017
DILMA;11.26005361930295;3;28.90995260663507
DILMA;18.87905604719764;3;18.703241895261847
DILMA;13.221153846153847;3;27.789934354485776
DILMA;31.1864406779661;3;29.912023460410555
DILMA;15.864022662889518;3;28.354430379746834
DILMA;17.153284671532848;3;45.833333333333336
DILMA;13.157894736842104;3;21.791767554479417
DILMA;16.08040201005025;3;23.214285714285715
DILMA;22.55639097744361;3;21.9435736677116
DILMA;44.72573839662447;3;29.26829268292683
DILMA;13.648293963254593;3;35.43123543123543
DILMA;13.852813852813853;3;30.337078651685392
DILMA;20.34383954154728;3;26.902173913043477
DILMA;24.624624624624623;3;32.24932249322493
DILMA;12.652068126520682;3;25.0
DILMA;12.430939226519337;3;31.527093596059114
DILMA;12.595419847328245;3;43.50877192982456
DILMA;19.310344827586206;3;20.253164556962027
DILMA;15.517241379310345;3;26.683291770573565
DILMA;18.345323741007196;3;21.498371335504885
DILMA;17.269076305220885;3;32.075471698113205
DILMA;11.023622047244094;3;34.96503496503497
DILMA;15.0997150997151;3;21.82741116751269
DILMA;32.0;3;35.311572700296736
DILMA;21.05263157894737;3;17.5
DILMA;18.233618233618234;3;32.34567901234568
DILMA;53.37837837837838;3;20.481927710843372
DILMA;14.285714285714286;3;25.36231884057971
DILMA;15.819209039548022;3;29.949238578680202
DILMA;17.515923566878982;3;22.641509433962263
DILMA;13.58695652173913;3;14.93212669683258
DILMA;24.698795180722893;3;24.378109452736318
DILMA;15.025906735751295;3;24.025974025974026
DILMA;14.887640449438202;3;31.413612565445025
DILMA;14.594594594594595;3;32.34567901234568
DILMA;24.770642201834864;3;29.921259842519685
DILMA;25.0814332247557;3;16.53543307086614
DILMA;39.50617283950617;3;28.8659793814433
DILMA;15.536723163841808;3;29.0
DILMA;14.545454545454545;3;22.513089005235603
DILMA;16.292134831460675;3;27.160493827160494
DILMA;21.406727828746178;3;24.736842105263158
DILMA;19.333333333333332;3;29.26829268292683
DILMA;31.40495867768595;3;18.181818181818183
DILMA;15.217391304347826;3;34.22330097087379
DILMA;17.819148936170212;3;25.05307855626327
DILMA;24.47129909365559;3;17.875647668393782
DILMA;16.455696202531644;3;30.32967032967033
DILMA;24.04092071611253;3;24.061810154525386
DILMA;13.51981351981352;3;34.738955823293175
DILMA;26.903553299492387;3;24.279835390946502
DILMA;10.48951048951049;3;30.275229357798164
DILMA;17.884130982367758;3;25.502008032128515
DILMA;35.625;3;25.12562814070352
DILMA;15.633423180592992;3;33.57843137254902
DILMA;19.047619047619047;3;30.0
DILMA;16.95906432748538;3;25.188916876574307
DILMA;31.496062992125985;3;35.87786259541985
DILMA;12.612612612612613;3;32.99748110831234
DILMA;9.090909090909092;3;44.25
DILMA;27.058823529411764;3;28.72340425531915
DILMA;15.021459227467812;3;31.297709923664122
DILMA;17.391304347826086;3;29.144385026737968
DILMA;15.536723163841808;3;27.707808564231737
DILMA;14.47721179624665;3;37.65281173594132
DILMA;33.587786259541986;3;16.56441717791411
DILMA;11.694510739856803;3;28.772635814889338
DILMA;20.155038759689923;3;19.871794871794872
DILMA;19.696969696969695;3;16.120906801007557
DILMA;21.62162162162162;3;19.53125
DILMA;40.0;3;37.956204379562045
DILMA;12.99638989169675;3;42.94871794871795
DILMA;10.9375;3;36.607142857142854
DILMA;14.018691588785046;3;35.43307086614173
DILMA;14.473684210526315;3;18.39080459770115
DILMA;14.285714285714286;3;23.68421052631579
DILMA;12.698412698412698;3;38.60294117647059
DILMA;29.23728813559322;3;31.73431734317343
DILMA;19.19191919191919;3;30.357142857142858
DILMA;16.08040201005025;3;36.46288209606987
DILMA;17.452830188679247;3;43.43891402714932
DILMA;15.706806282722512;3;36.53846153846154
DILMA;13.744075829383887;3;36.866359447004605
DILMA;16.486486486486488;3;33.74083129584352
DILMA;14.516129032258064;3;34.20289855072464
DILMA;17.05685618729097;3;30.72463768115942
DILMA;17.034700315457414;3;30.057803468208093
DILMA;20.74074074074074;3;38.888888888888886
DILMA;29.365079365079364;3;24.555160142348754
DILMA;13.375796178343949;3;43.75
DILMA;12.580645161290322;3;33.23699421965318
DILMA;17.174515235457065;3;42.64264264264264
DILMA;17.452830188679247;3;38.52813852813853
DILMA;13.043478260869565;3;48.26086956521739
DILMA;15.774647887323944;3;44.85294117647059
DILMA;15.300546448087431;3;44.33734939759036
DILMA;18.03713527851459;3;41.21951219512195
DILMA;13.609467455621301;3;49.21465968586387
DILMA;22.941176470588236;3;47.027027027027025
DILMA;29.2;3;33.088235294117645
DILMA;23.25581395348837;3;27.956989247311828
DILMA;18.61198738170347;3;31.72043010752688
DILMA;21.451104100946374;3;26.229508196721312
DILMA;22.897196261682243;3;28.571428571428573
DILMA;19.838056680161944;3;34.42028985507246
DILMA;20.622568093385215;3;33.80281690140845
DILMA;23.42007434944238;3;31.08108108108108
DILMA;22.56809338521401;3;34.98233215547703
DILMA;18.13953488372093;3;48.92086330935252
DILMA;22.265625;3;28.6231884057971
DILMA;13.52112676056338;3;35.25
DILMA;14.16184971098266;3;30.5
DILMA;10.422535211267606;3;35.0
DILMA;21.068249258160236;3;34.530386740331494
DILMA;17.52577319587629;3;42.35294117647059
DILMA;13.520408163265307;3;33.88235294117647
DILMA;18.205128205128204;3;40.09324009324009
DILMA;10.755813953488373;3;34.85254691689008
DILMA;16.57608695652174;3;35.02415458937198
DILMA;16.445623342175065;3;36.34146341463415
DILMA;29.71698113207547;3;25.0
DILMA;14.19939577039275;3;42.81609195402299
DILMA;14.12639405204461;3;37.06293706293706
DILMA;15.555555555555555;3;43.624161073825505
DILMA;13.058419243986254;3;40.32786885245902
DILMA;19.23076923076923;3;47.31182795698925
DILMA;13.358778625954198;3;45.55160142348755
DILMA;17.15210355987055;3;39.1044776119403
DILMA;22.044728434504794;3;32.848837209302324
DILMA;18.91891891891892;3;28.211586901763223
DILMA;16.721311475409838;3;34.023668639053255
DILMA;26.52173913043478;3;24.53531598513011
DILMA;21.91780821917808;3;26.91131498470948
DILMA;17.647058823529413;3;37.88819875776397
DILMA;16.107382550335572;3;41.76829268292683
DILMA;13.201320132013201;3;37.46223564954683
DILMA;11.186440677966102;3;43.8871473354232
DILMA;31.59722222222222;3;31.661442006269592
DILMA;11.748633879781421;3;38.49878934624697
DILMA;19.68503937007874;3;28.348214285714285
DILMA;19.346049046321525;3;32.36607142857143
DILMA;14.814814814814815;3;35.36036036036036
DILMA;33.50253807106599;3;24.786324786324787
DILMA;13.404825737265416;3;39.35643564356435
DILMA;12.182741116751268;3;38.983050847457626
DILMA;16.422287390029325;3;39.257294429708224
DILMA;19.65811965811966;3;31.8407960199005
DILMA;16.42651296829971;3;28.395061728395063
DILMA;15.342465753424657;3;33.734939759036145
DILMA;17.073170731707318;3;28.055555555555557
DILMA;16.666666666666668;3;38.764044943820224
DILMA;16.890080428954423;3;33.89021479713604
DILMA;22.802197802197803;3;28.14645308924485
