DILMA;25.510204081632654;4;51.17370892018779
DILMA;19.196428571428573;4;47.69874476987448
DILMA;20.833333333333332;4;55.94202898550725
DILMA;20.063694267515924;4;56.73352435530086
DILMA;16.363636363636363;4;38.52459016393443
DILMA;22.274881516587676;4;42.3728813559322
DILMA;17.171717171717173;4;53.95348837209303
DILMA;17.791411042944784;4;52.22222222222222
DILMA;21.558441558441558;4;56.49038461538461
DILMA;16.75392670157068;4;53.771289537712896
DILMA;19.047619047619047;4;55.343511450381676
DILMA;26.495726495726494;4;50.56603773584906
DILMA;27.272727272727273;4;55.248618784530386
DILMA;18.42105263157895;4;60.093896713615024
DILMA;22.362869198312236;4;52.592592592592595
DILMA;13.503649635036496;4;55.445544554455445
DILMA;17.098445595854923;4;45.283018867924525
DILMA;23.497267759562842;4;44.6078431372549
DILMA;24.15730337078652;4;49.75124378109453
DILMA;17.41741741741742;4;54.166666666666664
DILMA;17.333333333333332;4;48.63636363636363
DILMA;14.347826086956522;4;54.435483870967744
DILMA;25.980392156862745;4;51.09170305676856
DILMA;27.027027027027028;4;52.5
DILMA;17.435897435897434;4;52.88683602771363
DILMA;20.408163265306122;4;54.357798165137616
DILMA;16.071428571428573;4;48.85321100917431
DILMA;20.388349514563107;4;46.05263157894737
DILMA;18.613138686131386;4;55.629139072847686
DILMA;16.883116883116884;4;49.40828402366864
DILMA;22.68041237113402;4;50.0
DILMA;19.306930693069308;4;51.351351351351354
DILMA;20.574162679425836;4;58.3710407239819
DILMA;24.770642201834864;4;48.167539267015705
DILMA;28.91156462585034;4;44.44444444444444
DILMA;22.916666666666668;4;52.48868778280543
DILMA;17.933130699088146;4;48.924731182795696
DILMA;17.934782608695652;4;52.38095238095238
DILMA;19.672131147540984;4;47.72036474164134
DILMA;21.51394422310757;4;52.76752767527675
DILMA;14.423076923076923;4;47.08520179372197
DILMA;17.307692307692307;4;48.86363636363637
DILMA;21.066666666666666;4;51.97215777262181
DILMA;24.415584415584416;4;53.258426966292134
DILMA;22.22222222222222;4;53.96825396825397
DILMA;16.526610644257705;4;54.2713567839196
DILMA;17.081850533807827;4;55.14950166112957
DILMA;17.008797653958943;4;52.36842105263158
DILMA;16.095890410958905;4;56.358381502890175
DILMA;17.22689075630252;4;50.352112676056336
DILMA;17.117117117117118;4;50.78534031413613
DILMA;14.418604651162791;4;56.053811659192824
DILMA;17.131474103585656;4;52.205882352941174
DILMA;16.145833333333332;4;53.84615384615385
DILMA;19.877675840978593;4;58.485639686684074
DILMA;17.12707182320442;4;48.67724867724868
DILMA;14.285714285714286;4;47.97687861271676
DILMA;20.975609756097562;4;49.76958525345622
DILMA;21.55388471177945;4;53.65853658536585
DILMA;19.895287958115183;4;53.73831775700935
DILMA;21.18380062305296;4;51.1764705882353
DILMA;18.507462686567163;4;57.519788918205805
DILMA;14.423076923076923;4;47.391304347826086
DILMA;20.72829131652661;4;54.95049504950495
DILMA;21.13095238095238;4;60.89385474860335
DILMA;18.13953488372093;4;60.17316017316017
DILMA;12.600536193029491;4;58.064516129032256
DILMA;21.818181818181817;4;52.722063037249285
DILMA;22.3433242506812;4;53.7037037037037
DILMA;19.81566820276498;4;47.43589743589744
DILMA;20.39660056657224;4;57.07070707070707
DILMA;22.083333333333332;4;59.05511811023622
DILMA;23.497267759562842;4;52.0
DILMA;18.34061135371179;4;49.6
DILMA;16.097560975609756;4;47.96747967479675
DILMA;23.206751054852322;4;48.888888888888886
DILMA;14.537444933920705;4;55.32786885245902
DILMA;22.83653846153846;4;50.64935064935065
DILMA;19.93127147766323;4;50.2906976744186
DILMA;19.714285714285715;4;54.8469387755102
DILMA;13.454545454545455;4;53.17725752508361
DILMA;18.99441340782123;4;51.23152709359606
DILMA;16.161616161616163;4;44.67455621301775
DILMA;15.929203539823009;4;46.963562753036435
DILMA;18.617021276595743;4;52.4390243902439
DILMA;16.955017301038062;4;54.518950437317784
DILMA;19.672131147540984;4;58.8235294117647
DILMA;17.67676767676768;4;50.0
DILMA;24.86631016042781;4;53.63636363636363
DILMA;20.218579234972676;4;54.27927927927928
DILMA;16.402116402116402;4;50.45454545454545
DILMA;17.21518987341772;4;51.10132158590309
DILMA;19.25;4;49.77777777777778
DILMA;17.70186335403727;4;51.70454545454545
DILMA;16.091954022988507;4;56.41025641025641
DILMA;19.74921630094044;4;48.857142857142854
DILMA;13.526570048309178;4;50.0
DILMA;18.911174785100286;4;56.91906005221932
DILMA;16.886543535620053;4;51.50812064965197
DILMA;15.97938144329897;4;57.89473684210526
DILMA;21.631205673758867;4;58.75
DILMA;22.71386430678466;4;53.29815303430079
DILMA;28.26086956521739;4;51.81818181818182
DILMA;15.53133514986376;4;52.96803652968037
DILMA;16.50793650793651;4;52.34159779614325
DILMA;20.0;4;58.80893300248139
DILMA;17.36842105263158;4;51.79372197309417
DILMA;14.864864864864865;4;51.92743764172336
DILMA;16.034985422740526;4;51.688311688311686
DILMA;18.681318681318682;4;46.517412935323385
DILMA;21.11111111111111;4;55.14705882352941
DILMA;15.856777493606138;4;57.268722466960355
DILMA;30.346820809248555;4;50.93333333333333
DILMA;15.584415584415584;4;51.126126126126124
DILMA;15.492957746478874;4;51.55440414507772
DILMA;19.261213720316622;4;52.00892857142857
DILMA;13.577023498694517;4;51.5695067264574
DILMA;14.24731182795699;4;54.81651376146789
DILMA;18.351063829787233;4;55.58139534883721
DILMA;16.129032258064516;4;56.36363636363637
DILMA;29.081632653061224;4;57.268722466960355
DILMA;19.756838905775076;4;55.67567567567568
DILMA;15.601023017902813;4;54.17607223476298
DILMA;17.251461988304094;4;60.15625
DILMA;23.14814814814815;4;53.97260273972603
DILMA;22.53968253968254;4;51.776649746192895
DILMA;32.20338983050848;4;45.12987012987013
DILMA;18.627450980392158;4;49.56268221574344
DILMA;22.352941176470587;4;48.98989898989899
DILMA;17.91530944625407;4;51.4367816091954
DILMA;21.717171717171716;4;55.65217391304348
DILMA;12.565445026178011;4;53.98633257403189
DILMA;24.345549738219894;4;53.02013422818792
DILMA;16.554054054054053;4;52.252252252252255
DILMA;21.31979695431472;4;50.76252723311547
DILMA;16.623376623376622;4;54.80984340044743
DILMA;15.856777493606138;4;51.94508009153318
DILMA;17.933130699088146;4;49.36061381074169
DILMA;17.105263157894736;4;50.55679287305122
DILMA;14.790996784565916;4;55.80736543909349
DILMA;20.157068062827225;4;54.831460674157306
DILMA;32.947976878612714;4;47.05882352941177
DILMA;18.068535825545172;4;53.86666666666667
DILMA;17.662337662337663;4;50.11135857461024
DILMA;16.853932584269664;4;52.37020316027088
DILMA;17.56756756756757;4;55.50122249388753
DILMA;16.778523489932887;4;55.294117647058826
DILMA;15.877437325905293;4;51.82648401826484
DILMA;10.909090909090908;4;52.11581291759465
DILMA;16.56441717791411;4;54.973821989528794
DILMA;16.358839050131927;4;54.831460674157306
DILMA;20.0;4;64.1025641025641
DILMA;20.54054054054054;4;48.95591647331786
DILMA;28.83211678832117;4;51.42857142857143
DILMA;25.55205047318612;4;58.047493403693935
DILMA;16.822429906542055;4;57.82122905027933
DILMA;21.329639889196677;4;51.0250569476082
DILMA;18.674698795180724;4;52.92620865139949
DILMA;21.05263157894737;4;51.45413870246085
DILMA;17.94871794871795;4;56.74603174603175
DILMA;21.0727969348659;4;47.36842105263158
DILMA;21.73913043478261;4;52.083333333333336
DILMA;22.10242587601078;4;52.92887029288703
DILMA;20.66115702479339;4;59.38242280285036
DILMA;20.30075187969925;4;59.63855421686747
DILMA;22.392638036809817;4;60.60606060606061
DILMA;18.932038834951456;4;54.32098765432099
DILMA;14.245014245014245;4;48.0
DILMA;17.757009345794394;4;41.726618705035975
DILMA;19.014084507042252;4;58.75251509054326
DILMA;20.384615384615383;4;47.2027972027972
DILMA;19.911504424778762;4;43.442622950819676
DILMA;22.857142857142858;4;62.913907284768214
DILMA;17.066666666666666;4;56.433408577878104
DILMA;15.894039735099337;4;46.98795180722892
DILMA;20.597014925373134;4;57.59162303664922
DILMA;23.80952380952381;4;63.47826086956522
DILMA;16.176470588235293;4;52.00803212851405
DILMA;19.047619047619047;4;48.79032258064516
DILMA;22.84263959390863;4;48.63813229571984
DILMA;15.267175572519085;4;48.75
DILMA;19.157088122605366;4;49.693251533742334
DILMA;18.385650224215247;4;45.90163934426229
DILMA;15.596330275229358;4;53.17460317460318
DILMA;16.666666666666668;4;43.02325581395349
DILMA;20.307692307692307;4;52.94117647058823
DILMA;16.53543307086614;4;54.948805460750854
DILMA;20.14388489208633;4;57.05128205128205
DILMA;23.529411764705884;4;55.016181229773466
DILMA;20.714285714285715;4;52.715654952076676
DILMA;20.072992700729927;4;49.19614147909968
DILMA;16.990291262135923;4;44.827586206896555
DILMA;22.105263157894736;4;53.164556962025316
DILMA;21.717171717171716;4;47.19101123595506
DILMA;16.071428571428573;4;51.91489361702128
DILMA;19.90950226244344;4;52.4390243902439
DILMA;18.226600985221676;4;57.9646017699115
DILMA;16.666666666666668;4;51.056338028169016
DILMA;19.047619047619047;4;49.21465968586387
DILMA;16.207951070336392;4;51.22615803814714
DILMA;15.223880597014926;4;51.44356955380577
DILMA;21.533923303834808;4;55.25
DILMA;19.213973799126638;4;57.976653696498055
DILMA;26.08695652173913;4;56.91699604743083
DILMA;22.594142259414227;4;60.61776061776062
DILMA;21.57676348547718;4;43.47826086956522
DILMA;17.180616740088105;4;52.75590551181102
DILMA;13.973799126637555;4;53.10077519379845
DILMA;20.62780269058296;4;54.04255319148936
DILMA;19.289340101522843;4;52.252252252252255
DILMA;17.48633879781421;4;56.8075117370892
DILMA;21.02803738317757;4;55.744680851063826
DILMA;22.4390243902439;4;57.64192139737991
DILMA;18.4;4;52.91970802919708
DILMA;42.435424354243544;4;43.20652173913044
DILMA;27.868852459016395;4;50.224215246636774
DILMA;18.13031161473088;4;57.6530612244898
DILMA;16.939890710382514;4;48.743718592964825
DILMA;20.218579234972676;4;55.72139303482587
DILMA;17.97752808988764;4;61.5
DILMA;17.679558011049725;4;58.94736842105263
DILMA;17.587939698492463;4;56.8421052631579
DILMA;15.044247787610619;4;55.70652173913044
DILMA;12.852664576802507;4;54.98575498575499
DILMA;16.614420062695924;4;55.15320334261838
DILMA;15.819209039548022;4;52.24274406332454
DILMA;32.234432234432234;4;43.768115942028984
DILMA;14.5;4;52.91479820627803
DILMA;12.0;4;51.336898395721924
DILMA;46.236559139784944;4;52.27963525835866
DILMA;27.531645569620252;4;51.93370165745856
DILMA;28.37837837837838;4;52.69461077844311
DILMA;18.045112781954888;4;56.62921348314607
DILMA;15.71072319201995;4;57.62331838565022
DILMA;14.855072463768115;4;50.0
DILMA;14.603174603174603;4;50.14577259475219
DILMA;10.526315789473685;4;55.45023696682465
DILMA;27.697841726618705;4;48.08259587020649
DILMA;23.61516034985423;4;45.93908629441624
DILMA;13.897280966767372;4;54.91803278688525
DILMA;16.120906801007557;4;57.46102449888642
DILMA;47.766323024054984;4;45.08196721311475
DILMA;29.714285714285715;4;44.76190476190476
DILMA;11.046511627906977;4;52.16216216216216
DILMA;12.844036697247706;4;56.111111111111114
DILMA;28.859060402684563;4;44.51219512195122
DILMA;27.946127946127945;4;51.88405797101449
DILMA;36.22047244094488;4;42.394822006472495
DILMA;27.796610169491526;4;41.83381088825215
DILMA;10.606060606060606;4;54.36619718309859
DILMA;35.49488054607509;4;50.578034682080926
DILMA;11.910669975186105;4;52.993348115299334
DILMA;17.478510028653297;4;55.91939546599496
DILMA;22.023809523809526;4;49.54545454545455
DILMA;12.181303116147308;4;54.200542005420054
DILMA;9.480122324159021;4;53.73961218836565
DILMA;16.91842900302115;4;49.30362116991643
DILMA;13.86861313868613;4;51.0
DILMA;13.119533527696793;4;57.22070844686648
DILMA;66.53543307086615;4;45.76271186440678
DILMA;14.137931034482758;4;56.86900958466454
DILMA;12.647058823529411;4;56.30026809651474
DILMA;13.10344827586207;4;52.243589743589745
DILMA;16.70886075949367;4;56.46258503401361
DILMA;19.71014492753623;4;53.18066157760814
DILMA;25.668449197860962;4;55.93607305936073
DILMA;15.652173913043478;4;52.33160621761658
DILMA;17.647058823529413;4;58.88324873096447
DILMA;12.864077669902912;4;56.502242152466366
DILMA;9.06515580736544;4;56.02094240837696
DILMA;13.333333333333334;4;49.33774834437086
DILMA;13.178294573643411;4;51.8018018018018
DILMA;29.36802973977695;4;51.75438596491228
DILMA;13.135593220338983;4;57.976653696498055
DILMA;16.615384615384617;4;57.58426966292135
DILMA;12.27621483375959;4;52.66821345707657
DILMA;13.128491620111731;4;55.10204081632653
DILMA;20.858895705521473;4;48.05555555555556
DILMA;10.199004975124378;4;52.42290748898679
DILMA;40.51094890510949;4;47.41641337386018
DILMA;10.662824207492795;4;51.15681233933162
DILMA;14.661654135338345;4;53.355704697986575
DILMA;29.807692307692307;4;48.333333333333336
DILMA;18.823529411764707;4;59.09090909090909
DILMA;28.333333333333332;4;41.29213483146067
DILMA;10.526315789473685;4;55.58375634517766
DILMA;14.540816326530612;4;51.8018018018018
DILMA;15.776081424936386;4;59.95475113122172
DILMA;14.857142857142858;4;49.48717948717949
DILMA;11.073825503355705;4;51.02040816326531
DILMA;13.506493506493506;4;55.50561797752809
DILMA;17.934782608695652;4;51.21951219512195
DILMA;11.042944785276074;4;54.016620498614955
DILMA;16.38888888888889;4;53.045685279187815
DILMA;13.170731707317072;4;57.88288288288288
DILMA;17.45562130177515;4;53.16804407713499
DILMA;21.188630490956072;4;58.333333333333336
DILMA;10.429447852760736;4;57.608695652173914
DILMA;10.204081632653061;4;53.626943005181346
DILMA;13.300492610837438;4;51.47392290249433
DILMA;35.483870967741936;4;45.42483660130719
DILMA;15.217391304347826;4;53.74449339207048
DILMA;15.168539325842696;4;55.05050505050505
DILMA;21.119592875318066;4;55.70469798657718
DILMA;12.280701754385966;4;60.981308411214954
DILMA;13.28125;4;59.111111111111114
DILMA;16.86046511627907;4;57.142857142857146
DILMA;18.289085545722713;4;51.53846153846154
DILMA;12.436548223350254;4;52.690582959641254
DILMA;11.029411764705882;4;55.21885521885522
DILMA;15.895953757225433;4;54.40414507772021
DILMA;21.03448275862069;4;57.50798722044728
DILMA;10.909090909090908;4;53.6388140161725
DILMA;17.404129793510325;4;56.08465608465608
DILMA;14.110429447852761;4;59.61538461538461
DILMA;29.15129151291513;4;54.06976744186046
DILMA;14.779874213836479;4;56.0
DILMA;18.91025641025641;4;55.75221238938053
DILMA;12.222222222222221;4;56.372549019607845
DILMA;16.164383561643834;4;58.62068965517241
DILMA;25.0;4;50.552486187845304
DILMA;17.045454545454547;4;55.12820512820513
DILMA;13.399503722084367;4;53.21507760532151
DILMA;46.64179104477612;4;48.517520215633425
DILMA;14.534883720930232;4;56.544502617801044
DILMA;29.454545454545453;4;50.29761904761905
DILMA;17.59776536312849;4;58.13953488372093
DILMA;13.105413105413106;4;57.88113695090439
DILMA;11.733333333333333;4;55.29100529100529
DILMA;31.896551724137932;4;51.65562913907285
DILMA;19.29824561403509;4;16.0
DILMA;13.846153846153847;4;54.061624649859944
DILMA;13.043478260869565;4;1.3513513513513513
DILMA;13.274336283185841;4;58.83905013192612
DILMA;14.325068870523417;4;54.63917525773196
DILMA;13.68421052631579;4;63.55140186915888
DILMA;14.759036144578314;4;59.71830985915493
DILMA;12.776412776412776;4;55.257270693512304
DILMA;13.194444444444445;4;60.60606060606061
DILMA;17.58957654723127;4;59.23913043478261
DILMA;34.48275862068966;4;47.43202416918429
DILMA;19.148936170212767;4;64.73317865429235
DILMA;32.95880149812734;4;48.242811501597444
DILMA;20.05730659025788;4;52.46305418719212
DILMA;18.03713527851459;4;57.93103448275862
DILMA;14.838709677419354;4;57.35735735735736
DILMA;16.31419939577039;4;52.84552845528455
DILMA;14.882506527415144;4;51.00222717149221
DILMA;15.277777777777779;4;58.333333333333336
DILMA;18.13186813186813;4;55.69007263922518
DILMA;10.658307210031348;4;55.64971751412429
DILMA;15.0;4;60.0
DILMA;32.394366197183096;4;47.97687861271676
DILMA;17.223650385604113;4;58.83720930232558
DILMA;21.022727272727273;4;47.64150943396226
DILMA;18.181818181818183;4;56.676557863501486
DILMA;15.957446808510639;4;64.07035175879398
DILMA;15.691489361702128;4;59.909909909909906
DILMA;11.845730027548209;4;55.269320843091336
DILMA;19.946091644204852;4;51.235955056179776
DILMA;15.384615384615385;4;61.88235294117647
DILMA;14.520547945205479;4;50.72463768115942
DILMA;12.747875354107649;4;51.25
DILMA;22.22222222222222;4;57.983193277310924
DILMA;17.37704918032787;4;52.83582089552239
DILMA;15.406162464985995;4;54.716981132075475
DILMA;14.893617021276595;4;52.45478036175711
DILMA;23.36182336182336;4;55.25
DILMA;15.750915750915752;4;49.73262032085562
DILMA;12.236286919831224;4;47.27272727272727
DILMA;17.073170731707318;4;55.96330275229358
DILMA;15.568862275449101;4;61.979166666666664
DILMA;20.12578616352201;4;50.56818181818182
DILMA;18.803418803418804;4;49.66442953020134
DILMA;14.285714285714286;4;57.57575757575758
DILMA;14.50381679389313;4;55.81395348837209
DILMA;21.22905027932961;4;49.54545454545455
DILMA;13.333333333333334;4;63.333333333333336
DILMA;15.384615384615385;4;51.45631067961165
DILMA;20.408163265306122;4;54.18994413407821
DILMA;17.647058823529413;4;52.824858757062145
DILMA;18.91891891891892;4;49.473684210526315
DILMA;17.91530944625407;4;53.80281690140845
DILMA;16.459627329192546;4;55.2112676056338
DILMA;13.548387096774194;4;51.445086705202314
DILMA;39.76377952755905;4;43.558282208588956
DILMA;13.80281690140845;4;51.515151515151516
DILMA;13.978494623655914;4;54.72636815920398
DILMA;21.195652173913043;4;51.5
DILMA;17.46987951807229;4;48.38709677419355
DILMA;15.789473684210526;4;50.40871934604905
DILMA;14.733542319749215;4;49.32614555256065
DILMA;9.701492537313433;4;52.508361204013376
DILMA;11.02661596958175;4;58.16326530612245
DILMA;17.428571428571427;4;56.92307692307692
DILMA;16.80911680911681;4;58.524173027989825
DILMA;40.225563909774436;4;37.993920972644375
DILMA;8.55457227138643;4;58.37696335078534
DILMA;16.75977653631285;4;53.1578947368421
DILMA;14.024390243902438;4;45.85635359116022
DILMA;14.805194805194805;4;54.18604651162791
DILMA;17.28723404255319;4;54.80093676814988
DILMA;18.666666666666668;4;52.093023255813954
DILMA;14.824797843665769;4;51.4218009478673
DILMA;16.182572614107883;4;53.61216730038023
DILMA;19.758064516129032;4;51.750972762645915
DILMA;14.893617021276595;4;52.851711026615966
DILMA;29.26829268292683;4;41.28440366972477
DILMA;13.66120218579235;4;54.72636815920398
DILMA;20.670391061452513;4;52.30769230769231
DILMA;14.525139664804469;4;55.729166666666664
DILMA;17.197452229299362;4;48.23529411764706
DILMA;15.451895043731778;4;54.78036175710594
DILMA;15.44943820224719;4;51.16279069767442
DILMA;18.26625386996904;4;54.061624649859944
DILMA;18.84498480243161;4;54.14364640883978
DILMA;14.285714285714286;4;53.619909502262445
DILMA;12.121212121212121;4;54.86725663716814
DILMA;36.8421052631579;4;40.93023255813954
DILMA;11.594202898550725;4;53.225806451612904
DILMA;16.573033707865168;4;56.23409669211196
DILMA;18.591549295774648;4;57.142857142857146
DILMA;18.181818181818183;4;57.10382513661202
DILMA;16.923076923076923;4;50.471698113207545
DILMA;17.112299465240643;4;58.666666666666664
DILMA;19.104477611940297;4;50.0
DILMA;19.273743016759777;4;54.47761194029851
DILMA;20.22792022792023;4;55.03685503685504
DILMA;17.045454545454547;4;48.10996563573883
DILMA;29.10958904109589;4;45.3551912568306
DILMA;13.150684931506849;4;54.659949622166245
DILMA;16.486486486486488;4;52.577319587628864
DILMA;17.052023121387283;4;51.670951156812336
DILMA;14.112903225806452;4;47.58364312267658
DILMA;13.623978201634877;4;52.825552825552826
DILMA;10.526315789473685;4;49.43396226415094
DILMA;15.725806451612904;4;45.38461538461539
DILMA;10.839160839160838;4;52.27272727272727
DILMA;12.544802867383513;4;55.10204081632653
DILMA;15.104166666666666;4;59.77777777777778
DILMA;26.440677966101696;4;47.540983606557376
DILMA;16.358839050131927;4;54.38202247191011
DILMA;15.0;4;57.17488789237668
DILMA;18.367346938775512;4;52.22222222222222
DILMA;19.52054794520548;4;56.15141955835962
DILMA;16.666666666666668;4;54.464285714285715
DILMA;11.656441717791411;4;54.7008547008547
DILMA;14.16184971098266;4;54.73145780051151
DILMA;13.994169096209912;4;52.429667519181585
DILMA;18.495297805642632;4;50.0
DILMA;29.41176470588235;4;45.32967032967033
DILMA;13.26530612244898;4;51.74825174825175
DILMA;15.656565656565656;4;53.40909090909091
DILMA;12.88659793814433;4;53.08056872037915
DILMA;27.761194029850746;4;46.788990825688074
DILMA;12.56281407035176;4;53.37837837837838
DILMA;11.380145278450364;4;49.66887417218543
DILMA;12.745098039215685;4;54.112554112554115
DILMA;10.591133004926109;4;59.151785714285715
DILMA;12.466124661246612;4;55.198019801980195
DILMA;39.63963963963964;4;50.88967971530249
DILMA;35.16949152542373;4;44.44444444444444
DILMA;34.92063492063492;4;42.38805970149254
DILMA;43.50282485875706;4;40.0
DILMA;43.111111111111114;4;44.52054794520548
DILMA;36.69724770642202;4;46.68989547038328
DILMA;44.01709401709402;4;45.848375451263536
DILMA;36.24454148471616;4;46.36678200692042
DILMA;39.473684210526315;4;46.31578947368421
DILMA;40.43478260869565;4;47.82608695652174
DILMA;37.96296296296296;4;43.05555555555556
DILMA;35.111111111111114;4;50.88967971530249
DILMA;42.731277533039645;4;47.67025089605735
DILMA;38.13953488372093;4;45.247148288973385
DILMA;42.857142857142854;4;42.91497975708502
DILMA;47.32142857142857;4;45.017182130584196
DILMA;36.21621621621622;4;44.078947368421055
DILMA;39.42307692307692;4;43.39622641509434
DILMA;38.17427385892116;4;49.83818770226537
DILMA;47.808764940239044;4;51.76470588235294
DILMA;40.09661835748792;4;44.44444444444444
DILMA;40.43478260869565;4;48.90510948905109
DILMA;40.0;4;49.290780141843975
DILMA;34.32203389830509;4;47.40484429065744
DILMA;36.986301369863014;4;45.91836734693877
DILMA;58.333333333333336;4;39.53488372093023
DILMA;82.67716535433071;4;39.02439024390244
DILMA;73.39449541284404;4;40.458015267175576
DILMA;70.71428571428571;4;44.24778761061947
DILMA;14.285714285714286;4;42.592592592592595
DILMA;45.16129032258065;4;38.8235294117647
DILMA;40.56603773584906;4;50.5338078291815
DILMA;39.34426229508197;4;58.0
DILMA;48.76543209876543;4;60.62992125984252
DILMA;43.61702127659574;4;45.4054054054054
DILMA;44.97607655502392;4;50.92936802973978
DILMA;31.756756756756758;4;49.71098265895954
DILMA;50.72463768115942;4;60.97560975609756
DILMA;57.05521472392638;4;59.375
DILMA;39.38053097345133;4;52.96052631578947
DILMA;36.563876651982376;4;52.11726384364821
DILMA;37.30769230769231;4;46.85314685314685
DILMA;37.102473498233216;4;53.58361774744027
DILMA;29.611650485436893;4;50.34722222222222
DILMA;24.025974025974026;4;50.0
DILMA;6.722689075630252;4;51.61290322580645
DILMA;50.0;4;44.67213114754098
DILMA;48.57142857142857;4;43.037974683544306
DILMA;19.375;4;51.23152709359606
DILMA;22.746781115879827;4;53.46534653465346
DILMA;35.741444866920155;4;48.5632183908046
DILMA;22.55639097744361;4;55.69620253164557
DILMA;49.18032786885246;4;42.465753424657535
DILMA;20.714285714285715;4;46.32911392405063
DILMA;25.78397212543554;4;46.984924623115575
DILMA;21.428571428571427;4;44.23592493297587
DILMA;21.245421245421245;4;47.8021978021978
DILMA;25.096525096525095;4;50.692520775623265
DILMA;21.691176470588236;4;51.800554016620495
DILMA;24.456521739130434;4;44.26229508196721
DILMA;23.295454545454547;4;43.673469387755105
DILMA;23.70689655172414;4;54.340836012861736
DILMA;24.41860465116279;4;45.664739884393065
DILMA;29.46058091286307;4;43.26923076923077
DILMA;26.956521739130434;4;53.205128205128204
DILMA;22.65625;4;45.54140127388535
DILMA;26.970954356846473;4;47.43202416918429
DILMA;30.223880597014926;4;48.8235294117647
DILMA;23.728813559322035;4;47.05882352941177
DILMA;26.35135135135135;4;50.0
DILMA;25.080385852090032;4;50.379746835443036
DILMA;24.333333333333332;4;47.05882352941177
DILMA;20.689655172413794;4;41.90981432360743
DILMA;31.203007518796994;4;49.859154929577464
DILMA;21.568627450980394;4;46.276595744680854
DILMA;28.37837837837838;4;48.78048780487805
DILMA;26.053639846743295;4;47.540983606557376
DILMA;28.928571428571427;4;53.40599455040872
DILMA;22.340425531914892;4;44.87179487179487
DILMA;21.908127208480565;4;50.38167938931298
DILMA;24.573378839590443;4;49.36061381074169
DILMA;28.8135593220339;4;45.60669456066945
DILMA;25.146198830409357;4;44.76987447698745
DILMA;28.436018957345972;4;43.10344827586207
DILMA;26.778242677824267;4;46.3768115942029
DILMA;27.31958762886598;4;48.026315789473685
DILMA;31.80327868852459;4;51.005025125628144
DILMA;33.440514469453376;4;45.7286432160804
DILMA;42.508710801393725;4;47.858942065491185
DILMA;35.85526315789474;4;46.56488549618321
DILMA;40.549828178694156;4;48.73737373737374
DILMA;36.271186440677965;4;51.01010101010101
DILMA;39.23076923076923;4;42.77777777777778
DILMA;36.462093862815884;4;44.875346260387815
DILMA;40.67796610169491;4;49.87341772151899
DILMA;26.79127725856698;4;49.87212276214834
DILMA;41.666666666666664;4;42.89340101522843
DILMA;41.355932203389834;4;42.56410256410256
DILMA;42.532467532467535;4;43.037974683544306
DILMA;26.200873362445414;4;48.888888888888886
DILMA;22.68041237113402;4;47.05882352941177
DILMA;27.40740740740741;4;46.62756598240469
DILMA;24.344569288389515;4;51.88405797101449
DILMA;18.62348178137652;4;49.554896142433236
DILMA;43.24324324324324;4;44.70198675496689
DILMA;41.666666666666664;4;42.673521850899746
DILMA;25.752508361204015;4;47.68041237113402
DILMA;35.84905660377358;4;44.95798319327731
DILMA;24.154589371980677;4;57.74647887323944
DILMA;24.257425742574256;4;50.416666666666664
DILMA;23.228346456692915;4;47.96238244514107
DILMA;24.0;4;51.75438596491228
DILMA;35.256410256410255;4;45.18828451882845
DILMA;23.694779116465863;4;58.19935691318328
DILMA;23.10924369747899;4;54.92063492063492
DILMA;23.417721518987342;4;45.45454545454545
DILMA;20.233463035019454;4;50.453172205438065
DILMA;27.309236947791163;4;50.292397660818715
DILMA;23.25581395348837;4;53.403141361256544
DILMA;29.914529914529915;4;53.355704697986575
DILMA;40.64748201438849;4;49.20634920634921
DILMA;23.076923076923077;4;45.78005115089514
DILMA;19.76284584980237;4;53.674121405750796
DILMA;24.409448818897637;4;51.265822784810126
DILMA;37.01298701298701;4;43.037974683544306
DILMA;21.363636363636363;4;49.3421052631579
DILMA;23.134328358208954;4;48.95522388059702
DILMA;28.755364806866954;4;48.717948717948715
DILMA;31.40495867768595;4;49.421965317919074
DILMA;18.75;4;54.43037974683544
DILMA;18.502202643171806;4;43.262411347517734
DILMA;29.721362229102166;4;55.02008032128514
DILMA;18.218623481781375;4;53.46820809248555
DILMA;24.056603773584907;4;51.492537313432834
DILMA;48.1981981981982;4;45.490196078431374
DILMA;32.5;4;55.61797752808989
DILMA;26.96629213483146;4;54.77031802120141
DILMA;36.13861386138614;4;51.48514851485149
DILMA;39.11290322580645;4;46.70487106017192
DILMA;27.77777777777778;4;50.95367847411444
DILMA;19.047619047619047;4;52.36220472440945
DILMA;21.804511278195488;4;50.872093023255815
DILMA;26.460481099656356;4;56.130790190735695
DILMA;21.694915254237287;4;56.11702127659574
DILMA;19.488817891373802;4;48.346055979643765
DILMA;29.677419354838708;4;60.18957345971564
DILMA;9.852216748768473;4;49.48096885813149
DILMA;5.555555555555555;4;3.8461538461538463
DILMA;46.753246753246756;4;42.52336448598131
DILMA;31.407942238267147;4;48.16901408450704
DILMA;37.903225806451616;4;53.048780487804876
DILMA;35.80246913580247;4;46.951219512195124
DILMA;51.14754098360656;4;51.047120418848166
DILMA;55.921052631578945;4;55.0531914893617
DILMA;44.97991967871486;4;49.397590361445786
DILMA;54.51807228915663;4;47.86967418546366
DILMA;33.50253807106599;4;54.0
DILMA;37.56613756613756;4;46.540880503144656
DILMA;24.91103202846975;4;54.54545454545455
DILMA;25.714285714285715;4;42.21105527638191
DILMA;28.40909090909091;4;49.787234042553195
DILMA;28.67924528301887;4;50.72463768115942
DILMA;22.175732217573223;4;49.14675767918089
DILMA;28.571428571428573;4;45.32710280373832
DILMA;49.280575539568346;4;39.40217391304348
DILMA;50.88339222614841;4;46.981627296587924
DILMA;39.548022598870055;4;48.484848484848484
DILMA;30.8411214953271;4;51.13636363636363
DILMA;39.37007874015748;4;49.746192893401016
DILMA;31.135531135531135;4;50.43988269794721
DILMA;28.15884476534296;4;51.83098591549296
DILMA;28.35820895522388;4;50.279329608938546
DILMA;35.678391959798994;4;44.252873563218394
DILMA;30.76923076923077;4;49.0
DILMA;31.65137614678899;4;55.0
DILMA;45.76271186440678;4;49.19786096256684
DILMA;32.89473684210526;4;44.827586206896555
DILMA;32.56704980842912;4;52.80898876404494
DILMA;32.377049180327866;4;52.525252525252526
DILMA;30.0;4;48.34710743801653
DILMA;50.34722222222222;4;50.0
DILMA;34.69387755102041;4;46.18320610687023
DILMA;30.47945205479452;4;51.566951566951566
DILMA;36.206896551724135;4;50.0
DILMA;27.480916030534353;4;54.629629629629626
DILMA;26.976744186046513;4;46.3768115942029
DILMA;37.827715355805246;4;57.262569832402235
DILMA;46.09665427509294;4;48.54111405835544
DILMA;46.22641509433962;4;49.34640522875817
DILMA;50.0;4;51.92878338278932
DILMA;37.74834437086093;4;40.458015267175576
DILMA;48.63013698630137;4;42.25721784776903
DILMA;45.55160142348755;4;44.04145077720207
DILMA;54.13793103448276;4;51.05820105820106
DILMA;36.633663366336634;4;45.51724137931034
DILMA;35.22727272727273;4;48.346055979643765
DILMA;36.597938144329895;4;46.97508896797153
DILMA;32.870370370370374;4;50.0
DILMA;55.79710144927536;4;42.10526315789474
DILMA;42.016806722689076;4;52.0
DILMA;43.1438127090301;4;48.73096446700507
DILMA;29.365079365079364;4;48.75
DILMA;25.503355704697988;4;50.666666666666664
DILMA;32.6271186440678;4;53.1986531986532
DILMA;29.515418502202643;4;44.6875
DILMA;29.6875;4;46.246246246246244
DILMA;38.22393822393823;4;49.671052631578945
DILMA;47.69230769230769;4;46.08294930875576
DILMA;52.84280936454849;4;48.302872062663184
DILMA;48.18652849740933;4;45.55555555555556
DILMA;40.95238095238095;4;43.70629370629371
DILMA;54.93827160493827;4;44.89795918367347
DILMA;13.836477987421384;4;39.543726235741445
DILMA;54.09836065573771;4;35.83815028901734
DILMA;32.298136645962735;4;52.049180327868854
DILMA;29.04564315352697;4;45.806451612903224
DILMA;36.655948553054664;4;46.56488549618321
DILMA;33.0188679245283;4;52.73972602739726
DILMA;41.74757281553398;4;48.39857651245551
DILMA;37.56345177664975;4;48.25174825174825
DILMA;43.36734693877551;4;44.966442953020135
DILMA;23.346303501945524;4;49.85422740524781
DILMA;52.54237288135593;4;48.58757062146893
DILMA;31.95020746887967;4;49.69135802469136
DILMA;32.42009132420091;4;41.785714285714285
DILMA;52.94117647058823;4;46.06060606060606
DILMA;32.103321033210335;4;54.794520547945204
DILMA;24.623115577889447;4;50.0
DILMA;54.75409836065574;4;46.64879356568365
DILMA;66.66666666666667;4;44.148936170212764
DILMA;52.4822695035461;4;46.5
DILMA;31.182795698924732;4;53.333333333333336
DILMA;30.476190476190474;4;49.81684981684982
DILMA;32.342007434944236;4;47.66355140186916
DILMA;26.666666666666668;4;50.700280112044815
DILMA;24.738675958188153;4;50.40871934604905
DILMA;29.80392156862745;4;49.54128440366973
DILMA;51.77514792899408;4;51.392405063291136
DILMA;35.80246913580247;4;49.14675767918089
DILMA;27.966101694915253;4;51.57232704402516
DILMA;36.87707641196013;4;50.51813471502591
DILMA;26.492537313432837;4;51.470588235294116
DILMA;36.177474402730375;4;49.61636828644501
DILMA;41.34615384615385;4;45.12820512820513
DILMA;35.44973544973545;4;42.06008583690987
DILMA;26.905829596412556;4;52.92096219931271
DILMA;34.55882352941177;4;50.14577259475219
DILMA;32.69230769230769;4;46.71052631578947
DILMA;28.88888888888889;4;53.90070921985816
DILMA;47.417840375586856;4;46.09665427509294
DILMA;54.54545454545455;4;41.76470588235294
DILMA;47.24770642201835;4;48.0565371024735
DILMA;37.71043771043771;4;50.86206896551724
DILMA;29.661016949152543;4;50.0
DILMA;50.90252707581227;4;51.675977653631286
DILMA;27.551020408163264;4;57.381615598885794
DILMA;37.5;4;56.17977528089887
DILMA;66.66666666666667;4;48.36065573770492
DILMA;30.70175438596491;4;56.578947368421055
DILMA;20.930232558139537;4;51.24223602484472
DILMA;41.29353233830846;4;53.2
DILMA;38.9937106918239;4;44.01913875598086
DILMA;28.01556420233463;4;46.546546546546544
DILMA;27.96934865900383;4;47.023809523809526
DILMA;42.10526315789474;4;46.55172413793103
DILMA;53.57142857142857;4;45.40682414698163
DILMA;54.42176870748299;4;40.21739130434783
DILMA;52.94117647058823;4;46.36678200692042
DILMA;33.439490445859875;4;49.48979591836735
DILMA;32.075471698113205;4;54.95495495495496
DILMA;34.716981132075475;4;52.0775623268698
DILMA;62.608695652173914;4;51.74418604651163
DILMA;23.333333333333332;4;50.86206896551724
DILMA;56.09756097560975;4;46.579804560260584
DILMA;42.857142857142854;4;1.7857142857142858
DILMA;61.39705882352941;4;52.36768802228412
DILMA;34.177215189873415;4;47.783251231527096
DILMA;42.916666666666664;4;58.99053627760252
DILMA;40.40816326530612;4;52.10843373493976
DILMA;36.75213675213675;4;49.479166666666664
DILMA;47.142857142857146;4;49.75124378109453
DILMA;56.64739884393064;4;51.88916876574307
DILMA;59.48275862068966;4;48.62068965517241
DILMA;54.13533834586466;4;50.750750750750754
DILMA;50.22831050228311;4;43.92857142857143
DILMA;40.963855421686745;4;52.22929936305732
DILMA;24.242424242424242;4;46.012269938650306
DILMA;52.70935960591133;4;46.96485623003195
DILMA;32.967032967032964;4;49.27113702623907
DILMA;48.84615384615385;4;53.41246290801187
DILMA;30.181818181818183;4;51.16279069767442
DILMA;44.680851063829785;4;48.72727272727273
DILMA;22.99651567944251;4;50.98039215686274
DILMA;30.303030303030305;4;53.55648535564853
DILMA;36.08695652173913;4;52.90519877675841
DILMA;52.44755244755245;4;50.78534031413613
DILMA;22.09737827715356;4;52.38095238095238
DILMA;23.828125;4;50.90909090909091
DILMA;41.1764705882353;4;54.716981132075475
DILMA;27.941176470588236;4;62.31884057971015
DILMA;48.125;4;49.746192893401016
DILMA;49.26470588235294;4;45.15235457063712
DILMA;36.7003367003367;4;50.0
DILMA;29.537366548042705;4;55.013550135501355
DILMA;21.25;4;52.77777777777778
DILMA;31.294964028776977;4;55.02958579881657
DILMA;25.862068965517242;4;55.59322033898305
DILMA;30.103806228373703;4;49.86807387862797
DILMA;36.58536585365854;4;54.146341463414636
DILMA;30.76923076923077;4;54.86725663716814
DILMA;31.666666666666668;4;52.53164556962025
DILMA;37.2093023255814;4;52.97450424929178
DILMA;32.45614035087719;4;47.03703703703704
DILMA;47.31182795698925;4;57.60233918128655
DILMA;34.857142857142854;4;56.14754098360656
DILMA;54.15384615384615;4;50.63613231552163
DILMA;61.570247933884296;4;51.940298507462686
DILMA;49.501661129568106;4;48.167539267015705
DILMA;28.14814814814815;4;52.17391304347826
DILMA;51.01010101010101;4;55.28455284552845
DILMA;33.027522935779814;4;47.333333333333336
DILMA;29.365079365079364;4;52.84974093264249
DILMA;48.0;4;56.80628272251309
DILMA;55.223880597014926;4;48.44444444444444
DILMA;68.32579185520362;4;52.69230769230769
DILMA;26.818181818181817;4;46.402877697841724
DILMA;47.602739726027394;4;51.351351351351354
DILMA;69.33962264150944;4;55.511811023622045
DILMA;78.81619937694704;4;45.18072289156626
DILMA;29.447852760736197;4;51.23152709359606
DILMA;47.111111111111114;4;42.950819672131146
DILMA;24.352331606217618;4;50.38461538461539
DILMA;37.391304347826086;4;46.52567975830816
DILMA;52.15311004784689;4;48.31460674157304
DILMA;32.6241134751773;4;51.16959064327485
DILMA;37.755102040816325;4;48.148148148148145
DILMA;42.16867469879518;4;43.16353887399464
DILMA;12.941176470588236;4;53.6231884057971
DILMA;67.6056338028169;4;42.857142857142854
DILMA;24.46808510638298;4;49.30362116991643
DILMA;30.501930501930502;4;50.595238095238095
DILMA;34.285714285714285;4;41.12149532710281
DILMA;23.529411764705884;4;51.16279069767442
DILMA;23.076923076923077;4;53.278688524590166
DILMA;17.97752808988764;4;48.582995951417004
DILMA;54.5;4;47.59825327510917
DILMA;51.207729468599034;4;49.18032786885246
DILMA;55.913978494623656;4;50.0
DILMA;24.81203007518797;4;50.892857142857146
DILMA;46.57534246575342;4;48.81516587677725
DILMA;60.58091286307054;4;48.80952380952381
DILMA;64.97695852534562;4;49.44237918215613
DILMA;59.310344827586206;4;47.66839378238342
DILMA;28.32369942196532;4;51.351351351351354
DILMA;36.7816091954023;4;56.09756097560975
DILMA;13.68421052631579;4;52.81385281385281
DILMA;31.132075471698112;4;44.52554744525548
DILMA;85.15625;4;52.071005917159766
DILMA;50.0;4;47.019867549668874
DILMA;36.53846153846154;4;49.45054945054945
DILMA;33.333333333333336;4;55.6390977443609
DILMA;75.38461538461539;4;51.07913669064748
DILMA;52.525252525252526;4;50.81967213114754
DILMA;63.06818181818182;4;51.295336787564764
DILMA;27.40740740740741;4;48.458149779735685
DILMA;55.483870967741936;4;56.557377049180324
DILMA;75.0;4;45.77114427860697
DILMA;32.11009174311926;4;55.725190839694655
DILMA;75.75757575757575;4;46.31578947368421
DILMA;61.904761904761905;4;45.0
DILMA;27.062706270627064;4;50.91383812010444
DILMA;34.86842105263158;4;48.29545454545455
DILMA;51.14942528735632;4;50.76923076923077
DILMA;75.625;4;48.18652849740933
DILMA;44.0;4;47.45762711864407
DILMA;37.5;4;47.53363228699551
DILMA;60.3448275862069;4;44.03292181069959
DILMA;48.51485148514851;4;41.48148148148148
DILMA;27.335640138408305;4;51.89504373177842
DILMA;33.44827586206897;4;52.89017341040462
DILMA;52.0;4;49.3421052631579
DILMA;55.34591194968554;4;46.666666666666664
DILMA;7.299270072992701;4;50.91743119266055
DILMA;45.018450184501845;4;52.47148288973384
DILMA;32.720588235294116;4;52.285714285714285
DILMA;54.91803278688525;4;56.60377358490566
DILMA;28.75;4;50.3448275862069
DILMA;52.20338983050848;4;52.46376811594203
DILMA;43.037974683544306;4;55.172413793103445
DILMA;26.666666666666668;4;42.99065420560748
DILMA;48.07692307692308;4;44.26229508196721
DILMA;30.62200956937799;4;50.64102564102564
DILMA;29.850746268656717;4;48.86363636363637
DILMA;28.436018957345972;4;54.225352112676056
DILMA;27.941176470588236;4;49.85163204747774
DILMA;28.625954198473284;4;51.19047619047619
DILMA;29.32330827067669;4;51.661631419939575
DILMA;24.793388429752067;4;53.559322033898304
DILMA;33.65853658536585;4;48.409893992932865
DILMA;32.870370370370374;4;51.41843971631206
DILMA;35.034013605442176;4;42.45524296675192
DILMA;28.630705394190873;4;52.325581395348834
DILMA;28.01556420233463;4;54.92537313432836
DILMA;31.3953488372093;4;49.554896142433236
DILMA;28.957528957528957;4;53.293413173652695
DILMA;27.81954887218045;4;52.42424242424242
DILMA;27.976190476190474;4;42.73504273504273
DILMA;18.250950570342205;4;49.70059880239521
DILMA;31.73076923076923;4;52.83018867924528
DILMA;30.939226519337016;4;50.61224489795919
DILMA;35.38461538461539;4;56.37860082304527
DILMA;29.64426877470356;4;50.146627565982406
DILMA;34.04255319148936;4;52.52225519287834
DILMA;30.612244897959183;4;47.916666666666664
DILMA;30.939226519337016;4;51.16279069767442
DILMA;32.20973782771536;4;51.91740412979351
DILMA;32.196969696969695;4;54.67836257309941
DILMA;36.612021857923494;4;44.91525423728814
DILMA;37.2093023255814;4;54.337899543378995
DILMA;25.19685039370079;4;50.91743119266055
DILMA;33.333333333333336;4;53.65853658536585
DILMA;29.11392405063291;4;54.22885572139303
DILMA;34.78260869565217;4;58.048780487804876
DILMA;29.545454545454547;4;56.15615615615616
DILMA;29.533678756476682;4;58.74125874125874
DILMA;29.577464788732396;4;54.11764705882353
DILMA;23.387096774193548;4;45.3551912568306
DILMA;36.170212765957444;4;46.15384615384615
DILMA;41.851851851851855;4;45.572916666666664
DILMA;48.78048780487805;4;45.833333333333336
DILMA;42.5531914893617;4;44.02332361516035
DILMA;39.11290322580645;4;44.02332361516035
DILMA;53.90334572490706;4;51.8041237113402
DILMA;54.729729729729726;4;48.05194805194805
DILMA;45.149253731343286;4;45.382585751978894
DILMA;33.87978142076503;4;61.53846153846154
DILMA;45.833333333333336;4;47.61904761904762
DILMA;38.225255972696246;4;47.32824427480916
DILMA;38.888888888888886;4;52.29681978798587
DILMA;40.08810572687225;4;47.945205479452056
DILMA;40.104166666666664;4;48.507462686567166
DILMA;32.77777777777778;4;43.89312977099237
DILMA;40.08438818565401;4;51.98675496688742
DILMA;34.859154929577464;4;50.42492917847026
DILMA;38.46153846153846;4;49.6
DILMA;32.88590604026846;4;50.38167938931298
DILMA;47.55555555555556;4;48.85245901639344
DILMA;42.22222222222222;4;44.63519313304721
DILMA;37.89808917197452;4;55.216284987277355
DILMA;39.333333333333336;4;52.295918367346935
DILMA;42.69230769230769;4;47.03196347031963
DILMA;44.70198675496689;4;51.53061224489796
DILMA;42.42424242424242;4;45.45454545454545
DILMA;40.07936507936508;4;51.18343195266272
DILMA;44.04145077720207;4;43.37748344370861
DILMA;53.55648535564853;4;42.94478527607362
DILMA;39.15343915343915;4;50.0
DILMA;5.747126436781609;4;48.1203007518797
DILMA;85.33333333333333;4;48.529411764705884
DILMA;69.51219512195122;4;47.96747967479675
DILMA;44.05940594059406;4;53.30739299610895
DILMA;54.7085201793722;4;49.826989619377166
DILMA;85.96491228070175;4;42.666666666666664
DILMA;49.586776859504134;4;52.547770700636946
DILMA;38.857142857142854;4;50.0
DILMA;47.916666666666664;4;48.8235294117647
DILMA;41.97530864197531;4;47.2972972972973
DILMA;68.26923076923077;4;47.15447154471545
DILMA;54.49438202247191;4;49.193548387096776
DILMA;56.70103092783505;4;50.18867924528302
DILMA;45.23809523809524;4;50.0
DILMA;42.99516908212561;4;44.87179487179487
DILMA;45.6140350877193;4;52.27272727272727
DILMA;44.134078212290504;4;40.38461538461539
DILMA;39.86486486486486;4;39.83050847457627
DILMA;41.276595744680854;4;47.138047138047135
DILMA;43.19526627218935;4;49.78902953586498
DILMA;48.10126582278481;4;47.712418300653596
DILMA;46.733668341708544;4;53.082191780821915
DILMA;47.61904761904762;4;49.00398406374502
DILMA;43.69747899159664;4;46.34920634920635
DILMA;36.6412213740458;4;50.5338078291815
DILMA;43.81443298969072;4;50.541516245487365
DILMA;51.26903553299493;4;49.31506849315068
DILMA;38.94230769230769;4;57.6271186440678
DILMA;40.2390438247012;4;47.92332268370607
DILMA;38.095238095238095;4;38.775510204081634
DILMA;44.29223744292238;4;41.95583596214511
DILMA;50.40983606557377;4;43.065693430656935
DILMA;48.78048780487805;4;50.85324232081911
DILMA;43.82022471910113;4;47.32824427480916
DILMA;42.131979695431475;4;49.629629629629626
DILMA;46.07843137254902;4;43.68600682593857
DILMA;46.788990825688074;4;44.51827242524917
DILMA;49.04761904761905;4;51.60142348754449
DILMA;41.55251141552512;4;47.73519163763066
DILMA;46.08294930875576;4;47.138047138047135
DILMA;54.62555066079295;4;45.89041095890411
DILMA;53.42465753424658;4;44.40559440559441
DILMA;41.08910891089109;4;51.515151515151516
DILMA;51.196172248803826;4;43.109540636042404
DILMA;50.69124423963134;4;40.20618556701031
DILMA;45.893719806763286;4;50.51903114186851
DILMA;45.91836734693877;4;50.3875968992248
DILMA;46.408839779005525;4;55.60344827586207
DILMA;44.72573839662447;4;42.71186440677966
DILMA;44.53781512605042;4;44.40677966101695
DILMA;53.723404255319146;4;52.22672064777328
DILMA;44.166666666666664;4;43.346007604562736
DILMA;59.35828877005348;4;53.386454183266935
DILMA;52.293577981651374;4;51.96078431372549
DILMA;57.74647887323944;4;45.39249146757679
DILMA;53.475935828877006;4;50.18450184501845
DILMA;43.51464435146443;4;47.50830564784053
DILMA;55.68181818181818;4;40.94488188976378
DILMA;70.05988023952096;4;39.53488372093023
DILMA;65.54054054054055;4;48.708487084870846
DILMA;58.641975308641975;4;42.34234234234234
DILMA;58.267716535433074;4;37.916666666666664
DILMA;49.20634920634921;4;45.67901234567901
DILMA;41.578947368421055;4;51.27272727272727
DILMA;71.25;4;42.5414364640884
DILMA;72.41379310344827;4;46.18473895582329
DILMA;54.54545454545455;4;41.666666666666664
DILMA;71.70731707317073;4;44.50867052023121
DILMA;64.07766990291262;4;46.666666666666664
DILMA;10.407239819004525;4;48.82943143812709
DILMA;11.764705882352942;4;52.5
DILMA;44.93927125506073;4;50.671140939597315
DILMA;50.24154589371981;4;47.407407407407405
DILMA;47.71573604060914;4;46.18181818181818
DILMA;41.02564102564103;4;43.40836012861736
DILMA;43.1578947368421;4;53.17460317460318
DILMA;51.81818181818182;4;48.648648648648646
DILMA;57.2093023255814;4;51.50375939849624
DILMA;60.19417475728155;4;45.0
DILMA;78.03468208092485;4;48.095238095238095
DILMA;38.048780487804876;4;46.98795180722892
DILMA;44.24242424242424;4;47.66355140186916
DILMA;47.389558232931726;4;50.16722408026756
DILMA;51.48514851485149;4;49.42528735632184
DILMA;70.55555555555556;4;40.869565217391305
DILMA;50.46296296296296;4;49.333333333333336
DILMA;53.21888412017167;4;54.73684210526316
DILMA;52.72727272727273;4;54.29553264604811
DILMA;48.917748917748916;4;53.1986531986532
DILMA;59.130434782608695;4;55.08771929824562
DILMA;46.04651162790697;4;54.1044776119403
DILMA;49.09090909090909;4;49.529780564263326
DILMA;44.33497536945813;4;56.2992125984252
DILMA;55.0;4;49.528301886792455
DILMA;48.648648648648646;4;50.51903114186851
DILMA;32.86713286713287;4;44.38775510204081
DILMA;53.374233128834355;4;48.35680751173709
DILMA;30.102040816326532;4;46.94656488549618
DILMA;22.535211267605632;4;50.828729281767956
DILMA;57.7639751552795;4;41.97530864197531
DILMA;42.5531914893617;4;40.95238095238095
DILMA;52.083333333333336;4;45.4054054054054
DILMA;56.390977443609025;4;45.138888888888886
DILMA;52.25806451612903;4;51.401869158878505
DILMA;18.835616438356166;4;52.67379679144385
DILMA;22.727272727272727;4;52.89017341040462
DILMA;24.81203007518797;4;52.46376811594203
DILMA;63.73626373626374;4;41.81818181818182
DILMA;29.82456140350877;4;39.682539682539684
DILMA;34.899328859060404;4;51.01010101010101
DILMA;22.388059701492537;4;45.070422535211264
DILMA;50.68493150684932;4;51.25
DILMA;18.0327868852459;4;47.142857142857146
DILMA;58.42696629213483;4;46.0
DILMA;42.592592592592595;4;51.68539325842696
DILMA;35.294117647058826;4;55.932203389830505
DILMA;21.818181818181817;4;52.44956772334294
DILMA;81.66666666666667;4;34.09090909090909
DILMA;26.984126984126984;4;53.66492146596859
DILMA;30.344827586206897;4;46.30541871921182
DILMA;34.36293436293436;4;53.25443786982248
DILMA;32.015810276679844;4;51.41509433962264
DILMA;43.44827586206897;4;44.72361809045226
DILMA;33.54430379746835;4;56.9377990430622
DILMA;37.735849056603776;4;44.6078431372549
DILMA;33.035714285714285;4;46.808510638297875
DILMA;34.09090909090909;4;51.985559566787
DILMA;31.30081300813008;4;43.558282208588956
DILMA;28.448275862068964;4;50.16181229773463
DILMA;42.013888888888886;4;44.17989417989418
DILMA;36.55172413793103;4;47.58064516129032
DILMA;26.609442060085836;4;48.226950354609926
DILMA;24.398625429553263;4;49.48979591836735
DILMA;33.83458646616541;4;51.81058495821727
DILMA;37.89473684210526;4;46.5564738292011
DILMA;18.21561338289963;4;54.464285714285715
DILMA;32.82828282828283;4;50.2092050209205
DILMA;40.20100502512563;4;42.14876033057851
DILMA;40.87591240875913;4;46.68769716088328
DILMA;29.487179487179485;4;49.22680412371134
DILMA;41.886792452830186;4;51.49501661129568
DILMA;45.09803921568628;4;50.0
DILMA;30.21276595744681;4;50.333333333333336
DILMA;34.285714285714285;4;54.679802955665025
DILMA;27.547169811320753;4;55.90778097982709
DILMA;46.103896103896105;4;49.86449864498645
DILMA;43.31983805668016;4;50.666666666666664
DILMA;30.285714285714285;4;47.02970297029703
DILMA;31.736526946107784;4;41.395348837209305
DILMA;23.29749103942652;4;43.768115942028984
DILMA;28.46153846153846;4;51.62241887905605
DILMA;28.51063829787234;4;50.168350168350166
DILMA;20.077220077220076;4;47.953216374269005
DILMA;40.16393442622951;4;48.754448398576514
DILMA;30.837004405286343;4;50.836120401337794
DILMA;26.79245283018868;4;44.11764705882353
DILMA;24.50980392156863;4;52.33160621761658
DILMA;20.149253731343283;4;48.23529411764706
DILMA;24.814814814814813;4;49.7093023255814
DILMA;23.202614379084967;4;48.266666666666666
DILMA;33.68055555555556;4;54.666666666666664
DILMA;21.895424836601308;4;49.6
DILMA;24.705882352941178;4;53.529411764705884
DILMA;45.18828451882845;4;49.642857142857146
DILMA;27.555555555555557;4;44.13793103448276
DILMA;66.66666666666667;4;43.7956204379562
DILMA;34.74178403755869;4;42.07119741100323
DILMA;42.7710843373494;4;50.476190476190474
DILMA;30.65326633165829;4;43.258426966292134
DILMA;20.80536912751678;4;48.1958762886598
DILMA;35.55555555555556;4;50.495049504950494
DILMA;25.925925925925927;4;45.57640750670241
DILMA;22.635135135135137;4;54.91803278688525
DILMA;31.501831501831504;4;51.1764705882353
DILMA;35.294117647058826;4;51.36612021857923
DILMA;22.5;4;54.11764705882353
DILMA;26.688102893890676;4;49.32614555256065
DILMA;40.76246334310851;4;47.58269720101781
DILMA;29.197080291970803;4;49.56521739130435
DILMA;25.0;4;55.55555555555556
DILMA;53.42465753424658;4;43.529411764705884
DILMA;29.361702127659573;4;48.51485148514851
DILMA;34.64052287581699;4;46.408839779005525
DILMA;32.78688524590164;4;50.476190476190474
DILMA;23.711340206185568;4;43.220338983050844
DILMA;43.75;4;55.12820512820513
DILMA;35.504885993485345;4;51.336898395721924
DILMA;36.51877133105802;4;52.22222222222222
DILMA;33.21799307958477;4;48.54651162790697
DILMA;19.858156028368793;4;52.05882352941177
DILMA;72.636815920398;4;43.7246963562753
DILMA;77.35849056603773;4;46.19047619047619
DILMA;33.02325581395349;4;46.84385382059801
DILMA;33.57664233576642;4;52.33918128654971
DILMA;37.98701298701299;4;53.20855614973262
DILMA;18.01801801801802;4;49.63503649635037
DILMA;34.21052631578947;4;49.70238095238095
DILMA;28.415300546448087;4;58.189655172413794
DILMA;37.03703703703704;4;53.73961218836565
DILMA;24.67948717948718;4;49.61439588688946
DILMA;35.273972602739725;4;52.472527472527474
DILMA;33.11897106109325;4;48.58611825192802
DILMA;31.428571428571427;4;55.81395348837209
DILMA;23.75886524822695;4;46.57534246575342
DILMA;40.66390041493776;4;50.505050505050505
DILMA;32.967032967032964;4;53.37078651685393
DILMA;38.38028169014085;4;48.60335195530726
DILMA;31.986531986531986;4;52.41935483870968
DILMA;38.118811881188115;4;55.094339622641506
DILMA;35.8974358974359;4;43.78378378378378
DILMA;36.53846153846154;4;45.23809523809524
DILMA;54.335260115606935;4;41.05263157894737
DILMA;9.23076923076923;4;45.16129032258065
DILMA;49.029126213592235;4;49.81818181818182
DILMA;46.07843137254902;4;50.19455252918288
DILMA;48.421052631578945;4;45.878136200716845
DILMA;46.42857142857143;4;47.48201438848921
DILMA;46.3768115942029;4;45.90747330960854
DILMA;43.65482233502538;4;47.65342960288809
DILMA;49.029126213592235;4;51.95729537366548
DILMA;46.666666666666664;4;44.34782608695652
DILMA;45.58139534883721;4;46.85314685314685
DILMA;51.207729468599034;4;52.18978102189781
DILMA;42.5;4;54.804270462633454
DILMA;48.205128205128204;4;49.6124031007752
DILMA;47.417840375586856;4;43.56060606060606
DILMA;41.395348837209305;4;45.21072796934866
DILMA;43.43434343434343;4;41.86046511627907
DILMA;44.61538461538461;4;47.87644787644788
DILMA;46.15384615384615;4;41.6
DILMA;48.5;4;51.50375939849624
DILMA;48.108108108108105;4;47.674418604651166
DILMA;48.80952380952381;4;49.327354260089685
DILMA;50.943396226415096;4;45.02164502164502
DILMA;52.15311004784689;4;54.255319148936174
DILMA;40.19138755980861;4;47.1042471042471
DILMA;53.5;4;39.568345323741006
DILMA;50.96153846153846;4;47.05882352941177
DILMA;47.29064039408867;4;48.56115107913669
DILMA;49.107142857142854;4;49.09747292418773
DILMA;57.6036866359447;4;44.250871080139376
DILMA;46.96969696969697;4;53.28185328185328
DILMA;53.09278350515464;4;56.626506024096386
DILMA;45.416666666666664;4;50.50847457627118
DILMA;50.23474178403756;4;50.57471264367816
DILMA;46.18834080717489;4;54.19580419580419
DILMA;50.0;4;50.191570881226056
DILMA;65.78947368421052;4;50.173010380622834
DILMA;59.04761904761905;4;50.0
DILMA;50.73170731707317;4;50.79365079365079
DILMA;42.6865671641791;4;54.77178423236514
DILMA;52.48868778280543;4;46.20938628158845
DILMA;87.26415094339623;4;45.033112582781456
DILMA;63.2183908045977;4;46.285714285714285
DILMA;81.13207547169812;4;43.373493975903614
DILMA;62.60504201680672;4;50.34965034965035
DILMA;54.09090909090909;4;54.87364620938628
DILMA;43.43434343434343;4;43.67816091954023
DILMA;44.60093896713615;4;44.40298507462686
DILMA;40.67796610169491;4;44.13793103448276
DILMA;79.0909090909091;4;44.38202247191011
DILMA;75.64102564102564;4;49.32432432432432
DILMA;46.902654867256636;4;51.95729537366548
DILMA;62.5;4;28.048780487804876
DILMA;61.951219512195124;4;43.92156862745098
DILMA;42.20183486238532;4;53.99239543726236
DILMA;42.78350515463917;4;43.65079365079365
DILMA;43.61702127659574;4;49.80392156862745
DILMA;53.250773993808046;4;49.07749077490775
DILMA;47.755102040816325;4;48.986486486486484
DILMA;12.121212121212121;4;54.966887417218544
DILMA;66.04938271604938;4;46.42857142857143
DILMA;8.333333333333334;4;52.0
DILMA;41.8848167539267;4;46.27450980392157
DILMA;29.12621359223301;4;53.982300884955755
DILMA;88.19444444444444;4;47.82608695652174
DILMA;53.44827586206897;4;54.83870967741935
DILMA;60.204081632653065;4;48.35164835164835
DILMA;50.427350427350426;4;50.714285714285715
DILMA;56.89655172413793;4;43.421052631578945
DILMA;45.30386740331492;4;48.616600790513836
DILMA;53.2520325203252;4;52.20338983050848
DILMA;47.234042553191486;4;50.70422535211268
DILMA;37.956204379562045;4;49.044585987261144
DILMA;51.351351351351354;4;50.98039215686274
DILMA;27.33812949640288;4;46.32768361581921
DILMA;23.626373626373628;4;52.94117647058823
DILMA;28.21576763485477;4;49.280575539568346
DILMA;29.739776951672862;4;47.740112994350284
DILMA;38.392857142857146;4;45.54794520547945
DILMA;19.736842105263158;4;45.32871972318339
DILMA;20.982142857142858;4;38.17567567567568
DILMA;17.467248908296945;4;46.95945945945946
DILMA;19.469026548672566;4;43.986254295532646
DILMA;22.0532319391635;4;47.23127035830619
DILMA;21.890547263681594;4;48.88059701492537
DILMA;17.803030303030305;4;46.38157894736842
DILMA;20.717131474103585;4;45.333333333333336
DILMA;20.54794520547945;4;46.86346863468635
DILMA;25.0;4;45.32710280373832
DILMA;18.03921568627451;4;46.056782334384856
DILMA;27.238805970149254;4;44.759206798866856
DILMA;23.79182156133829;4;51.4792899408284
DILMA;27.77777777777778;4;51.68539325842696
DILMA;18.51851851851852;4;46.8
DILMA;18.88111888111888;4;38.764044943820224
DILMA;16.26984126984127;4;42.950819672131146
DILMA;24.870466321243523;4;47.45762711864407
DILMA;21.40077821011673;4;44.983818770226534
DILMA;31.985294117647058;4;49.43181818181818
DILMA;36.312849162011176;4;43.91304347826087
DILMA;28.96825396825397;4;52.58358662613982
DILMA;33.673469387755105;4;44.398340248962654
DILMA;20.218579234972676;4;49.074074074074076
DILMA;20.689655172413794;4;49.37888198757764
DILMA;25.925925925925927;4;46.47302904564315
DILMA;17.71217712177122;4;51.04477611940298
DILMA;32.94117647058823;4;51.9434628975265
DILMA;22.0;4;44.67213114754098
DILMA;23.381294964028775;4;50.147492625368734
DILMA;29.48207171314741;4;45.97315436241611
DILMA;22.22222222222222;4;49.56896551724138
DILMA;23.115577889447238;4;47.107438016528924
DILMA;15.625;4;49.21135646687697
DILMA;23.618090452261306;4;47.85992217898833
DILMA;30.434782608695652;4;47.35099337748344
DILMA;28.79377431906615;4;52.259887005649716
DILMA;38.75598086124402;4;47.35099337748344
DILMA;24.107142857142858;4;45.878136200716845
DILMA;30.065359477124183;4;55.0
DILMA;28.037383177570092;4;45.67901234567901
DILMA;16.49484536082474;4;43.54838709677419
DILMA;32.78145695364238;4;47.69230769230769
DILMA;23.15270935960591;4;47.77327935222672
DILMA;45.588235294117645;4;43.75
DILMA;28.048780487804876;4;45.97315436241611
DILMA;41.554054054054056;4;48.275862068965516
DILMA;34.065934065934066;4;45.893719806763286
DILMA;22.878228782287824;4;51.204819277108435
DILMA;28.651685393258425;4;43.41317365269461
DILMA;36.65689149560117;4;47.25609756097561
DILMA;34.437086092715234;4;46.875
DILMA;33.65384615384615;4;47.407407407407405
DILMA;20.3125;4;48.4472049689441
DILMA;20.361990950226243;4;46.79245283018868
DILMA;28.368794326241133;4;43.45238095238095
DILMA;32.20338983050848;4;44.44444444444444
DILMA;36.8;4;47.686832740213525
DILMA;39.42307692307692;4;38.793103448275865
DILMA;24.170616113744074;4;40.98360655737705
DILMA;16.071428571428573;4;56.372549019607845
DILMA;40.23668639053255;4;50.0
DILMA;15.294117647058824;4;42.16216216216216
DILMA;30.726256983240223;4;47.61904761904762
DILMA;21.25;4;46.708463949843264
DILMA;16.205533596837945;4;49.185667752442995
DILMA;14.163090128755364;4;36.61971830985915
DILMA;18.59504132231405;4;51.76056338028169
DILMA;20.58823529411765;4;43.58108108108108
DILMA;15.246636771300448;4;49.166666666666664
DILMA;20.081967213114755;4;47.756410256410255
DILMA;22.598870056497177;4;46.60633484162896
DILMA;30.81761006289308;4;50.22222222222222
DILMA;33.443708609271525;4;50.89514066496164
DILMA;24.770642201834864;4;61.74496644295302
DILMA;13.422818791946309;4;47.540983606557376
DILMA;18.77133105802048;4;42.25352112676056
DILMA;45.45454545454545;4;40.625
DILMA;63.095238095238095;4;49.438202247191015
DILMA;20.068027210884352;4;47.107438016528924
DILMA;31.25;4;39.726027397260275
DILMA;49.333333333333336;4;45.36082474226804
DILMA;45.714285714285715;4;51.53846153846154
DILMA;18.674698795180724;4;47.48858447488585
DILMA;25.380710659898476;4;52.28215767634855
DILMA;25.668449197860962;4;48.82629107981221
DILMA;12.949640287769784;4;54.26829268292683
DILMA;17.29106628242075;4;53.84615384615385
DILMA;18.597560975609756;4;63.44086021505376
DILMA;20.070422535211268;4;50.0
DILMA;16.883116883116884;4;42.857142857142854
DILMA;31.52173913043478;4;42.06008583690987
DILMA;23.83419689119171;4;49.40711462450593
DILMA;18.72340425531915;4;49.66216216216216
DILMA;21.08433734939759;4;50.24875621890547
DILMA;28.37837837837838;4;48.717948717948715
DILMA;23.166023166023166;4;45.42586750788644
DILMA;18.410041841004183;4;52.92096219931271
DILMA;20.388349514563107;4;44.21052631578947
DILMA;18.0;4;44.79495268138801
DILMA;22.265625;4;50.43731778425656
DILMA;24.858757062146893;4;50.0
DILMA;18.49056603773585;4;49.70414201183432
DILMA;16.725978647686834;4;49.7093023255814
DILMA;23.728813559322035;4;48.611111111111114
DILMA;21.64179104477612;4;45.53072625698324
DILMA;19.747899159663866;4;48.26498422712934
DILMA;22.926829268292682;4;43.85964912280702
DILMA;14.201183431952662;4;53.48837209302326
DILMA;14.785992217898833;4;53.43283582089552
DILMA;23.170731707317074;4;44.27860696517413
DILMA;14.624505928853756;4;45.88607594936709
DILMA;23.076923076923077;4;46.44351464435147
DILMA;25.112107623318387;4;45.09090909090909
DILMA;16.05504587155963;4;46.619217081850536
DILMA;24.102564102564102;4;47.97047970479705
DILMA;21.58273381294964;4;45.65217391304348
DILMA;24.496644295302012;4;45.04950495049505
DILMA;22.325581395348838;4;49.08424908424909
DILMA;22.127659574468087;4;47.422680412371136
DILMA;17.343173431734318;4;47.0873786407767
DILMA;21.54696132596685;4;37.89954337899543
DILMA;17.94871794871795;4;50.45454545454545
DILMA;16.939890710382514;4;47.92626728110599
DILMA;21.708185053380785;4;48.32535885167464
DILMA;21.55688622754491;4;47.02970297029703
DILMA;14.84375;4;43.125
DILMA;18.99441340782123;4;46.97674418604651
DILMA;27.93522267206478;4;44.680851063829785
DILMA;25.210084033613445;4;45.99303135888502
DILMA;19.08713692946058;4;50.0
DILMA;18.88888888888889;4;46.2962962962963
DILMA;30.90909090909091;4;39.92805755395683
DILMA;21.140939597315437;4;46.36363636363637
DILMA;15.2;4;44.66403162055336
DILMA;37.6;4;47.839506172839506
DILMA;14.166666666666666;4;48.96551724137931
DILMA;17.78846153846154;4;52.96296296296296
DILMA;23.03370786516854;4;45.205479452054796
DILMA;31.40495867768595;4;48.466257668711656
DILMA;23.195876288659793;4;44.11764705882353
DILMA;13.186813186813186;4;39.7196261682243
DILMA;38.497652582159624;4;39.67213114754098
DILMA;23.004694835680752;4;47.407407407407405
DILMA;28.125;4;46.51162790697674
DILMA;17.272727272727273;4;44.326241134751776
DILMA;37.55458515283843;4;44.0
DILMA;30.48780487804878;4;46.06060606060606
DILMA;35.51401869158879;4;41.967213114754095
DILMA;27.155172413793103;4;47.43589743589744
DILMA;34.70319634703196;4;40.59405940594059
DILMA;18.46846846846847;4;44.21052631578947
DILMA;18.303571428571427;4;48.59154929577465
DILMA;35.094339622641506;4;50.903614457831324
DILMA;29.775280898876403;4;48.05194805194805
DILMA;37.11790393013101;4;42.3728813559322
DILMA;21.428571428571427;4;47.136563876651984
DILMA;19.54022988505747;4;46.81528662420382
DILMA;32.30769230769231;4;48.333333333333336
DILMA;36.75675675675676;4;37.55458515283843
DILMA;28.735632183908045;4;46.464646464646464
DILMA;25.0;4;46.55172413793103
DILMA;21.311475409836067;4;44.70046082949309
DILMA;23.056300268096514;4;53.99515738498789
DILMA;26.099706744868037;4;52.043596730245234
DILMA;13.066666666666666;4;54.81481481481482
DILMA;17.17948717948718;4;55.55555555555556
DILMA;16.949152542372882;4;57.268722466960355
DILMA;19.55922865013774;4;51.908396946564885
DILMA;19.060773480662984;4;52.26130653266332
DILMA;21.35135135135135;4;52.63157894736842
DILMA;17.557251908396946;4;59.78260869565217
DILMA;14.722222222222221;4;49.473684210526315
DILMA;14.663461538461538;4;56.26373626373626
DILMA;33.11258278145695;4;47.604790419161674
DILMA;35.46099290780142;4;46.41833810888252
DILMA;25.24590163934426;4;50.541516245487365
DILMA;22.429906542056074;4;52.908587257617725
DILMA;17.741935483870968;4;51.12359550561798
DILMA;20.87227414330218;4;57.452574525745256
DILMA;19.814241486068113;4;51.42045454545455
DILMA;16.86390532544379;4;48.54111405835544
DILMA;15.633423180592992;4;56.127450980392155
DILMA;18.75;4;47.8494623655914
DILMA;26.37795275590551;4;45.936395759717314
DILMA;17.263843648208468;4;51.5527950310559
DILMA;16.541353383458645;4;58.96860986547085
DILMA;15.223880597014926;4;52.1978021978022
DILMA;24.444444444444443;4;54.08450704225352
DILMA;17.56756756756757;4;59.05707196029777
DILMA;24.390243902439025;4;55.182072829131656
DILMA;18.635170603674542;4;48.31730769230769
DILMA;20.098039215686274;4;56.56108597285068
DILMA;13.136729222520108;4;53.170731707317074
DILMA;30.76923076923077;4;54.83870967741935
DILMA;16.032608695652176;4;56.93069306930693
DILMA;35.687732342007436;4;46.13180515759312
DILMA;22.22222222222222;4;54.794520547945204
DILMA;18.229166666666668;4;58.31325301204819
DILMA;12.874251497005988;4;55.945945945945944
DILMA;10.975609756097562;4;55.06849315068493
DILMA;29.166666666666668;4;48.03493449781659
DILMA;26.48221343873518;4;48.39857651245551
DILMA;12.537313432835822;4;57.06521739130435
DILMA;14.444444444444445;4;49.24242424242424
DILMA;15.384615384615385;4;55.774647887323944
DILMA;21.85929648241206;4;53.96825396825397
DILMA;22.424242424242426;4;53.760445682451255
DILMA;17.771084337349397;4;55.80110497237569
DILMA;19.25133689839572;4;53.26876513317191
DILMA;15.365239294710328;4;62.83783783783784
DILMA;21.661721068249257;4;59.00277008310249
DILMA;12.668463611859838;4;52.36907730673317
DILMA;12.288135593220339;4;51.68539325842696
DILMA;12.953367875647668;4;57.142857142857146
DILMA;10.893854748603353;4;56.87830687830688
DILMA;18.92744479495268;4;55.78034682080925
DILMA;11.722488038277511;4;54.54545454545455
DILMA;12.16931216931217;4;51.22549019607843
DILMA;10.344827586206897;4;48.6013986013986
DILMA;15.864022662889518;4;53.06666666666667
DILMA;14.429530201342281;4;52.8023598820059
DILMA;13.414634146341463;4;61.235955056179776
DILMA;15.254237288135593;4;50.473186119873816
DILMA;21.428571428571427;4;50.80385852090032
DILMA;17.478510028653297;4;52.44215938303342
DILMA;15.662650602409638;4;52.03252032520325
DILMA;21.40921409214092;4;53.37837837837838
DILMA;31.715210355987054;4;51.02040816326531
DILMA;35.256410256410255;4;42.129629629629626
DILMA;19.430051813471504;4;55.257270693512304
DILMA;34.163701067615655;4;48.62385321100918
DILMA;19.34426229508197;4;55.15151515151515
DILMA;18.560606060606062;4;52.94117647058823
DILMA;14.044943820224718;4;55.38057742782152
DILMA;15.0;4;49.48717948717949
DILMA;9.67741935483871;4;5.0
DILMA;18.282548476454295;4;53.92156862745098
DILMA;14.42080378250591;4;54.56521739130435
DILMA;17.92717086834734;4;54.2713567839196
DILMA;17.768595041322314;4;51.50375939849624
DILMA;15.263157894736842;4;53.01204819277108
DILMA;11.528150134048257;4;52.87081339712919
DILMA;10.824742268041238;4;56.26477541371158
DILMA;20.0;4;48.598130841121495
DILMA;10.060975609756097;4;54.90196078431372
DILMA;14.084507042253522;4;56.67506297229219
DILMA;13.941018766756033;4;54.411764705882355
DILMA;12.094395280235988;4;52.32876712328767
DILMA;43.542435424354245;4;48.42406876790831
DILMA;14.322250639386189;4;57.718120805369125
DILMA;13.872832369942197;4;51.515151515151516
DILMA;18.322981366459626;4;54.67422096317281
DILMA;26.068376068376068;4;44.28044280442804
DILMA;13.803680981595091;4;54.5945945945946
DILMA;16.844919786096256;4;55.961070559610704
DILMA;19.565217391304348;4;55.14705882352941
DILMA;23.463687150837988;4;52.48756218905473
DILMA;14.322916666666666;4;54.23728813559322
DILMA;28.72340425531915;4;49.69512195121951
DILMA;21.21212121212121;4;47.05882352941177
DILMA;16.40378548895899;4;57.507082152974505
DILMA;21.076233183856502;4;46.875
DILMA;15.934065934065934;4;54.498714652956295
DILMA;22.15568862275449;4;61.141304347826086
DILMA;14.361702127659575;4;54.74452554744526
DILMA;16.71641791044776;4;49.189189189189186
DILMA;13.6;4;55.99022004889976
DILMA;30.827067669172934;4;51.36054421768708
DILMA;11.241217798594848;4;54.66377440347072
DILMA;39.3574297188755;4;46.62162162162162
DILMA;25.19083969465649;4;46.22641509433962
DILMA;25.0;4;45.3757225433526
DILMA;12.011173184357542;4;55.30864197530864
DILMA;14.921465968586388;4;50.83932853717026
DILMA;11.26005361930295;4;50.4739336492891
DILMA;18.87905604719764;4;51.3715710723192
DILMA;13.221153846153847;4;59.73741794310722
DILMA;31.1864406779661;4;54.54545454545455
DILMA;15.864022662889518;4;55.44303797468354
DILMA;17.153284671532848;4;53.47222222222222
DILMA;13.157894736842104;4;56.416464891041166
DILMA;16.08040201005025;4;57.589285714285715
DILMA;22.55639097744361;4;48.58934169278997
DILMA;44.72573839662447;4;44.94773519163763
DILMA;13.648293963254593;4;53.14685314685315
DILMA;13.852813852813853;4;53.18352059925093
DILMA;20.34383954154728;4;54.619565217391305
DILMA;24.624624624624623;4;50.40650406504065
DILMA;12.652068126520682;4;57.26495726495727
DILMA;12.430939226519337;4;55.66502463054187
DILMA;12.595419847328245;4;54.3859649122807
DILMA;19.310344827586206;4;53.48101265822785
DILMA;15.517241379310345;4;54.86284289276808
DILMA;18.345323741007196;4;55.37459283387622
DILMA;17.269076305220885;4;63.39622641509434
DILMA;11.023622047244094;4;50.116550116550115
DILMA;15.0997150997151;4;48.223350253807105
DILMA;32.0;4;48.367952522255194
DILMA;21.05263157894737;4;52.95454545454545
DILMA;18.233618233618234;4;55.30864197530864
DILMA;53.37837837837838;4;48.19277108433735
DILMA;14.285714285714286;4;56.28019323671498
DILMA;15.819209039548022;4;60.15228426395939
DILMA;17.515923566878982;4;46.3611859838275
DILMA;13.58695652173913;4;47.963800904977376
DILMA;24.698795180722893;4;46.26865671641791
DILMA;15.025906735751295;4;55.84415584415584
DILMA;14.887640449438202;4;57.068062827225134
DILMA;14.594594594594595;4;56.2962962962963
DILMA;24.770642201834864;4;58.267716535433074
DILMA;25.0814332247557;4;46.71916010498688
DILMA;39.50617283950617;4;54.63917525773196
DILMA;15.536723163841808;4;62.5
DILMA;14.545454545454545;4;51.832460732984295
DILMA;16.292134831460675;4;61.72839506172839
DILMA;21.406727828746178;4;50.526315789473685
DILMA;19.333333333333332;4;58.53658536585366
DILMA;31.40495867768595;4;51.04895104895105
DILMA;15.217391304347826;4;53.398058252427184
DILMA;17.819148936170212;4;50.530785562632694
DILMA;24.47129909365559;4;52.33160621761658
DILMA;16.455696202531644;4;50.54945054945055
DILMA;24.04092071611253;4;59.8233995584989
DILMA;13.51981351981352;4;56.626506024096386
DILMA;26.903553299492387;4;55.349794238683124
DILMA;10.48951048951049;4;55.96330275229358
DILMA;17.884130982367758;4;54.01606425702811
DILMA;35.625;4;46.231155778894475
DILMA;15.633423180592992;4;54.65686274509804
DILMA;19.047619047619047;4;60.0
DILMA;16.95906432748538;4;53.14861460957179
DILMA;31.496062992125985;4;52.67175572519084
DILMA;12.612612612612613;4;57.178841309823675
DILMA;9.090909090909092;4;56.0
DILMA;27.058823529411764;4;44.680851063829785
DILMA;15.021459227467812;4;57.63358778625954
DILMA;17.391304347826086;4;56.149732620320854
DILMA;15.536723163841808;4;61.20906801007557
DILMA;14.47721179624665;4;56.23471882640587
DILMA;33.587786259541986;4;58.895705521472394
DILMA;11.694510739856803;4;53.72233400402415
DILMA;20.155038759689923;4;49.67948717948718
DILMA;19.696969696969695;4;50.12594458438287
DILMA;21.62162162162162;4;49.21875
DILMA;40.0;4;45.98540145985402
DILMA;12.99638989169675;4;53.205128205128204
DILMA;10.9375;4;54.464285714285715
DILMA;14.018691588785046;4;48.818897637795274
DILMA;14.473684210526315;4;56.32183908045977
DILMA;14.285714285714286;4;47.36842105263158
DILMA;12.698412698412698;4;46.69117647058823
DILMA;29.23728813559322;4;48.708487084870846
DILMA;19.19191919191919;4;57.36607142857143
DILMA;16.08040201005025;4;56.33187772925764
DILMA;17.452830188679247;4;53.39366515837104
DILMA;15.706806282722512;4;53.125
DILMA;13.744075829383887;4;52.07373271889401
DILMA;16.486486486486488;4;56.72371638141809
DILMA;14.516129032258064;4;53.6231884057971
DILMA;17.05685618729097;4;59.130434782608695
DILMA;17.034700315457414;4;53.46820809248555
DILMA;20.74074074074074;4;53.125
DILMA;29.365079365079364;4;45.90747330960854
DILMA;13.375796178343949;4;50.0
DILMA;12.580645161290322;4;53.75722543352601
DILMA;17.174515235457065;4;50.150150150150154
DILMA;17.452830188679247;4;53.67965367965368
DILMA;13.043478260869565;4;60.0
DILMA;15.774647887323944;4;47.549019607843135
DILMA;15.300546448087431;4;54.69879518072289
DILMA;18.03713527851459;4;53.65853658536585
DILMA;13.609467455621301;4;50.78534031413613
DILMA;22.941176470588236;4;49.189189189189186
DILMA;29.2;4;49.63235294117647
DILMA;23.25581395348837;4;50.806451612903224
DILMA;18.61198738170347;4;53.763440860215056
DILMA;21.451104100946374;4;46.994535519125684
DILMA;22.897196261682243;4;50.285714285714285
DILMA;19.838056680161944;4;51.44927536231884
DILMA;20.622568093385215;4;53.16901408450704
DILMA;23.42007434944238;4;56.08108108108108
DILMA;22.56809338521401;4;53.35689045936396
DILMA;18.13953488372093;4;43.16546762589928
DILMA;22.265625;4;53.26086956521739
DILMA;13.52112676056338;4;51.75
DILMA;14.16184971098266;4;53.75
DILMA;10.422535211267606;4;59.25
DILMA;21.068249258160236;4;51.65745856353591
DILMA;17.52577319587629;4;50.11764705882353
DILMA;13.520408163265307;4;56.705882352941174
DILMA;18.205128205128204;4;54.54545454545455
DILMA;10.755813953488373;4;55.22788203753351
DILMA;16.57608695652174;4;55.55555555555556
DILMA;16.445623342175065;4;49.75609756097561
DILMA;29.71698113207547;4;47.38805970149254
DILMA;14.19939577039275;4;50.0
DILMA;14.12639405204461;4;51.74825174825175
DILMA;15.555555555555555;4;47.651006711409394
DILMA;13.058419243986254;4;53.77049180327869
DILMA;19.23076923076923;4;51.61290322580645
DILMA;13.358778625954198;4;51.60142348754449
DILMA;17.15210355987055;4;51.04477611940298
DILMA;22.044728434504794;4;56.104651162790695
DILMA;18.91891891891892;4;54.659949622166245
DILMA;16.721311475409838;4;49.112426035502956
DILMA;26.52173913043478;4;48.698884758364315
DILMA;21.91780821917808;4;47.706422018348626
DILMA;17.647058823529413;4;49.68944099378882
DILMA;16.107382550335572;4;53.96341463414634
DILMA;13.201320132013201;4;54.38066465256797
DILMA;11.186440677966102;4;50.156739811912225
DILMA;31.59722222222222;4;48.58934169278997
DILMA;11.748633879781421;4;53.753026634382564
DILMA;19.68503937007874;4;51.785714285714285
DILMA;19.346049046321525;4;48.660714285714285
DILMA;14.814814814814815;4;52.927927927927925
DILMA;33.50253807106599;4;46.15384615384615
DILMA;13.404825737265416;4;55.693069306930695
DILMA;12.182741116751268;4;53.51089588377724
DILMA;16.422287390029325;4;50.6631299734748
DILMA;19.65811965811966;4;59.45273631840796
DILMA;16.42651296829971;4;51.111111111111114
DILMA;15.342465753424657;4;49.63855421686747
DILMA;17.073170731707318;4;53.611111111111114
DILMA;16.666666666666668;4;54.21348314606742
DILMA;16.890080428954423;4;48.92601431980907
DILMA;22.802197802197803;4;51.7162471395881
