DILMA;25.510204081632654;3;2.347417840375587
DILMA;19.196428571428573;3;5.02092050209205
DILMA;20.833333333333332;3;4.057971014492754
DILMA;20.063694267515924;3;6.303724928366762
DILMA;22.274881516587676;3;0.847457627118644
DILMA;17.171717171717173;3;0.9302325581395349
DILMA;17.791411042944784;3;0.5555555555555556
DILMA;21.558441558441558;3;4.326923076923077
DILMA;16.75392670157068;3;8.51581508515815
DILMA;19.047619047619047;3;7.633587786259542
DILMA;26.495726495726494;3;4.90566037735849
DILMA;27.272727272727273;3;3.314917127071823
DILMA;18.42105263157895;3;2.816901408450704
DILMA;22.362869198312236;3;5.185185185185185
DILMA;13.503649635036496;3;3.6303630363036303
DILMA;17.098445595854923;3;1.8867924528301887
DILMA;23.497267759562842;3;5.392156862745098
DILMA;24.15730337078652;3;1.9900497512437811
DILMA;17.41741741741742;3;3.6458333333333335
DILMA;17.333333333333332;3;7.2727272727272725
DILMA;14.347826086956522;3;1.2096774193548387
DILMA;25.980392156862745;3;4.8034934497816595
DILMA;27.027027027027028;3;2.9166666666666665
DILMA;17.435897435897434;3;16.166281755196305
DILMA;20.408163265306122;3;12.844036697247706
DILMA;16.071428571428573;3;12.844036697247706
DILMA;20.388349514563107;3;0.43859649122807015
DILMA;18.613138686131386;3;2.6490066225165565
DILMA;16.883116883116884;3;2.366863905325444
DILMA;22.68041237113402;3;2.2522522522522523
DILMA;19.306930693069308;3;1.3513513513513513
DILMA;20.574162679425836;3;1.8099547511312217
DILMA;24.770642201834864;3;1.5706806282722514
DILMA;28.91156462585034;3;9.35672514619883
DILMA;22.916666666666668;3;1.8099547511312217
DILMA;17.933130699088146;3;1.075268817204301
DILMA;17.934782608695652;3;1.0582010582010581
DILMA;19.672131147540984;3;4.5592705167173255
DILMA;21.51394422310757;3;4.059040590405904
DILMA;14.423076923076923;3;0.4484304932735426
DILMA;17.307692307692307;3;0.5681818181818182
DILMA;21.066666666666666;3;8.120649651972158
DILMA;24.415584415584416;3;8.764044943820224
DILMA;22.22222222222222;3;1.0582010582010581
DILMA;16.526610644257705;3;8.040201005025125
DILMA;17.081850533807827;3;2.6578073089700998
DILMA;17.008797653958943;3;9.736842105263158
DILMA;16.095890410958905;3;6.358381502890174
DILMA;17.22689075630252;3;24.295774647887324
DILMA;17.117117117117118;3;2.6178010471204187
DILMA;17.131474103585656;3;2.2058823529411766
DILMA;16.145833333333332;3;3.3653846153846154
DILMA;19.877675840978593;3;9.660574412532638
DILMA;17.12707182320442;3;1.5873015873015872
DILMA;14.285714285714286;3;5.202312138728324
DILMA;20.975609756097562;3;3.225806451612903
DILMA;21.55388471177945;3;9.534368070953438
DILMA;19.895287958115183;3;4.205607476635514
DILMA;21.18380062305296;3;2.3529411764705883
DILMA;18.507462686567163;3;6.860158311345646
DILMA;14.423076923076923;3;2.608695652173913
DILMA;20.72829131652661;3;1.9801980198019802
DILMA;21.13095238095238;3;2.793296089385475
DILMA;18.13953488372093;3;5.194805194805195
DILMA;12.600536193029491;3;6.912442396313364
DILMA;21.818181818181817;3;9.455587392550143
DILMA;22.3433242506812;3;6.944444444444445
DILMA;19.81566820276498;3;3.8461538461538463
DILMA;20.39660056657224;3;4.545454545454546
DILMA;22.083333333333332;3;6.299212598425197
DILMA;23.497267759562842;3;7.764705882352941
DILMA;18.34061135371179;3;6.4
DILMA;16.097560975609756;3;1.6260162601626016
DILMA;23.206751054852322;3;3.7037037037037037
DILMA;14.537444933920705;3;1.639344262295082
DILMA;22.83653846153846;3;10.38961038961039
DILMA;19.93127147766323;3;4.069767441860465
DILMA;19.714285714285715;3;6.887755102040816
DILMA;13.454545454545455;3;4.3478260869565215
DILMA;18.99441340782123;3;8.866995073891626
DILMA;16.161616161616163;3;2.366863905325444
DILMA;15.929203539823009;3;4.4534412955465585
DILMA;18.617021276595743;3;4.634146341463414
DILMA;16.955017301038062;3;2.3323615160349855
DILMA;19.672131147540984;3;2.573529411764706
DILMA;17.67676767676768;3;2.314814814814815
DILMA;24.86631016042781;3;8.863636363636363
DILMA;20.218579234972676;3;9.684684684684685
DILMA;16.402116402116402;3;7.954545454545454
DILMA;17.21518987341772;3;5.286343612334802
DILMA;19.25;3;8.444444444444445
DILMA;17.70186335403727;3;10.511363636363637
DILMA;16.091954022988507;3;3.076923076923077
DILMA;19.74921630094044;3;2.857142857142857
DILMA;13.526570048309178;3;2.6548672566371683
DILMA;18.911174785100286;3;4.699738903394256
DILMA;16.886543535620053;3;8.352668213457077
DILMA;15.97938144329897;3;1.9138755980861244
DILMA;21.631205673758867;3;3.75
DILMA;22.71386430678466;3;2.9023746701846966
DILMA;28.26086956521739;3;7.954545454545454
DILMA;15.53133514986376;3;11.187214611872147
DILMA;16.50793650793651;3;5.785123966942149
DILMA;20.0;3;9.181141439205955
DILMA;17.36842105263158;3;12.331838565022421
DILMA;14.864864864864865;3;12.01814058956916
DILMA;16.034985422740526;3;6.753246753246753
DILMA;18.681318681318682;3;11.442786069651742
DILMA;21.11111111111111;3;14.215686274509803
DILMA;15.856777493606138;3;8.810572687224669
DILMA;30.346820809248555;3;10.4
DILMA;15.584415584415584;3;9.684684684684685
DILMA;15.492957746478874;3;10.103626943005182
DILMA;19.261213720316622;3;11.160714285714286
DILMA;13.577023498694517;3;10.538116591928251
DILMA;14.24731182795699;3;8.715596330275229
DILMA;18.351063829787233;3;6.27906976744186
DILMA;16.129032258064516;3;4.090909090909091
DILMA;29.081632653061224;3;6.167400881057269
DILMA;19.756838905775076;3;5.945945945945946
DILMA;15.601023017902813;3;6.320541760722348
DILMA;17.251461988304094;3;8.333333333333334
DILMA;23.14814814814815;3;5.7534246575342465
DILMA;22.53968253968254;3;7.614213197969543
DILMA;32.20338983050848;3;1.6233766233766234
DILMA;18.627450980392158;3;2.9154518950437316
DILMA;22.352941176470587;3;17.67676767676768
DILMA;17.91530944625407;3;2.8735632183908044
DILMA;21.717171717171716;3;7.391304347826087
DILMA;12.565445026178011;3;7.289293849658314
DILMA;24.345549738219894;3;8.501118568232663
DILMA;16.554054054054053;3;3.3033033033033035
DILMA;21.31979695431472;3;2.832244008714597
DILMA;16.623376623376622;3;8.053691275167786
DILMA;15.856777493606138;3;6.864988558352403
DILMA;17.933130699088146;3;9.718670076726342
DILMA;17.105263157894736;3;10.690423162583519
DILMA;14.790996784565916;3;7.0821529745042495
DILMA;20.157068062827225;3;7.865168539325842
DILMA;32.947976878612714;3;3.4313725490196076
DILMA;18.068535825545172;3;24.533333333333335
DILMA;17.662337662337663;3;16.258351893095767
DILMA;16.853932584269664;3;10.835214446952596
DILMA;17.56756756756757;3;22.493887530562347
DILMA;16.778523489932887;3;18.529411764705884
DILMA;15.877437325905293;3;20.319634703196346
DILMA;10.909090909090908;3;15.144766146993318
DILMA;16.56441717791411;3;11.256544502617801
DILMA;16.358839050131927;3;17.97752808988764
DILMA;20.0;3;10.256410256410257
DILMA;20.54054054054054;3;20.88167053364269
DILMA;28.83211678832117;3;17.46031746031746
DILMA;25.55205047318612;3;22.691292875989447
DILMA;16.822429906542055;3;16.201117318435752
DILMA;21.329639889196677;3;32.11845102505695
DILMA;18.674698795180724;3;10.432569974554708
DILMA;21.05263157894737;3;8.277404921700224
DILMA;17.94871794871795;3;9.920634920634921
DILMA;21.0727969348659;3;12.631578947368421
DILMA;21.73913043478261;3;6.510416666666667
DILMA;22.10242587601078;3;11.087866108786612
DILMA;20.66115702479339;3;9.97624703087886
DILMA;20.30075187969925;3;12.048192771084338
DILMA;22.392638036809817;3;4.040404040404041
DILMA;18.932038834951456;3;7.818930041152264
DILMA;14.245014245014245;3;9.25
DILMA;17.757009345794394;3;7.913669064748201
DILMA;19.014084507042252;3;9.054325955734406
DILMA;20.384615384615383;3;9.44055944055944
DILMA;19.911504424778762;3;5.737704918032787
DILMA;22.857142857142858;3;9.271523178807946
DILMA;17.066666666666666;3;12.866817155756207
DILMA;15.894039735099337;3;7.831325301204819
DILMA;20.597014925373134;3;10.732984293193716
DILMA;23.80952380952381;3;7.826086956521739
DILMA;16.176470588235293;3;8.433734939759036
DILMA;19.047619047619047;3;10.080645161290322
DILMA;22.84263959390863;3;10.116731517509727
DILMA;15.267175572519085;3;11.875
DILMA;19.157088122605366;3;5.828220858895706
DILMA;18.385650224215247;3;4.508196721311475
DILMA;15.596330275229358;3;5.555555555555555
DILMA;16.666666666666668;3;10.465116279069768
DILMA;20.307692307692307;3;0.9803921568627451
DILMA;16.53543307086614;3;11.945392491467576
DILMA;20.14388489208633;3;7.051282051282051
DILMA;23.529411764705884;3;3.883495145631068
DILMA;20.714285714285715;3;10.223642172523961
DILMA;20.072992700729927;3;6.109324758842444
DILMA;16.990291262135923;3;3.4482758620689653
DILMA;22.105263157894736;3;6.6455696202531644
DILMA;21.717171717171716;3;3.3707865168539324
DILMA;16.071428571428573;3;7.659574468085107
DILMA;19.90950226244344;3;3.658536585365854
DILMA;18.226600985221676;3;2.2123893805309733
DILMA;16.666666666666668;3;13.380281690140846
DILMA;19.047619047619047;3;6.806282722513089
DILMA;16.207951070336392;3;7.629427792915531
DILMA;15.223880597014926;3;9.448818897637794
DILMA;21.533923303834808;3;5.0
DILMA;19.213973799126638;3;3.501945525291829
DILMA;26.08695652173913;3;2.3715415019762847
DILMA;22.594142259414227;3;6.177606177606178
DILMA;21.57676348547718;3;0.7246376811594203
DILMA;17.180616740088105;3;5.118110236220472
DILMA;13.973799126637555;3;2.7131782945736433
DILMA;20.62780269058296;3;2.978723404255319
DILMA;19.289340101522843;3;2.2522522522522523
DILMA;17.48633879781421;3;4.225352112676056
DILMA;21.02803738317757;3;1.702127659574468
DILMA;22.4390243902439;3;3.930131004366812
DILMA;18.4;3;3.6496350364963503
DILMA;42.435424354243544;3;3.260869565217391
DILMA;27.868852459016395;3;3.587443946188341
DILMA;18.13031161473088;3;1.530612244897959
DILMA;16.939890710382514;3;0.5025125628140703
DILMA;20.218579234972676;3;1.9900497512437811
DILMA;17.97752808988764;3;2.0
DILMA;17.679558011049725;3;2.6315789473684212
DILMA;17.587939698492463;3;2.6315789473684212
DILMA;15.044247787610619;3;3.260869565217391
DILMA;12.852664576802507;3;3.4188034188034186
DILMA;16.614420062695924;3;7.520891364902507
DILMA;15.819209039548022;3;2.9023746701846966
DILMA;32.234432234432234;3;2.608695652173913
DILMA;14.5;3;7.174887892376682
DILMA;12.0;3;4.81283422459893
DILMA;46.236559139784944;3;2.127659574468085
DILMA;27.531645569620252;3;4.696132596685083
DILMA;28.37837837837838;3;0.5988023952095808
DILMA;18.045112781954888;3;4.269662921348314
DILMA;15.71072319201995;3;4.0358744394618835
DILMA;14.855072463768115;3;5.448717948717949
DILMA;14.603174603174603;3;8.454810495626822
DILMA;10.526315789473685;3;9.47867298578199
DILMA;27.697841726618705;3;4.129793510324483
DILMA;23.61516034985423;3;5.32994923857868
DILMA;13.897280966767372;3;8.19672131147541
DILMA;16.120906801007557;3;6.013363028953229
DILMA;47.766323024054984;3;3.8251366120218577
DILMA;29.714285714285715;3;3.3333333333333335
DILMA;11.046511627906977;3;3.7837837837837838
DILMA;12.844036697247706;3;5.277777777777778
DILMA;28.859060402684563;3;1.829268292682927
DILMA;27.946127946127945;3;4.63768115942029
DILMA;36.22047244094488;3;6.472491909385114
DILMA;27.796610169491526;3;3.151862464183381
DILMA;10.606060606060606;3;3.943661971830986
DILMA;35.49488054607509;3;3.468208092485549
DILMA;11.910669975186105;3;6.651884700665189
DILMA;17.478510028653297;3;6.297229219143577
DILMA;22.023809523809526;3;9.545454545454545
DILMA;12.181303116147308;3;6.775067750677507
DILMA;9.480122324159021;3;5.54016620498615
DILMA;16.91842900302115;3;6.685236768802229
DILMA;13.86861313868613;3;5.0
DILMA;13.119533527696793;3;6.267029972752043
DILMA;66.53543307086615;3;6.779661016949152
DILMA;14.137931034482758;3;2.236421725239617
DILMA;12.647058823529411;3;4.825737265415549
DILMA;13.10344827586207;3;4.8076923076923075
DILMA;16.70886075949367;3;6.802721088435374
DILMA;19.71014492753623;3;4.325699745547074
DILMA;25.668449197860962;3;8.67579908675799
DILMA;15.652173913043478;3;5.699481865284974
DILMA;17.647058823529413;3;8.375634517766498
DILMA;12.864077669902912;3;6.726457399103139
DILMA;9.06515580736544;3;4.712041884816754
DILMA;13.333333333333334;3;1.9867549668874172
DILMA;13.178294573643411;3;5.405405405405405
DILMA;29.36802973977695;3;2.3391812865497075
DILMA;13.135593220338983;3;9.727626459143968
DILMA;16.615384615384617;3;1.9662921348314606
DILMA;12.27621483375959;3;6.0324825986078885
DILMA;13.128491620111731;3;2.295918367346939
DILMA;20.858895705521473;3;7.222222222222222
DILMA;10.199004975124378;3;5.066079295154185
DILMA;40.51094890510949;3;1.5197568389057752
DILMA;10.662824207492795;3;5.3984575835475574
DILMA;14.661654135338345;3;5.369127516778524
DILMA;29.807692307692307;3;5.277777777777778
DILMA;18.823529411764707;3;5.303030303030303
DILMA;28.333333333333332;3;3.932584269662921
DILMA;10.526315789473685;3;6.852791878172589
DILMA;14.540816326530612;3;12.162162162162161
DILMA;15.776081424936386;3;5.656108597285068
DILMA;14.857142857142858;3;4.615384615384615
DILMA;11.073825503355705;3;6.41399416909621
DILMA;13.506493506493506;3;5.168539325842697
DILMA;17.934782608695652;3;4.390243902439025
DILMA;11.042944785276074;3;4.43213296398892
DILMA;16.38888888888889;3;6.091370558375634
DILMA;13.170731707317072;3;6.981981981981982
DILMA;17.45562130177515;3;1.3774104683195592
DILMA;21.188630490956072;3;7.207207207207207
DILMA;10.429447852760736;3;8.695652173913043
DILMA;10.204081632653061;3;5.181347150259067
DILMA;13.300492610837438;3;8.843537414965986
DILMA;35.483870967741936;3;10.784313725490197
DILMA;15.217391304347826;3;4.185022026431718
DILMA;15.168539325842696;3;1.0101010101010102
DILMA;21.119592875318066;3;10.29082774049217
DILMA;12.280701754385966;3;13.08411214953271
DILMA;13.28125;3;17.11111111111111
DILMA;16.86046511627907;3;12.244897959183673
DILMA;18.289085545722713;3;8.205128205128204
DILMA;12.436548223350254;3;6.502242152466367
DILMA;11.029411764705882;3;24.242424242424242
DILMA;15.895953757225433;3;13.73056994818653
DILMA;21.03448275862069;3;13.738019169329073
DILMA;10.909090909090908;3;16.711590296495956
DILMA;17.404129793510325;3;5.555555555555555
DILMA;14.110429447852761;3;14.56043956043956
DILMA;29.15129151291513;3;13.662790697674419
DILMA;14.779874213836479;3;10.933333333333334
DILMA;18.91025641025641;3;18.58407079646018
DILMA;12.222222222222221;3;20.58823529411765
DILMA;16.164383561643834;3;13.054187192118226
DILMA;25.0;3;21.54696132596685
DILMA;17.045454545454547;3;17.692307692307693
DILMA;13.399503722084367;3;19.733924611973393
DILMA;46.64179104477612;3;4.5822102425876015
DILMA;14.534883720930232;3;5.49738219895288
DILMA;29.454545454545453;3;9.821428571428571
DILMA;17.59776536312849;3;17.57105943152455
DILMA;13.105413105413106;3;22.22222222222222
DILMA;11.733333333333333;3;15.60846560846561
DILMA;31.896551724137932;3;10.596026490066226
DILMA;19.29824561403509;3;53.333333333333336
DILMA;13.846153846153847;3;11.204481792717086
DILMA;13.043478260869565;3;45.945945945945944
DILMA;13.274336283185841;3;16.358839050131927
DILMA;14.325068870523417;3;2.8350515463917527
DILMA;13.68421052631579;3;14.018691588785046
DILMA;14.759036144578314;3;9.577464788732394
DILMA;12.776412776412776;3;28.635346756152124
DILMA;13.194444444444445;3;16.060606060606062
DILMA;17.58957654723127;3;21.195652173913043
DILMA;34.48275862068966;3;34.13897280966767
DILMA;19.148936170212767;3;12.993039443155453
DILMA;32.95880149812734;3;12.460063897763579
DILMA;20.05730659025788;3;21.67487684729064
DILMA;18.03713527851459;3;20.689655172413794
DILMA;14.838709677419354;3;2.7027027027027026
DILMA;16.31419939577039;3;15.989159891598916
DILMA;14.882506527415144;3;41.42538975501114
DILMA;15.277777777777779;3;11.827956989247312
DILMA;18.13186813186813;3;38.256658595641646
DILMA;10.658307210031348;3;10.451977401129943
DILMA;15.0;3;18.867924528301888
DILMA;32.394366197183096;3;35.54913294797688
DILMA;17.223650385604113;3;16.976744186046513
DILMA;21.022727272727273;3;21.69811320754717
DILMA;18.181818181818183;3;3.5608308605341246
DILMA;15.957446808510639;3;11.809045226130653
DILMA;15.691489361702128;3;25.225225225225227
DILMA;11.845730027548209;3;11.007025761124122
DILMA;19.946091644204852;3;13.932584269662922
DILMA;15.384615384615385;3;5.647058823529412
DILMA;14.520547945205479;3;5.797101449275362
DILMA;12.747875354107649;3;12.5
DILMA;22.22222222222222;3;9.243697478991596
DILMA;17.37704918032787;3;2.6865671641791047
DILMA;15.406162464985995;3;7.547169811320755
DILMA;14.893617021276595;3;13.178294573643411
DILMA;23.36182336182336;3;10.75
DILMA;15.750915750915752;3;5.347593582887701
DILMA;12.236286919831224;3;18.181818181818183
DILMA;17.073170731707318;3;10.703363914373089
DILMA;15.568862275449101;3;10.9375
DILMA;20.12578616352201;3;3.977272727272727
DILMA;18.803418803418804;3;18.568232662192393
DILMA;14.285714285714286;3;15.151515151515152
DILMA;14.50381679389313;3;15.614617940199336
DILMA;21.22905027932961;3;14.545454545454545
DILMA;13.333333333333334;3;11.666666666666666
DILMA;15.384615384615385;3;26.21359223300971
DILMA;20.408163265306122;3;13.40782122905028
DILMA;17.647058823529413;3;2.2598870056497176
DILMA;18.91891891891892;3;15.789473684210526
DILMA;17.91530944625407;3;4.507042253521127
DILMA;16.459627329192546;3;3.0985915492957745
DILMA;13.548387096774194;3;8.092485549132949
DILMA;39.76377952755905;3;3.067484662576687
DILMA;13.80281690140845;3;6.363636363636363
DILMA;13.978494623655914;3;4.477611940298507
DILMA;21.195652173913043;3;6.5
DILMA;17.46987951807229;3;3.225806451612903
DILMA;15.789473684210526;3;3.542234332425068
DILMA;14.733542319749215;3;2.6954177897574123
DILMA;9.701492537313433;3;6.688963210702341
DILMA;11.02661596958175;3;5.442176870748299
DILMA;17.428571428571427;3;6.153846153846154
DILMA;16.80911680911681;3;4.8346055979643765
DILMA;40.225563909774436;3;2.735562310030395
DILMA;8.55457227138643;3;6.806282722513089
DILMA;16.75977653631285;3;1.5789473684210527
DILMA;14.024390243902438;3;4.419889502762431
DILMA;14.805194805194805;3;6.046511627906977
DILMA;17.28723404255319;3;3.981264637002342
DILMA;18.666666666666668;3;4.883720930232558
DILMA;14.824797843665769;3;4.265402843601896
DILMA;16.182572614107883;3;2.661596958174905
DILMA;19.758064516129032;3;1.9455252918287937
DILMA;14.893617021276595;3;4.182509505703422
DILMA;13.66120218579235;3;0.4975124378109453
DILMA;20.670391061452513;3;1.0256410256410255
DILMA;14.525139664804469;3;2.6041666666666665
DILMA;17.197452229299362;3;7.647058823529412
DILMA;15.451895043731778;3;4.909560723514212
DILMA;15.44943820224719;3;4.909560723514212
DILMA;18.26625386996904;3;0.8403361344537815
DILMA;18.84498480243161;3;2.2099447513812156
DILMA;14.285714285714286;3;5.656108597285068
DILMA;12.121212121212121;3;5.3097345132743365
DILMA;36.8421052631579;3;0.9302325581395349
DILMA;11.594202898550725;3;6.182795698924731
DILMA;16.573033707865168;3;1.7811704834605597
DILMA;18.591549295774648;3;1.530612244897959
DILMA;18.181818181818183;3;6.557377049180328
DILMA;16.923076923076923;3;1.4150943396226414
DILMA;17.112299465240643;3;4.444444444444445
DILMA;19.104477611940297;3;7.425742574257426
DILMA;19.273743016759777;3;6.467661691542289
DILMA;20.22792022792023;3;5.15970515970516
DILMA;17.045454545454547;3;1.7182130584192439
DILMA;29.10958904109589;3;5.191256830601093
DILMA;13.150684931506849;3;2.5188916876574305
DILMA;16.486486486486488;3;1.0309278350515463
DILMA;17.052023121387283;3;2.3136246786632393
DILMA;14.112903225806452;3;2.973977695167286
DILMA;13.623978201634877;3;14.496314496314497
DILMA;10.526315789473685;3;1.8867924528301887
DILMA;15.725806451612904;3;1.5384615384615385
DILMA;10.839160839160838;3;5.194805194805195
DILMA;12.544802867383513;3;3.741496598639456
DILMA;15.104166666666666;3;11.333333333333334
DILMA;26.440677966101696;3;3.8251366120218577
DILMA;16.358839050131927;3;7.865168539325842
DILMA;15.0;3;8.071748878923767
DILMA;18.367346938775512;3;7.111111111111111
DILMA;19.52054794520548;3;4.416403785488959
DILMA;16.666666666666668;3;6.25
DILMA;11.656441717791411;3;10.256410256410257
DILMA;14.16184971098266;3;5.882352941176471
DILMA;13.994169096209912;3;5.626598465473146
DILMA;18.495297805642632;3;7.18232044198895
DILMA;29.41176470588235;3;5.769230769230769
DILMA;13.26530612244898;3;5.128205128205129
DILMA;15.656565656565656;3;6.590909090909091
DILMA;12.88659793814433;3;6.872037914691943
DILMA;27.761194029850746;3;7.339449541284404
DILMA;12.56281407035176;3;10.135135135135135
DILMA;11.380145278450364;3;9.713024282560706
DILMA;12.745098039215685;3;6.2770562770562774
DILMA;10.591133004926109;3;7.589285714285714
DILMA;12.466124661246612;3;6.435643564356436
DILMA;39.63963963963964;3;2.8469750889679717
DILMA;35.16949152542373;3;1.9841269841269842
DILMA;43.50282485875706;3;0.4444444444444444
DILMA;43.111111111111114;3;0.684931506849315
DILMA;36.69724770642202;3;0.34843205574912894
DILMA;44.01709401709402;3;0.36101083032490977
DILMA;36.24454148471616;3;7.26643598615917
DILMA;39.473684210526315;3;3.8596491228070176
DILMA;40.43478260869565;3;5.016722408026756
DILMA;37.96296296296296;3;7.638888888888889
DILMA;35.111111111111114;3;4.98220640569395
DILMA;42.731277533039645;3;4.659498207885305
DILMA;38.13953488372093;3;2.2813688212927756
DILMA;42.857142857142854;3;4.8582995951417
DILMA;47.32142857142857;3;1.0309278350515463
DILMA;36.21621621621622;3;4.605263157894737
DILMA;39.42307692307692;3;2.641509433962264
DILMA;47.808764940239044;3;1.5686274509803921
DILMA;40.09661835748792;3;1.8518518518518519
DILMA;40.43478260869565;3;1.8248175182481752
DILMA;40.0;3;3.900709219858156
DILMA;36.986301369863014;3;1.3605442176870748
DILMA;58.333333333333336;3;3.875968992248062
DILMA;82.67716535433071;3;1.6260162601626016
DILMA;73.39449541284404;3;5.343511450381679
DILMA;70.71428571428571;3;0.4424778761061947
DILMA;14.285714285714286;3;14.814814814814815
DILMA;45.16129032258065;3;3.5294117647058822
DILMA;40.56603773584906;3;2.1352313167259784
DILMA;39.34426229508197;3;40.0
DILMA;48.76543209876543;3;25.19685039370079
DILMA;43.61702127659574;3;44.86486486486486
DILMA;44.97607655502392;3;1.486988847583643
DILMA;31.756756756756758;3;49.71098265895954
DILMA;50.72463768115942;3;32.926829268292686
DILMA;57.05521472392638;3;28.125
DILMA;39.38053097345133;3;1.644736842105263
DILMA;36.563876651982376;3;2.6058631921824102
DILMA;37.30769230769231;3;5.594405594405594
DILMA;37.102473498233216;3;2.7303754266211606
DILMA;24.025974025974026;3;9.798994974874372
DILMA;6.722689075630252;3;5.161290322580645
DILMA;50.0;3;11.475409836065573
DILMA;48.57142857142857;3;11.39240506329114
DILMA;19.375;3;11.822660098522167
DILMA;22.746781115879827;3;34.98349834983498
DILMA;35.741444866920155;3;29.310344827586206
DILMA;22.55639097744361;3;23.417721518987342
DILMA;49.18032786885246;3;15.068493150684931
DILMA;20.714285714285715;3;10.126582278481013
DILMA;25.78397212543554;3;8.793969849246231
DILMA;21.428571428571427;3;5.630026809651475
DILMA;21.245421245421245;3;9.89010989010989
DILMA;25.096525096525095;3;5.8171745152354575
DILMA;21.691176470588236;3;4.986149584487535
DILMA;24.456521739130434;3;0.819672131147541
DILMA;23.295454545454547;3;1.6326530612244898
DILMA;23.70689655172414;3;0.6430868167202572
DILMA;24.41860465116279;3;5.491329479768786
DILMA;29.46058091286307;3;0.6410256410256411
DILMA;22.65625;3;0.3184713375796178
DILMA;26.970954356846473;3;1.5105740181268883
DILMA;30.223880597014926;3;3.823529411764706
DILMA;23.728813559322035;3;4.81283422459893
DILMA;26.35135135135135;3;4.787234042553192
DILMA;25.080385852090032;3;6.075949367088608
DILMA;24.333333333333332;3;4.859335038363171
DILMA;20.689655172413794;3;6.36604774535809
DILMA;31.203007518796994;3;4.225352112676056
DILMA;21.568627450980394;3;3.723404255319149
DILMA;26.053639846743295;3;4.918032786885246
DILMA;28.928571428571427;3;5.449591280653951
DILMA;22.340425531914892;3;10.256410256410257
DILMA;21.908127208480565;3;13.486005089058525
DILMA;24.573378839590443;3;9.974424552429667
DILMA;28.8135593220339;3;1.2552301255230125
DILMA;25.146198830409357;3;0.8368200836820083
DILMA;26.778242677824267;3;6.086956521739131
DILMA;31.80327868852459;3;5.025125628140704
DILMA;33.440514469453376;3;6.532663316582915
DILMA;42.508710801393725;3;10.831234256926953
DILMA;35.85526315789474;3;9.669211195928753
DILMA;40.549828178694156;3;9.595959595959595
DILMA;36.271186440677965;3;11.363636363636363
DILMA;39.23076923076923;3;4.722222222222222
DILMA;36.462093862815884;3;4.986149584487535
DILMA;40.67796610169491;3;7.594936708860759
DILMA;26.79127725856698;3;13.81074168797954
DILMA;41.666666666666664;3;7.3604060913705585
DILMA;41.355932203389834;3;5.897435897435898
DILMA;42.532467532467535;3;5.822784810126582
DILMA;22.68041237113402;3;4.278074866310161
DILMA;27.40740740740741;3;5.865102639296188
DILMA;24.344569288389515;3;6.956521739130435
DILMA;18.62348178137652;3;2.6706231454005933
DILMA;43.24324324324324;3;0.33112582781456956
DILMA;41.666666666666664;3;10.025706940874036
DILMA;25.752508361204015;3;16.49484536082474
DILMA;35.84905660377358;3;7.142857142857143
DILMA;24.257425742574256;3;1.25
DILMA;24.0;3;6.432748538011696
DILMA;35.256410256410255;3;5.857740585774058
DILMA;23.694779116465863;3;0.9646302250803859
DILMA;23.10924369747899;3;0.31746031746031744
DILMA;23.417721518987342;3;8.585858585858587
DILMA;20.233463035019454;3;1.8126888217522659
DILMA;27.309236947791163;3;1.7543859649122806
DILMA;23.25581395348837;3;13.350785340314136
DILMA;40.64748201438849;3;10.317460317460318
DILMA;23.076923076923077;3;9.462915601023019
DILMA;24.409448818897637;3;0.6329113924050633
DILMA;37.01298701298701;3;12.658227848101266
DILMA;23.134328358208954;3;20.895522388059703
DILMA;28.755364806866954;3;16.666666666666668
DILMA;31.40495867768595;3;1.4450867052023122
DILMA;18.75;3;23.417721518987342
DILMA;18.502202643171806;3;2.127659574468085
DILMA;29.721362229102166;3;26.104417670682732
DILMA;18.218623481781375;3;2.023121387283237
DILMA;24.056603773584907;3;4.104477611940299
DILMA;48.1981981981982;3;14.509803921568627
DILMA;32.5;3;3.932584269662921
DILMA;26.96629213483146;3;19.081272084805654
DILMA;36.13861386138614;3;26.072607260726073
DILMA;39.11290322580645;3;20.34383954154728
DILMA;27.77777777777778;3;2.1798365122615806
DILMA;19.047619047619047;3;32.67716535433071
DILMA;21.804511278195488;3;33.72093023255814
DILMA;26.460481099656356;3;29.155313351498638
DILMA;21.694915254237287;3;44.41489361702128
DILMA;19.488817891373802;3;38.67684478371501
DILMA;29.677419354838708;3;8.530805687203792
DILMA;9.852216748768473;3;10.380622837370241
DILMA;5.555555555555555;3;46.15384615384615
DILMA;46.753246753246756;3;12.616822429906541
DILMA;31.407942238267147;3;35.2112676056338
DILMA;37.903225806451616;3;0.6097560975609756
DILMA;35.80246913580247;3;13.414634146341463
DILMA;51.14754098360656;3;9.424083769633508
DILMA;55.921052631578945;3;8.77659574468085
DILMA;44.97991967871486;3;11.74698795180723
DILMA;54.51807228915663;3;8.020050125313283
DILMA;37.56613756613756;3;0.6289308176100629
DILMA;24.91103202846975;3;15.056818181818182
DILMA;25.714285714285715;3;4.0201005025125625
DILMA;28.40909090909091;3;11.914893617021276
DILMA;28.67924528301887;3;9.565217391304348
DILMA;22.175732217573223;3;3.7542662116040955
DILMA;28.571428571428573;3;2.336448598130841
DILMA;49.280575539568346;3;12.228260869565217
DILMA;50.88339222614841;3;11.548556430446194
DILMA;39.548022598870055;3;0.4329004329004329
DILMA;30.8411214953271;3;6.25
DILMA;39.37007874015748;3;3.553299492385787
DILMA;31.135531135531135;3;11.436950146627566
DILMA;28.15884476534296;3;8.169014084507042
DILMA;28.35820895522388;3;10.614525139664805
DILMA;30.76923076923077;3;7.5
DILMA;31.65137614678899;3;10.714285714285714
DILMA;45.76271186440678;3;2.6737967914438503
DILMA;32.89473684210526;3;3.9408866995073892
DILMA;32.56704980842912;3;8.146067415730338
DILMA;32.377049180327866;3;3.7037037037037037
DILMA;30.0;3;10.330578512396695
DILMA;50.34722222222222;3;9.898477157360405
DILMA;34.69387755102041;3;7.633587786259542
DILMA;30.47945205479452;3;5.128205128205129
DILMA;36.206896551724135;3;8.333333333333334
DILMA;27.480916030534353;3;8.641975308641975
DILMA;26.976744186046513;3;1.8115942028985508
DILMA;37.827715355805246;3;5.865921787709497
DILMA;46.09665427509294;3;4.774535809018568
DILMA;46.22641509433962;3;0.32679738562091504
DILMA;50.0;3;2.6706231454005933
DILMA;37.74834437086093;3;11.195928753180661
DILMA;48.63013698630137;3;12.073490813648293
DILMA;45.55160142348755;3;7.512953367875648
DILMA;54.13793103448276;3;7.142857142857143
DILMA;36.633663366336634;3;3.4482758620689653
DILMA;35.22727272727273;3;12.977099236641221
DILMA;36.597938144329895;3;9.608540925266905
DILMA;32.870370370370374;3;8.041958041958042
DILMA;55.79710144927536;3;6.315789473684211
DILMA;42.016806722689076;3;12.333333333333334
DILMA;43.1438127090301;3;13.197969543147208
DILMA;29.365079365079364;3;4.0625
DILMA;25.503355704697988;3;7.466666666666667
DILMA;32.6271186440678;3;1.3468013468013469
DILMA;29.515418502202643;3;5.9375
DILMA;29.6875;3;1.8018018018018018
DILMA;52.84280936454849;3;7.83289817232376
DILMA;48.18652849740933;3;12.222222222222221
DILMA;40.95238095238095;3;7.3426573426573425
DILMA;32.298136645962735;3;4.918032786885246
DILMA;29.04564315352697;3;2.903225806451613
DILMA;36.655948553054664;3;14.249363867684478
DILMA;41.74757281553398;3;8.540925266903914
DILMA;37.56345177664975;3;8.041958041958042
DILMA;43.36734693877551;3;5.033557046979865
DILMA;23.346303501945524;3;3.7900874635568513
DILMA;52.54237288135593;3;5.649717514124294
DILMA;31.95020746887967;3;8.024691358024691
DILMA;32.42009132420091;3;11.428571428571429
DILMA;52.94117647058823;3;8.484848484848484
DILMA;32.103321033210335;3;7.123287671232877
DILMA;24.623115577889447;3;4.273504273504273
DILMA;54.75409836065574;3;10.455764075067025
DILMA;66.66666666666667;3;12.23404255319149
DILMA;52.4822695035461;3;7.0
DILMA;31.182795698924732;3;9.565217391304348
DILMA;30.476190476190474;3;6.227106227106227
DILMA;32.342007434944236;3;9.034267912772586
DILMA;26.666666666666668;3;15.686274509803921
DILMA;24.738675958188153;3;9.536784741144414
DILMA;29.80392156862745;3;11.926605504587156
DILMA;51.77514792899408;3;8.10126582278481
DILMA;35.80246913580247;3;11.945392491467576
DILMA;27.966101694915253;3;9.433962264150944
DILMA;36.87707641196013;3;13.73056994818653
DILMA;26.492537313432837;3;5.294117647058823
DILMA;36.177474402730375;3;9.462915601023019
DILMA;41.34615384615385;3;12.564102564102564
DILMA;35.44973544973545;3;3.4334763948497855
DILMA;26.905829596412556;3;4.123711340206185
DILMA;34.55882352941177;3;8.16326530612245
DILMA;32.69230769230769;3;0.6578947368421053
DILMA;28.88888888888889;3;0.7092198581560284
DILMA;47.417840375586856;3;10.408921933085502
DILMA;47.24770642201835;3;8.8339222614841
DILMA;37.71043771043771;3;4.022988505747127
DILMA;29.661016949152543;3;6.756756756756757
DILMA;50.90252707581227;3;5.865921787709497
DILMA;27.551020408163264;3;13.649025069637883
DILMA;37.5;3;6.741573033707865
DILMA;66.66666666666667;3;6.830601092896175
DILMA;20.930232558139537;3;12.422360248447205
DILMA;41.29353233830846;3;6.4
DILMA;38.9937106918239;3;7.177033492822966
DILMA;28.01556420233463;3;2.1021021021021022
DILMA;27.96934865900383;3;10.714285714285714
DILMA;53.57142857142857;3;5.774278215223097
DILMA;54.42176870748299;3;11.956521739130435
DILMA;52.94117647058823;3;11.07266435986159
DILMA;33.439490445859875;3;12.5
DILMA;32.075471698113205;3;0.45045045045045046
DILMA;34.716981132075475;3;9.418282548476455
DILMA;62.608695652173914;3;9.30232558139535
DILMA;23.333333333333332;3;18.103448275862068
DILMA;42.857142857142854;3;3.5714285714285716
DILMA;61.39705882352941;3;10.027855153203342
DILMA;34.177215189873415;3;9.852216748768473
DILMA;42.916666666666664;3;12.933753943217665
DILMA;40.40816326530612;3;6.626506024096385
DILMA;36.75213675213675;3;3.125
DILMA;47.142857142857146;3;11.940298507462687
DILMA;56.64739884393064;3;8.564231738035264
DILMA;54.13533834586466;3;10.51051051051051
DILMA;50.22831050228311;3;7.5
DILMA;40.963855421686745;3;17.197452229299362
DILMA;24.242424242424242;3;12.269938650306749
DILMA;52.70935960591133;3;10.223642172523961
DILMA;32.967032967032964;3;8.454810495626822
DILMA;48.84615384615385;3;9.198813056379821
DILMA;30.181818181818183;3;4.069767441860465
DILMA;44.680851063829785;3;10.545454545454545
DILMA;22.99651567944251;3;9.803921568627452
DILMA;30.303030303030305;3;8.368200836820083
DILMA;36.08695652173913;3;13.149847094801224
DILMA;52.44755244755245;3;19.895287958115183
DILMA;22.09737827715356;3;11.484593837535014
DILMA;23.828125;3;14.848484848484848
DILMA;41.1764705882353;3;16.9811320754717
DILMA;27.941176470588236;3;2.898550724637681
DILMA;48.125;3;14.467005076142131
DILMA;49.26470588235294;3;13.296398891966758
DILMA;36.7003367003367;3;13.65979381443299
DILMA;29.537366548042705;3;8.401084010840108
DILMA;21.25;3;9.25925925925926
DILMA;31.294964028776977;3;3.5502958579881656
DILMA;25.862068965517242;3;8.813559322033898
DILMA;30.103806228373703;3;11.609498680738787
DILMA;36.58536585365854;3;14.634146341463415
DILMA;30.76923076923077;3;12.684365781710914
DILMA;37.2093023255814;3;12.747875354107649
DILMA;32.45614035087719;3;14.444444444444445
DILMA;47.31182795698925;3;6.432748538011696
DILMA;34.857142857142854;3;12.295081967213115
DILMA;54.15384615384615;3;12.72264631043257
DILMA;61.570247933884296;3;0.8955223880597015
DILMA;49.501661129568106;3;9.68586387434555
DILMA;28.14814814814815;3;4.057971014492754
DILMA;51.01010101010101;3;13.008130081300813
DILMA;29.365079365079364;3;12.953367875647668
DILMA;48.0;3;15.18324607329843
DILMA;55.223880597014926;3;9.333333333333334
DILMA;68.32579185520362;3;1.5384615384615385
DILMA;26.818181818181817;3;11.151079136690647
DILMA;47.602739726027394;3;9.72972972972973
DILMA;69.33962264150944;3;21.25984251968504
DILMA;78.81619937694704;3;11.144578313253012
DILMA;29.447852760736197;3;26.600985221674875
DILMA;47.111111111111114;3;32.78688524590164
DILMA;24.352331606217618;3;1.5384615384615385
DILMA;37.391304347826086;3;0.3021148036253776
DILMA;52.15311004784689;3;9.737827715355806
DILMA;32.6241134751773;3;21.34502923976608
DILMA;37.755102040816325;3;19.753086419753085
DILMA;42.16867469879518;3;27.345844504021446
DILMA;12.941176470588236;3;23.18840579710145
DILMA;67.6056338028169;3;23.80952380952381
DILMA;24.46808510638298;3;29.526462395543174
DILMA;30.501930501930502;3;19.94047619047619
DILMA;34.285714285714285;3;27.102803738317757
DILMA;23.529411764705884;3;1.550387596899225
DILMA;23.076923076923077;3;10.655737704918034
DILMA;17.97752808988764;3;8.906882591093117
DILMA;54.5;3;10.91703056768559
DILMA;51.207729468599034;3;11.885245901639344
DILMA;55.913978494623656;3;35.0
DILMA;24.81203007518797;3;35.416666666666664
DILMA;46.57534246575342;3;23.696682464454977
DILMA;60.58091286307054;3;22.916666666666668
DILMA;64.97695852534562;3;24.1635687732342
DILMA;59.310344827586206;3;17.616580310880828
DILMA;21.21212121212121;3;48.529411764705884
DILMA;13.68421052631579;3;12.121212121212121
DILMA;31.132075471698112;3;10.94890510948905
DILMA;85.15625;3;16.568047337278106
DILMA;50.0;3;16.556291390728475
DILMA;36.53846153846154;3;15.384615384615385
DILMA;33.333333333333336;3;13.533834586466165
DILMA;75.38461538461539;3;15.107913669064748
DILMA;52.525252525252526;3;11.475409836065573
DILMA;63.06818181818182;3;12.953367875647668
DILMA;27.40740740740741;3;1.7621145374449338
DILMA;55.483870967741936;3;24.316939890710383
DILMA;75.0;3;11.940298507462687
DILMA;32.11009174311926;3;20.610687022900763
DILMA;75.75757575757575;3;15.789473684210526
DILMA;61.904761904761905;3;15.0
DILMA;27.062706270627064;3;35.50913838120105
DILMA;34.86842105263158;3;13.636363636363637
DILMA;51.14942528735632;3;15.384615384615385
DILMA;75.625;3;12.953367875647668
DILMA;44.0;3;11.864406779661017
DILMA;37.5;3;1.345291479820628
DILMA;60.3448275862069;3;13.580246913580247
DILMA;48.51485148514851;3;11.851851851851851
DILMA;27.335640138408305;3;42.565597667638485
DILMA;33.44827586206897;3;31.791907514450866
DILMA;52.0;3;15.789473684210526
DILMA;55.34591194968554;3;11.904761904761905
DILMA;7.299270072992701;3;11.46788990825688
DILMA;45.018450184501845;3;34.22053231939164
DILMA;32.720588235294116;3;42.857142857142854
DILMA;54.91803278688525;3;15.723270440251572
DILMA;52.20338983050848;3;34.492753623188406
DILMA;43.037974683544306;3;25.862068965517242
DILMA;26.666666666666668;3;31.77570093457944
DILMA;48.07692307692308;3;4.918032786885246
DILMA;30.62200956937799;3;0.6410256410256411
DILMA;29.850746268656717;3;2.840909090909091
DILMA;28.436018957345972;3;2.112676056338028
DILMA;27.941176470588236;3;10.089020771513352
DILMA;28.625954198473284;3;11.30952380952381
DILMA;29.32330827067669;3;7.2507552870090635
DILMA;24.793388429752067;3;6.779661016949152
DILMA;33.65853658536585;3;8.8339222614841
DILMA;32.870370370370374;3;12.056737588652481
DILMA;35.034013605442176;3;11.508951406649617
DILMA;28.630705394190873;3;3.488372093023256
DILMA;28.01556420233463;3;3.582089552238806
DILMA;31.3953488372093;3;6.231454005934718
DILMA;28.957528957528957;3;3.592814371257485
DILMA;27.81954887218045;3;9.696969696969697
DILMA;27.976190476190474;3;1.7094017094017093
DILMA;18.250950570342205;3;10.179640718562874
DILMA;31.73076923076923;3;2.5157232704402515
DILMA;30.939226519337016;3;13.877551020408163
DILMA;35.38461538461539;3;12.345679012345679
DILMA;29.64426877470356;3;2.346041055718475
DILMA;34.04255319148936;3;2.077151335311573
DILMA;32.20973782771536;3;12.979351032448378
DILMA;32.196969696969695;3;12.573099415204679
DILMA;36.612021857923494;3;13.559322033898304
DILMA;37.2093023255814;3;2.73972602739726
DILMA;25.19685039370079;3;3.669724770642202
DILMA;33.333333333333336;3;7.317073170731708
DILMA;29.11392405063291;3;7.960199004975125
DILMA;34.78260869565217;3;6.829268292682927
DILMA;29.545454545454547;3;10.81081081081081
DILMA;29.533678756476682;3;4.195804195804196
DILMA;23.387096774193548;3;6.557377049180328
DILMA;41.851851851851855;3;10.15625
DILMA;48.78048780487805;3;6.845238095238095
DILMA;42.5531914893617;3;7.580174927113703
DILMA;39.11290322580645;3;2.623906705539359
DILMA;53.90334572490706;3;10.824742268041238
DILMA;54.729729729729726;3;13.766233766233766
DILMA;45.149253731343286;3;12.137203166226913
DILMA;45.833333333333336;3;8.201058201058201
DILMA;38.225255972696246;3;11.195928753180661
DILMA;38.888888888888886;3;7.420494699646643
DILMA;40.08810572687225;3;4.794520547945205
DILMA;40.104166666666664;3;8.208955223880597
DILMA;32.77777777777778;3;9.541984732824428
DILMA;40.08438818565401;3;8.940397350993377
DILMA;34.859154929577464;3;2.54957507082153
DILMA;47.55555555555556;3;2.9508196721311477
DILMA;37.89808917197452;3;12.468193384223918
DILMA;39.333333333333336;3;10.204081632653061
DILMA;44.70198675496689;3;9.948979591836734
DILMA;42.42424242424242;3;1.948051948051948
DILMA;40.07936507936508;3;7.396449704142012
DILMA;39.15343915343915;3;16.666666666666668
DILMA;5.747126436781609;3;17.293233082706767
DILMA;85.33333333333333;3;15.808823529411764
DILMA;69.51219512195122;3;8.130081300813009
DILMA;44.05940594059406;3;36.96498054474708
DILMA;54.7085201793722;3;48.09688581314879
DILMA;85.96491228070175;3;20.0
DILMA;38.857142857142854;3;57.27272727272727
DILMA;47.916666666666664;3;32.35294117647059
DILMA;41.97530864197531;3;43.24324324324324
DILMA;68.26923076923077;3;21.951219512195124
DILMA;54.49438202247191;3;29.43548387096774
DILMA;56.70103092783505;3;26.037735849056602
DILMA;44.134078212290504;3;1.9230769230769231
DILMA;39.86486486486486;3;1.271186440677966
DILMA;43.19526627218935;3;2.9535864978902953
DILMA;47.61904761904762;3;0.796812749003984
DILMA;38.94230769230769;3;0.3389830508474576
DILMA;38.095238095238095;3;8.16326530612245
DILMA;43.82022471910113;3;1.1450381679389312
DILMA;46.07843137254902;3;9.215017064846416
DILMA;41.55251141552512;3;0.6968641114982579
DILMA;46.08294930875576;3;8.080808080808081
DILMA;53.42465753424658;3;1.3986013986013985
DILMA;51.196172248803826;3;0.7067137809187279
DILMA;45.893719806763286;3;0.6920415224913494
DILMA;45.91836734693877;3;1.550387596899225
DILMA;46.408839779005525;3;4.310344827586207
DILMA;44.72573839662447;3;7.11864406779661
DILMA;44.53781512605042;3;10.169491525423728
DILMA;53.723404255319146;3;2.834008097165992
DILMA;57.74647887323944;3;0.3412969283276451
DILMA;53.475935828877006;3;1.1070110701107012
DILMA;65.54054054054055;3;0.7380073800738007
DILMA;71.25;3;12.707182320441989
DILMA;54.54545454545455;3;7.352941176470588
DILMA;64.07766990291262;3;10.37037037037037
DILMA;11.764705882352942;3;23.5
DILMA;50.24154589371981;3;1.8518518518518519
DILMA;43.1578947368421;3;8.73015873015873
DILMA;51.81818181818182;3;3.0405405405405403
DILMA;60.19417475728155;3;0.5
DILMA;78.03468208092485;3;14.761904761904763
DILMA;38.048780487804876;3;31.72690763052209
DILMA;44.24242424242424;3;18.69158878504673
DILMA;47.389558232931726;3;38.46153846153846
DILMA;51.48514851485149;3;35.632183908045974
DILMA;70.55555555555556;3;28.26086956521739
DILMA;53.21888412017167;3;40.0
DILMA;52.72727272727273;3;18.556701030927837
DILMA;48.917748917748916;3;41.41414141414141
DILMA;59.130434782608695;3;36.49122807017544
DILMA;46.04651162790697;3;38.059701492537314
DILMA;44.33497536945813;3;28.346456692913385
DILMA;55.0;3;31.60377358490566
DILMA;48.648648648648646;3;33.910034602076124
DILMA;32.86713286713287;3;35.204081632653065
DILMA;53.374233128834355;3;42.72300469483568
DILMA;22.535211267605632;3;2.7624309392265194
DILMA;57.7639751552795;3;9.465020576131687
DILMA;42.5531914893617;3;6.666666666666667
DILMA;52.083333333333336;3;14.054054054054054
DILMA;56.390977443609025;3;9.722222222222221
DILMA;52.25806451612903;3;6.542056074766355
DILMA;18.835616438356166;3;24.331550802139038
DILMA;22.727272727272727;3;18.786127167630056
DILMA;24.81203007518797;3;21.73913043478261
DILMA;63.73626373626374;3;5.454545454545454
DILMA;29.82456140350877;3;12.698412698412698
DILMA;34.899328859060404;3;3.5353535353535355
DILMA;22.388059701492537;3;9.859154929577464
DILMA;50.68493150684932;3;8.75
DILMA;18.0327868852459;3;4.285714285714286
DILMA;58.42696629213483;3;6.0
DILMA;42.592592592592595;3;4.49438202247191
DILMA;35.294117647058826;3;11.864406779661017
DILMA;21.818181818181817;3;29.68299711815562
DILMA;81.66666666666667;3;17.045454545454547
DILMA;26.984126984126984;3;39.26701570680628
DILMA;30.344827586206897;3;2.4630541871921183
DILMA;34.36293436293436;3;26.035502958579883
DILMA;32.015810276679844;3;16.50943396226415
DILMA;43.44827586206897;3;3.0150753768844223
DILMA;33.54430379746835;3;3.349282296650718
DILMA;37.735849056603776;3;2.450980392156863
DILMA;33.035714285714285;3;4.964539007092198
DILMA;34.09090909090909;3;6.137184115523466
DILMA;31.30081300813008;3;3.6809815950920246
DILMA;28.448275862068964;3;4.854368932038835
DILMA;42.013888888888886;3;5.555555555555555
DILMA;36.55172413793103;3;6.720430107526882
DILMA;26.609442060085836;3;7.092198581560283
DILMA;24.398625429553263;3;2.0408163265306123
DILMA;33.83458646616541;3;5.571030640668524
DILMA;37.89473684210526;3;8.81542699724518
DILMA;18.21561338289963;3;2.6785714285714284
DILMA;32.82828282828283;3;8.786610878661088
DILMA;40.20100502512563;3;8.677685950413224
DILMA;40.87591240875913;3;6.94006309148265
DILMA;29.487179487179485;3;6.443298969072165
DILMA;41.886792452830186;3;2.3255813953488373
DILMA;45.09803921568628;3;4.248366013071895
DILMA;30.21276595744681;3;10.666666666666666
DILMA;34.285714285714285;3;1.477832512315271
DILMA;27.547169811320753;3;1.7291066282420748
DILMA;46.103896103896105;3;16.260162601626018
DILMA;43.31983805668016;3;2.3333333333333335
DILMA;30.285714285714285;3;0.49504950495049505
DILMA;31.736526946107784;3;2.3255813953488373
DILMA;23.29749103942652;3;3.1884057971014492
DILMA;28.46153846153846;3;4.129793510324483
DILMA;28.51063829787234;3;10.1010101010101
DILMA;20.077220077220076;3;3.801169590643275
DILMA;40.16393442622951;3;2.491103202846975
DILMA;30.837004405286343;3;5.016722408026756
DILMA;26.79245283018868;3;2.450980392156863
DILMA;24.50980392156863;3;4.922279792746114
DILMA;20.149253731343283;3;3.235294117647059
DILMA;24.814814814814813;3;0.5813953488372093
DILMA;23.202614379084967;3;7.733333333333333
DILMA;33.68055555555556;3;3.2
DILMA;21.895424836601308;3;8.8
DILMA;24.705882352941178;3;4.411764705882353
DILMA;45.18828451882845;3;3.9285714285714284
DILMA;27.555555555555557;3;5.517241379310345
DILMA;66.66666666666667;3;10.218978102189782
DILMA;34.74178403755869;3;5.501618122977346
DILMA;42.7710843373494;3;10.476190476190476
DILMA;30.65326633165829;3;4.49438202247191
DILMA;20.80536912751678;3;3.350515463917526
DILMA;35.55555555555556;3;7.920792079207921
DILMA;25.925925925925927;3;10.187667560321715
DILMA;22.635135135135137;3;9.836065573770492
DILMA;31.501831501831504;3;6.764705882352941
DILMA;35.294117647058826;3;8.19672131147541
DILMA;22.5;3;2.3529411764705883
DILMA;26.688102893890676;3;3.234501347708895
DILMA;40.76246334310851;3;12.977099236641221
DILMA;29.197080291970803;3;6.3768115942028984
DILMA;25.0;3;3.003003003003003
DILMA;53.42465753424658;3;8.235294117647058
DILMA;29.361702127659573;3;9.570957095709572
DILMA;34.64052287581699;3;5.524861878453039
DILMA;32.78688524590164;3;8.571428571428571
DILMA;23.711340206185568;3;5.932203389830509
DILMA;43.75;3;6.730769230769231
DILMA;35.504885993485345;3;6.4171122994652405
DILMA;36.51877133105802;3;6.666666666666667
DILMA;33.21799307958477;3;8.720930232558139
DILMA;19.858156028368793;3;4.705882352941177
DILMA;72.636815920398;3;13.360323886639677
DILMA;77.35849056603773;3;11.428571428571429
DILMA;33.02325581395349;3;7.641196013289036
DILMA;33.57664233576642;3;7.894736842105263
DILMA;37.98701298701299;3;3.7433155080213902
DILMA;18.01801801801802;3;15.328467153284672
DILMA;34.21052631578947;3;6.25
DILMA;28.415300546448087;3;6.896551724137931
DILMA;37.03703703703704;3;6.648199445983379
DILMA;24.67948717948718;3;4.627249357326479
DILMA;35.273972602739725;3;6.043956043956044
DILMA;33.11897106109325;3;6.683804627249358
DILMA;31.428571428571427;3;7.848837209302325
DILMA;23.75886524822695;3;2.73972602739726
DILMA;40.66390041493776;3;4.040404040404041
DILMA;32.967032967032964;3;8.426966292134832
DILMA;38.38028169014085;3;20.949720670391063
DILMA;31.986531986531986;3;13.440860215053764
DILMA;38.118811881188115;3;21.50943396226415
DILMA;35.8974358974359;3;11.891891891891891
DILMA;36.53846153846154;3;11.904761904761905
DILMA;54.335260115606935;3;13.157894736842104
DILMA;9.23076923076923;3;7.741935483870968
DILMA;49.029126213592235;3;0.7272727272727273
DILMA;46.07843137254902;3;1.1673151750972763
DILMA;48.421052631578945;3;5.376344086021505
DILMA;46.42857142857143;3;6.83453237410072
DILMA;46.3768115942029;3;5.693950177935943
DILMA;43.65482233502538;3;6.859205776173285
DILMA;49.029126213592235;3;4.98220640569395
DILMA;46.666666666666664;3;7.826086956521739
DILMA;48.205128205128204;3;0.7751937984496124
DILMA;47.417840375586856;3;1.1363636363636365
DILMA;41.395348837209305;3;2.681992337164751
DILMA;43.43434343434343;3;2.3255813953488373
DILMA;46.15384615384615;3;2.0
DILMA;48.80952380952381;3;0.4484304932735426
DILMA;50.943396226415096;3;6.0606060606060606
DILMA;52.15311004784689;3;3.1914893617021276
DILMA;40.19138755980861;3;3.088803088803089
DILMA;53.5;3;10.431654676258994
DILMA;50.96153846153846;3;9.926470588235293
DILMA;47.29064039408867;3;2.5179856115107913
DILMA;49.107142857142854;3;2.527075812274368
DILMA;57.6036866359447;3;1.0452961672473868
DILMA;53.09278350515464;3;8.835341365461847
DILMA;45.416666666666664;3;0.6779661016949152
DILMA;59.04761904761905;3;2.5
DILMA;50.73170731707317;3;6.746031746031746
DILMA;81.13207547169812;3;2.4096385542168677
DILMA;43.43434343434343;3;0.3831417624521073
DILMA;44.60093896713615;3;18.28358208955224
DILMA;40.67796610169491;3;8.96551724137931
DILMA;46.902654867256636;3;19.9288256227758
DILMA;62.5;3;20.73170731707317
DILMA;61.951219512195124;3;33.333333333333336
DILMA;42.20183486238532;3;52.47148288973384
DILMA;42.78350515463917;3;32.93650793650794
DILMA;43.61702127659574;3;3.5294117647058822
DILMA;53.250773993808046;3;29.52029520295203
DILMA;47.755102040816325;3;29.39189189189189
DILMA;12.121212121212121;3;5.298013245033113
DILMA;66.04938271604938;3;11.607142857142858
DILMA;8.333333333333334;3;11.333333333333334
DILMA;41.8848167539267;3;2.7450980392156863
DILMA;29.12621359223301;3;13.274336283185841
DILMA;88.19444444444444;3;6.521739130434782
DILMA;53.44827586206897;3;31.899641577060933
DILMA;60.204081632653065;3;3.2967032967032965
DILMA;50.427350427350426;3;48.92857142857143
DILMA;56.89655172413793;3;11.842105263157896
DILMA;45.30386740331492;3;3.1620553359683794
DILMA;53.2520325203252;3;37.28813559322034
DILMA;47.234042553191486;3;31.690140845070424
DILMA;37.956204379562045;3;16.56050955414013
DILMA;51.351351351351354;3;5.098039215686274
DILMA;27.33812949640288;3;2.2598870056497176
DILMA;23.626373626373628;3;8.823529411764707
DILMA;28.21576763485477;3;6.115107913669065
DILMA;29.739776951672862;3;5.367231638418079
DILMA;38.392857142857146;3;7.876712328767123
DILMA;19.736842105263158;3;0.3460207612456747
DILMA;20.982142857142858;3;0.33783783783783783
DILMA;17.467248908296945;3;3.0405405405405403
DILMA;19.469026548672566;3;1.3745704467353952
DILMA;22.0532319391635;3;2.2801302931596092
DILMA;21.890547263681594;3;5.970149253731344
DILMA;17.803030303030305;3;4.605263157894737
DILMA;20.717131474103585;3;2.6666666666666665
DILMA;20.54794520547945;3;12.177121771217712
DILMA;25.0;3;8.411214953271028
DILMA;18.03921568627451;3;8.832807570977918
DILMA;27.238805970149254;3;6.232294617563739
DILMA;23.79182156133829;3;5.9171597633136095
DILMA;27.77777777777778;3;0.7490636704119851
DILMA;18.51851851851852;3;1.2
DILMA;18.88111888111888;3;10.112359550561798
DILMA;16.26984126984127;3;3.9344262295081966
DILMA;24.870466321243523;3;1.694915254237288
DILMA;21.40077821011673;3;4.854368932038835
DILMA;31.985294117647058;3;9.090909090909092
DILMA;28.96825396825397;3;4.86322188449848
DILMA;33.673469387755105;3;8.71369294605809
DILMA;20.218579234972676;3;8.796296296296296
DILMA;20.689655172413794;3;2.484472049689441
DILMA;25.925925925925927;3;10.78838174273859
DILMA;17.71217712177122;3;6.268656716417911
DILMA;32.94117647058823;3;6.007067137809187
DILMA;23.381294964028775;3;12.094395280235988
DILMA;29.48207171314741;3;7.046979865771812
DILMA;23.115577889447238;3;10.743801652892563
DILMA;15.625;3;12.302839116719243
DILMA;23.618090452261306;3;7.782101167315175
DILMA;30.434782608695652;3;7.28476821192053
DILMA;28.79377431906615;3;8.192090395480227
DILMA;38.75598086124402;3;7.6158940397351
DILMA;24.107142857142858;3;0.35842293906810035
DILMA;30.065359477124183;3;11.0
DILMA;28.037383177570092;3;7.818930041152264
DILMA;16.49484536082474;3;12.903225806451612
DILMA;32.78145695364238;3;11.076923076923077
DILMA;23.15270935960591;3;6.477732793522267
DILMA;45.588235294117645;3;12.5
DILMA;28.048780487804876;3;10.40268456375839
DILMA;41.554054054054056;3;10.031347962382446
DILMA;34.065934065934066;3;6.280193236714976
DILMA;22.878228782287824;3;8.433734939759036
DILMA;28.651685393258425;3;6.586826347305389
DILMA;36.65689149560117;3;3.3536585365853657
DILMA;34.437086092715234;3;6.25
DILMA;33.65384615384615;3;5.185185185185185
DILMA;20.3125;3;14.285714285714286
DILMA;20.361990950226243;3;8.679245283018869
DILMA;28.368794326241133;3;2.9761904761904763
DILMA;32.20338983050848;3;5.555555555555555
DILMA;36.8;3;10.320284697508896
DILMA;39.42307692307692;3;8.620689655172415
DILMA;24.170616113744074;3;15.163934426229508
DILMA;16.071428571428573;3;10.294117647058824
DILMA;40.23668639053255;3;7.291666666666667
DILMA;15.294117647058824;3;3.7837837837837838
DILMA;30.726256983240223;3;1.2987012987012987
DILMA;21.25;3;11.598746081504702
DILMA;16.205533596837945;3;5.2117263843648205
DILMA;14.163090128755364;3;12.67605633802817
DILMA;18.59504132231405;3;20.422535211267604
DILMA;20.58823529411765;3;6.756756756756757
DILMA;15.246636771300448;3;13.75
DILMA;20.081967213114755;3;22.115384615384617
DILMA;22.598870056497177;3;8.144796380090497
DILMA;30.81761006289308;3;17.333333333333332
DILMA;33.443708609271525;3;30.690537084398976
DILMA;24.770642201834864;3;34.899328859060404
DILMA;13.422818791946309;3;15.300546448087431
DILMA;18.77133105802048;3;30.985915492957748
DILMA;45.45454545454545;3;9.375
DILMA;63.095238095238095;3;13.48314606741573
DILMA;20.068027210884352;3;44.352617079889804
DILMA;31.25;3;6.8493150684931505
DILMA;49.333333333333336;3;18.556701030927837
DILMA;45.714285714285715;3;10.76923076923077
DILMA;18.674698795180724;3;5.47945205479452
DILMA;25.380710659898476;3;15.352697095435685
DILMA;25.668449197860962;3;23.943661971830984
DILMA;12.949640287769784;3;13.414634146341463
DILMA;17.29106628242075;3;14.285714285714286
DILMA;18.597560975609756;3;15.053763440860216
DILMA;20.070422535211268;3;25.0
DILMA;16.883116883116884;3;14.285714285714286
DILMA;31.52173913043478;3;12.446351931330472
DILMA;23.83419689119171;3;7.509881422924901
DILMA;18.72340425531915;3;0.33783783783783783
DILMA;28.37837837837838;3;0.3663003663003663
DILMA;23.166023166023166;3;7.570977917981073
DILMA;18.410041841004183;3;4.123711340206185
DILMA;20.388349514563107;3;1.7543859649122806
DILMA;18.0;3;8.517350157728707
DILMA;22.265625;3;4.956268221574344
DILMA;24.858757062146893;3;9.090909090909092
DILMA;18.49056603773585;3;3.8461538461538463
DILMA;16.725978647686834;3;5.232558139534884
DILMA;23.728813559322035;3;9.722222222222221
DILMA;21.64179104477612;3;6.70391061452514
DILMA;19.747899159663866;3;8.517350157728707
DILMA;22.926829268292682;3;2.807017543859649
DILMA;14.201183431952662;3;7.441860465116279
DILMA;14.785992217898833;3;5.6716417910447765
DILMA;23.170731707317074;3;5.472636815920398
DILMA;14.624505928853756;3;10.126582278481013
DILMA;23.076923076923077;3;9.623430962343097
DILMA;25.112107623318387;3;5.454545454545454
DILMA;16.05504587155963;3;3.202846975088968
DILMA;24.102564102564102;3;7.380073800738008
DILMA;21.58273381294964;3;5.978260869565218
DILMA;24.496644295302012;3;0.9900990099009901
DILMA;22.325581395348838;3;8.791208791208792
DILMA;22.127659574468087;3;5.498281786941581
DILMA;21.54696132596685;3;7.762557077625571
DILMA;17.94871794871795;3;6.363636363636363
DILMA;16.939890710382514;3;11.059907834101383
DILMA;21.708185053380785;3;1.9138755980861244
DILMA;21.55688622754491;3;6.930693069306931
DILMA;14.84375;3;10.0
DILMA;18.99441340782123;3;7.441860465116279
DILMA;27.93522267206478;3;5.47112462006079
DILMA;25.210084033613445;3;3.1358885017421603
DILMA;19.08713692946058;3;5.985915492957746
DILMA;18.88888888888889;3;9.722222222222221
DILMA;30.90909090909091;3;7.553956834532374
DILMA;37.6;3;4.62962962962963
DILMA;14.166666666666666;3;5.862068965517241
DILMA;17.78846153846154;3;9.62962962962963
DILMA;23.03370786516854;3;10.045662100456621
DILMA;31.40495867768595;3;5.828220858895706
DILMA;13.186813186813186;3;4.205607476635514
DILMA;38.497652582159624;3;7.540983606557377
DILMA;23.004694835680752;3;5.555555555555555
DILMA;28.125;3;9.30232558139535
DILMA;17.272727272727273;3;6.382978723404255
DILMA;37.55458515283843;3;8.333333333333334
DILMA;30.48780487804878;3;3.9393939393939394
DILMA;27.155172413793103;3;4.487179487179487
DILMA;34.70319634703196;3;5.9405940594059405
DILMA;18.46846846846847;3;5.2631578947368425
DILMA;18.303571428571427;3;6.338028169014085
DILMA;35.094339622641506;3;1.8072289156626506
DILMA;37.11790393013101;3;3.7288135593220337
DILMA;21.428571428571427;3;0.44052863436123346
DILMA;19.54022988505747;3;7.643312101910828
DILMA;32.30769230769231;3;10.0
DILMA;28.735632183908045;3;1.0101010101010102
DILMA;25.0;3;7.327586206896552
DILMA;21.311475409836067;3;4.377880184331797
DILMA;23.056300268096514;3;4.116222760290557
DILMA;26.099706744868037;3;4.632152588555858
DILMA;13.066666666666666;3;6.666666666666667
DILMA;17.17948717948718;3;7.936507936507937
DILMA;16.949152542372882;3;6.828193832599119
DILMA;19.55922865013774;3;8.396946564885496
DILMA;19.060773480662984;3;7.28643216080402
DILMA;21.35135135135135;3;8.521303258145364
DILMA;17.557251908396946;3;6.304347826086956
DILMA;14.722222222222221;3;1.5789473684210527
DILMA;14.663461538461538;3;4.835164835164835
DILMA;33.11258278145695;3;5.9880239520958085
DILMA;35.46099290780142;3;6.017191977077364
DILMA;25.24590163934426;3;4.332129963898917
DILMA;22.429906542056074;3;13.573407202216066
DILMA;17.741935483870968;3;13.764044943820224
DILMA;20.87227414330218;3;14.634146341463415
DILMA;19.814241486068113;3;12.215909090909092
DILMA;16.86390532544379;3;3.4482758620689653
DILMA;15.633423180592992;3;6.617647058823529
DILMA;18.75;3;2.150537634408602
DILMA;26.37795275590551;3;2.8268551236749118
DILMA;17.263843648208468;3;5.279503105590062
DILMA;16.541353383458645;3;6.278026905829597
DILMA;15.223880597014926;3;6.868131868131868
DILMA;24.444444444444443;3;5.352112676056338
DILMA;17.56756756756757;3;9.181141439205955
DILMA;24.390243902439025;3;5.322128851540616
DILMA;18.635170603674542;3;2.644230769230769
DILMA;20.098039215686274;3;4.524886877828054
DILMA;13.136729222520108;3;3.1707317073170733
DILMA;30.76923076923077;3;8.243727598566307
DILMA;16.032608695652176;3;4.9504950495049505
DILMA;35.687732342007436;3;10.888252148997134
DILMA;22.22222222222222;3;8.767123287671232
DILMA;18.229166666666668;3;6.265060240963855
DILMA;12.874251497005988;3;4.864864864864865
DILMA;10.975609756097562;3;5.205479452054795
DILMA;29.166666666666668;3;4.366812227074236
DILMA;26.48221343873518;3;2.8469750889679717
DILMA;12.537313432835822;3;3.532608695652174
DILMA;14.444444444444445;3;7.070707070707071
DILMA;15.384615384615385;3;4.225352112676056
DILMA;21.85929648241206;3;8.390022675736962
DILMA;22.424242424242426;3;5.013927576601671
DILMA;17.771084337349397;3;7.734806629834254
DILMA;19.25133689839572;3;4.842615012106537
DILMA;15.365239294710328;3;4.72972972972973
DILMA;21.661721068249257;3;8.310249307479225
DILMA;12.668463611859838;3;5.7356608478802995
DILMA;12.288135593220339;3;3.3707865168539324
DILMA;12.953367875647668;3;5.386416861826698
DILMA;10.893854748603353;3;6.878306878306878
DILMA;18.92744479495268;3;4.046242774566474
DILMA;11.722488038277511;3;4.212860310421286
DILMA;12.16931216931217;3;2.2058823529411766
DILMA;10.344827586206897;3;3.4965034965034967
DILMA;15.864022662889518;3;9.866666666666667
DILMA;14.429530201342281;3;4.71976401179941
DILMA;13.414634146341463;3;2.808988764044944
DILMA;15.254237288135593;3;6.309148264984227
DILMA;21.428571428571427;3;2.572347266881029
DILMA;17.478510028653297;3;26.22107969151671
DILMA;15.662650602409638;3;5.420054200542006
DILMA;21.40921409214092;3;6.306306306306307
DILMA;31.715210355987054;3;7.580174927113703
DILMA;35.256410256410255;3;7.87037037037037
DILMA;19.430051813471504;3;9.395973154362416
DILMA;34.163701067615655;3;3.058103975535168
DILMA;19.34426229508197;3;0.9090909090909091
DILMA;18.560606060606062;3;3.4602076124567476
DILMA;14.044943820224718;3;6.036745406824147
DILMA;15.0;3;22.82051282051282
DILMA;9.67741935483871;3;20.0
DILMA;18.282548476454295;3;3.1862745098039214
DILMA;14.42080378250591;3;4.130434782608695
DILMA;17.92717086834734;3;4.522613065326633
DILMA;17.768595041322314;3;1.5037593984962405
DILMA;15.263157894736842;3;4.578313253012048
DILMA;11.528150134048257;3;1.9138755980861244
DILMA;10.824742268041238;3;1.8912529550827424
DILMA;20.0;3;0.9345794392523364
DILMA;10.060975609756097;3;11.204481792717086
DILMA;14.084507042253522;3;5.541561712846348
DILMA;13.941018766756033;3;5.882352941176471
DILMA;12.094395280235988;3;4.109589041095891
DILMA;43.542435424354245;3;6.017191977077364
DILMA;14.322250639386189;3;6.040268456375839
DILMA;13.872832369942197;3;4.797979797979798
DILMA;18.322981366459626;3;5.665722379603399
DILMA;26.068376068376068;3;2.2140221402214024
DILMA;13.803680981595091;3;8.64864864864865
DILMA;16.844919786096256;3;3.8929440389294405
DILMA;19.565217391304348;3;7.352941176470588
DILMA;23.463687150837988;3;5.472636815920398
DILMA;14.322916666666666;3;3.1476997578692494
DILMA;28.72340425531915;3;11.585365853658537
DILMA;21.21212121212121;3;11.470588235294118
DILMA;16.40378548895899;3;15.01416430594901
DILMA;21.076233183856502;3;3.515625
DILMA;15.934065934065934;3;20.051413881748072
DILMA;22.15568862275449;3;13.858695652173912
DILMA;14.361702127659575;3;21.8978102189781
DILMA;16.71641791044776;3;20.0
DILMA;13.6;3;9.290953545232274
DILMA;30.827067669172934;3;0.6802721088435374
DILMA;11.241217798594848;3;3.036876355748373
DILMA;39.3574297188755;3;6.418918918918919
DILMA;25.19083969465649;3;8.176100628930818
DILMA;25.0;3;7.803468208092486
DILMA;12.011173184357542;3;15.308641975308642
DILMA;14.921465968586388;3;11.510791366906474
DILMA;11.26005361930295;3;14.691943127962086
DILMA;18.87905604719764;3;18.204488778054863
DILMA;13.221153846153847;3;21.88183807439825
DILMA;31.1864406779661;3;1.466275659824047
DILMA;15.864022662889518;3;8.860759493670885
DILMA;17.153284671532848;3;3.8194444444444446
DILMA;13.157894736842104;3;29.055690072639226
DILMA;16.08040201005025;3;23.4375
DILMA;22.55639097744361;3;12.852664576802507
DILMA;44.72573839662447;3;8.013937282229966
DILMA;13.648293963254593;3;20.512820512820515
DILMA;13.852813852813853;3;15.355805243445692
DILMA;20.34383954154728;3;19.565217391304348
DILMA;24.624624624624623;3;10.56910569105691
DILMA;12.652068126520682;3;16.23931623931624
DILMA;12.430939226519337;3;16.25615763546798
DILMA;12.595419847328245;3;6.315789473684211
DILMA;19.310344827586206;3;20.253164556962027
DILMA;15.517241379310345;3;17.206982543640898
DILMA;18.345323741007196;3;31.270358306188925
DILMA;17.269076305220885;3;12.075471698113208
DILMA;11.023622047244094;3;15.151515151515152
DILMA;15.0997150997151;3;33.24873096446701
DILMA;32.0;3;8.011869436201781
DILMA;21.05263157894737;3;21.59090909090909
DILMA;18.233618233618234;3;7.654320987654321
DILMA;53.37837837837838;3;9.63855421686747
DILMA;14.285714285714286;3;32.85024154589372
DILMA;15.819209039548022;3;13.959390862944163
DILMA;17.515923566878982;3;24.528301886792452
DILMA;13.58695652173913;3;30.09049773755656
DILMA;24.698795180722893;3;22.388059701492537
DILMA;15.025906735751295;3;32.03463203463203
DILMA;14.887640449438202;3;15.968586387434556
DILMA;14.594594594594595;3;7.654320987654321
DILMA;24.770642201834864;3;17.322834645669293
DILMA;25.0814332247557;3;28.871391076115486
DILMA;39.50617283950617;3;16.49484536082474
DILMA;15.536723163841808;3;13.0
DILMA;14.545454545454545;3;17.277486910994764
DILMA;16.292134831460675;3;15.308641975308642
DILMA;21.406727828746178;3;13.68421052631579
DILMA;19.333333333333332;3;12.195121951219512
DILMA;31.40495867768595;3;18.181818181818183
DILMA;15.217391304347826;3;4.854368932038835
DILMA;17.819148936170212;3;19.32059447983015
DILMA;24.47129909365559;3;22.27979274611399
DILMA;16.455696202531644;3;21.978021978021978
DILMA;24.04092071611253;3;10.375275938189846
DILMA;13.51981351981352;3;10.240963855421686
DILMA;26.903553299492387;3;8.436213991769547
DILMA;10.48951048951049;3;12.844036697247706
DILMA;17.884130982367758;3;12.85140562248996
DILMA;35.625;3;11.557788944723619
DILMA;15.633423180592992;3;3.676470588235294
DILMA;19.047619047619047;3;5.0
DILMA;16.95906432748538;3;10.57934508816121
DILMA;31.496062992125985;3;9.923664122137405
DILMA;12.612612612612613;3;9.319899244332493
DILMA;9.090909090909092;3;9.5
DILMA;27.058823529411764;3;6.382978723404255
DILMA;15.021459227467812;3;9.16030534351145
DILMA;17.391304347826086;3;8.02139037433155
DILMA;15.536723163841808;3;12.846347607052897
DILMA;14.47721179624665;3;2.93398533007335
DILMA;33.587786259541986;3;17.791411042944784
DILMA;11.694510739856803;3;13.078470824949699
DILMA;20.155038759689923;3;9.935897435897436
DILMA;19.696969696969695;3;13.602015113350125
DILMA;21.62162162162162;3;11.71875
DILMA;40.0;3;5.109489051094891
DILMA;12.99638989169675;3;2.5641025641025643
DILMA;10.9375;3;11.160714285714286
DILMA;14.018691588785046;3;12.598425196850394
DILMA;14.473684210526315;3;8.045977011494253
DILMA;14.285714285714286;3;30.263157894736842
DILMA;12.698412698412698;3;1.1029411764705883
DILMA;29.23728813559322;3;1.845018450184502
DILMA;19.19191919191919;3;7.366071428571429
DILMA;16.08040201005025;3;5.895196506550218
DILMA;17.452830188679247;3;0.9049773755656109
DILMA;15.706806282722512;3;6.009615384615385
DILMA;13.744075829383887;3;0.9216589861751152
DILMA;16.486486486486488;3;7.334963325183374
DILMA;14.516129032258064;3;5.507246376811594
DILMA;17.05685618729097;3;4.057971014492754
DILMA;17.034700315457414;3;8.092485549132949
DILMA;20.74074074074074;3;6.944444444444445
DILMA;29.365079365079364;3;1.4234875444839858
DILMA;13.375796178343949;3;5.113636363636363
DILMA;12.580645161290322;3;7.803468208092486
DILMA;17.174515235457065;3;3.6036036036036037
DILMA;17.452830188679247;3;6.0606060606060606
DILMA;13.043478260869565;3;1.7391304347826086
DILMA;15.774647887323944;3;7.8431372549019605
DILMA;15.300546448087431;3;4.819277108433735
DILMA;18.03713527851459;3;6.585365853658536
DILMA;13.609467455621301;3;1.5706806282722514
DILMA;22.941176470588236;3;1.6216216216216217
DILMA;29.2;3;2.2058823529411766
DILMA;23.25581395348837;3;5.376344086021505
DILMA;18.61198738170347;3;3.4946236559139785
DILMA;21.451104100946374;3;7.103825136612022
DILMA;22.897196261682243;3;1.1428571428571428
DILMA;19.838056680161944;3;6.159420289855072
DILMA;20.622568093385215;3;4.929577464788732
DILMA;23.42007434944238;3;7.77027027027027
DILMA;22.56809338521401;3;6.713780918727915
DILMA;22.265625;3;1.8115942028985508
DILMA;13.52112676056338;3;7.5
DILMA;14.16184971098266;3;9.5
DILMA;10.422535211267606;3;9.75
DILMA;21.068249258160236;3;7.734806629834254
DILMA;17.52577319587629;3;2.3529411764705883
DILMA;13.520408163265307;3;5.882352941176471
DILMA;18.205128205128204;3;6.293706293706293
DILMA;10.755813953488373;3;4.289544235924933
DILMA;16.57608695652174;3;5.072463768115942
DILMA;16.445623342175065;3;5.121951219512195
DILMA;29.71698113207547;3;10.82089552238806
DILMA;14.19939577039275;3;3.735632183908046
DILMA;14.12639405204461;3;1.048951048951049
DILMA;15.555555555555555;3;2.0134228187919465
DILMA;13.058419243986254;3;0.9836065573770492
DILMA;19.23076923076923;3;3.942652329749104
DILMA;13.358778625954198;3;5.338078291814947
DILMA;17.15210355987055;3;2.388059701492537
DILMA;22.044728434504794;3;1.4534883720930232
DILMA;18.91891891891892;3;9.319899244332493
DILMA;16.721311475409838;3;2.0710059171597632
DILMA;26.52173913043478;3;10.037174721189592
DILMA;21.91780821917808;3;6.116207951070336
DILMA;17.647058823529413;3;4.3478260869565215
DILMA;16.107382550335572;3;3.3536585365853657
DILMA;13.201320132013201;3;2.416918429003021
DILMA;11.186440677966102;3;3.761755485893417
DILMA;31.59722222222222;3;5.6426332288401255
DILMA;11.748633879781421;3;3.6319612590799033
DILMA;19.68503937007874;3;7.589285714285714
DILMA;19.346049046321525;3;7.8125
DILMA;14.814814814814815;3;5.63063063063063
DILMA;33.50253807106599;3;8.974358974358974
DILMA;13.404825737265416;3;3.217821782178218
DILMA;12.182741116751268;3;3.1476997578692494
DILMA;16.422287390029325;3;6.10079575596817
DILMA;19.65811965811966;3;7.711442786069652
DILMA;16.42651296829971;3;5.925925925925926
DILMA;15.342465753424657;3;3.855421686746988
DILMA;17.073170731707318;3;5.833333333333333
DILMA;16.666666666666668;3;4.775280898876405
DILMA;16.890080428954423;3;4.05727923627685
DILMA;22.802197802197803;3;7.551487414187643
