DILMA;25.510204081632654;5;6.103286384976526
DILMA;19.196428571428573;5;5.439330543933054
DILMA;20.833333333333332;5;5.217391304347826
DILMA;20.063694267515924;5;6.017191977077364
DILMA;16.363636363636363;5;6.557377049180328
DILMA;22.274881516587676;5;5.084745762711864
DILMA;17.171717171717173;5;6.976744186046512
DILMA;17.791411042944784;5;11.666666666666666
DILMA;21.558441558441558;5;4.326923076923077
DILMA;16.75392670157068;5;4.37956204379562
DILMA;19.047619047619047;5;6.488549618320611
DILMA;26.495726495726494;5;5.660377358490566
DILMA;27.272727272727273;5;8.287292817679559
DILMA;18.42105263157895;5;10.328638497652582
DILMA;22.362869198312236;5;8.148148148148149
DILMA;13.503649635036496;5;1.6501650165016502
DILMA;17.098445595854923;5;0.9433962264150944
DILMA;23.497267759562842;5;3.9215686274509802
DILMA;24.15730337078652;5;6.965174129353234
DILMA;17.41741741741742;5;5.208333333333333
DILMA;17.333333333333332;5;3.8636363636363638
DILMA;14.347826086956522;5;2.8225806451612905
DILMA;25.980392156862745;5;6.11353711790393
DILMA;27.027027027027028;5;7.083333333333333
DILMA;17.435897435897434;5;2.771362586605081
DILMA;20.408163265306122;5;5.275229357798165
DILMA;16.071428571428573;5;2.981651376146789
DILMA;20.388349514563107;5;5.2631578947368425
DILMA;18.613138686131386;5;3.3112582781456954
DILMA;16.883116883116884;5;3.8461538461538463
DILMA;22.68041237113402;5;8.108108108108109
DILMA;19.306930693069308;5;7.657657657657658
DILMA;20.574162679425836;5;9.502262443438914
DILMA;24.770642201834864;5;8.900523560209423
DILMA;28.91156462585034;5;4.678362573099415
DILMA;22.916666666666668;5;5.429864253393665
DILMA;17.933130699088146;5;5.376344086021505
DILMA;17.934782608695652;5;2.6455026455026456
DILMA;19.672131147540984;5;2.127659574468085
DILMA;21.51394422310757;5;5.535055350553505
DILMA;14.423076923076923;5;3.1390134529147984
DILMA;17.307692307692307;5;1.1363636363636365
DILMA;21.066666666666666;5;3.2482598607888633
DILMA;24.415584415584416;5;4.044943820224719
DILMA;22.22222222222222;5;4.232804232804233
DILMA;16.526610644257705;5;2.763819095477387
DILMA;17.081850533807827;5;2.3255813953488373
DILMA;17.008797653958943;5;3.6842105263157894
DILMA;16.095890410958905;5;3.7572254335260116
DILMA;17.22689075630252;5;1.7605633802816902
DILMA;17.117117117117118;5;2.094240837696335
DILMA;14.418604651162791;5;1.7937219730941705
DILMA;17.131474103585656;5;2.9411764705882355
DILMA;16.145833333333332;5;1.4423076923076923
DILMA;19.877675840978593;5;4.699738903394256
DILMA;17.12707182320442;5;1.0582010582010581
DILMA;20.975609756097562;5;2.304147465437788
DILMA;21.55388471177945;5;2.6607538802660753
DILMA;19.895287958115183;5;6.074766355140187
DILMA;21.18380062305296;5;3.5294117647058822
DILMA;18.507462686567163;5;4.221635883905013
DILMA;14.423076923076923;5;3.9130434782608696
DILMA;20.72829131652661;5;5.445544554455446
DILMA;21.13095238095238;5;1.675977653631285
DILMA;18.13953488372093;5;5.194805194805195
DILMA;12.600536193029491;5;2.5345622119815667
DILMA;21.818181818181817;5;4.2979942693409745
DILMA;22.3433242506812;5;3.009259259259259
DILMA;19.81566820276498;5;0.8547008547008547
DILMA;20.39660056657224;5;3.0303030303030303
DILMA;22.083333333333332;5;1.968503937007874
DILMA;23.497267759562842;5;3.5294117647058822
DILMA;18.34061135371179;5;2.8
DILMA;16.097560975609756;5;1.6260162601626016
DILMA;23.206751054852322;5;9.62962962962963
DILMA;14.537444933920705;5;3.6885245901639343
DILMA;22.83653846153846;5;3.6796536796536796
DILMA;19.93127147766323;5;7.848837209302325
DILMA;19.714285714285715;5;4.081632653061225
DILMA;13.454545454545455;5;3.678929765886288
DILMA;18.99441340782123;5;4.433497536945813
DILMA;16.161616161616163;5;1.7751479289940828
DILMA;15.929203539823009;5;2.42914979757085
DILMA;18.617021276595743;5;0.7317073170731707
DILMA;16.955017301038062;5;7.580174927113703
DILMA;19.672131147540984;5;3.3088235294117645
DILMA;17.67676767676768;5;1.8518518518518519
DILMA;24.86631016042781;5;3.409090909090909
DILMA;20.218579234972676;5;5.8558558558558556
DILMA;16.402116402116402;5;2.5
DILMA;17.21518987341772;5;3.0837004405286343
DILMA;19.25;5;2.6666666666666665
DILMA;17.70186335403727;5;2.272727272727273
DILMA;16.091954022988507;5;8.717948717948717
DILMA;19.74921630094044;5;2.2857142857142856
DILMA;13.526570048309178;5;1.7699115044247788
DILMA;18.911174785100286;5;3.3942558746736293
DILMA;16.886543535620053;5;1.6241299303944317
DILMA;15.97938144329897;5;1.9138755980861244
DILMA;21.631205673758867;5;10.0
DILMA;22.71386430678466;5;1.8469656992084433
DILMA;28.26086956521739;5;4.545454545454546
DILMA;15.53133514986376;5;2.0547945205479454
DILMA;16.50793650793651;5;2.203856749311295
DILMA;20.0;5;2.4813895781637716
DILMA;17.36842105263158;5;2.914798206278027
DILMA;14.864864864864865;5;3.6281179138321997
DILMA;16.034985422740526;5;2.3376623376623376
DILMA;18.681318681318682;5;0.746268656716418
DILMA;21.11111111111111;5;3.4313725490196076
DILMA;15.856777493606138;5;2.8634361233480177
DILMA;30.346820809248555;5;4.266666666666667
DILMA;15.584415584415584;5;3.6036036036036037
DILMA;15.492957746478874;5;1.8134715025906736
DILMA;19.261213720316622;5;2.232142857142857
DILMA;13.577023498694517;5;2.0179372197309418
DILMA;14.24731182795699;5;2.981651376146789
DILMA;18.351063829787233;5;4.4186046511627906
DILMA;16.129032258064516;5;7.7272727272727275
DILMA;29.081632653061224;5;3.7444933920704844
DILMA;19.756838905775076;5;2.972972972972973
DILMA;15.601023017902813;5;3.160270880361174
DILMA;17.251461988304094;5;3.6458333333333335
DILMA;23.14814814814815;5;3.287671232876712
DILMA;22.53968253968254;5;2.5380710659898478
DILMA;32.20338983050848;5;1.6233766233766234
DILMA;18.627450980392158;5;2.623906705539359
DILMA;22.352941176470587;5;2.272727272727273
DILMA;17.91530944625407;5;5.172413793103448
DILMA;21.717171717171716;5;6.956521739130435
DILMA;12.565445026178011;5;1.8223234624145785
DILMA;24.345549738219894;5;3.131991051454139
DILMA;16.554054054054053;5;0.9009009009009009
DILMA;21.31979695431472;5;2.396514161220044
DILMA;16.623376623376622;5;2.9082774049217
DILMA;15.856777493606138;5;2.517162471395881
DILMA;17.933130699088146;5;1.0230179028132993
DILMA;17.105263157894736;5;0.89086859688196
DILMA;14.790996784565916;5;2.54957507082153
DILMA;20.157068062827225;5;2.247191011235955
DILMA;32.947976878612714;5;5.882352941176471
DILMA;18.068535825545172;5;0.26666666666666666
DILMA;17.662337662337663;5;1.78173719376392
DILMA;16.853932584269664;5;1.8058690744920993
DILMA;17.56756756756757;5;2.2004889975550124
DILMA;16.778523489932887;5;2.6470588235294117
DILMA;15.877437325905293;5;2.0547945205479454
DILMA;10.909090909090908;5;1.1135857461024499
DILMA;16.56441717791411;5;4.450261780104712
DILMA;16.358839050131927;5;1.348314606741573
DILMA;20.0;5;3.076923076923077
DILMA;20.54054054054054;5;1.8561484918793503
DILMA;28.83211678832117;5;2.857142857142857
DILMA;25.55205047318612;5;4.485488126649076
DILMA;16.822429906542055;5;3.0726256983240225
DILMA;21.329639889196677;5;2.277904328018223
DILMA;18.674698795180724;5;1.7811704834605597
DILMA;21.05263157894737;5;2.684563758389262
DILMA;17.94871794871795;5;2.7777777777777777
DILMA;21.0727969348659;5;3.8596491228070176
DILMA;21.73913043478261;5;3.6458333333333335
DILMA;22.10242587601078;5;2.928870292887029
DILMA;20.66115702479339;5;2.137767220902613
DILMA;20.30075187969925;5;3.4136546184738954
DILMA;22.392638036809817;5;4.292929292929293
DILMA;18.932038834951456;5;5.349794238683128
DILMA;14.245014245014245;5;3.25
DILMA;17.757009345794394;5;2.158273381294964
DILMA;19.014084507042252;5;2.2132796780684103
DILMA;20.384615384615383;5;4.895104895104895
DILMA;19.911504424778762;5;4.098360655737705
DILMA;22.857142857142858;5;3.3112582781456954
DILMA;17.066666666666666;5;4.514672686230249
DILMA;15.894039735099337;5;2.4096385542168677
DILMA;20.597014925373134;5;2.6178010471204187
DILMA;23.80952380952381;5;3.4782608695652173
DILMA;16.176470588235293;5;2.208835341365462
DILMA;19.047619047619047;5;2.8225806451612905
DILMA;22.84263959390863;5;3.501945525291829
DILMA;15.267175572519085;5;2.5
DILMA;19.157088122605366;5;4.9079754601226995
DILMA;18.385650224215247;5;5.327868852459017
DILMA;15.596330275229358;5;2.380952380952381
DILMA;16.666666666666668;5;1.1627906976744187
DILMA;20.307692307692307;5;3.9215686274509802
DILMA;16.53543307086614;5;3.4129692832764507
DILMA;20.14388489208633;5;3.5256410256410255
DILMA;23.529411764705884;5;5.825242718446602
DILMA;20.714285714285715;5;2.8753993610223643
DILMA;20.072992700729927;5;4.501607717041801
DILMA;16.990291262135923;5;8.189655172413794
DILMA;22.105263157894736;5;4.113924050632911
DILMA;21.717171717171716;5;3.8202247191011236
DILMA;16.071428571428573;5;3.8297872340425534
DILMA;19.90950226244344;5;6.504065040650406
DILMA;18.226600985221676;5;4.424778761061947
DILMA;16.666666666666668;5;5.633802816901408
DILMA;19.047619047619047;5;3.926701570680628
DILMA;16.207951070336392;5;5.994550408719346
DILMA;15.223880597014926;5;2.099737532808399
DILMA;21.533923303834808;5;6.25
DILMA;19.213973799126638;5;8.949416342412452
DILMA;26.08695652173913;5;6.719367588932807
DILMA;22.594142259414227;5;6.94980694980695
DILMA;21.57676348547718;5;8.695652173913043
DILMA;17.180616740088105;5;6.692913385826771
DILMA;13.973799126637555;5;6.589147286821706
DILMA;20.62780269058296;5;7.659574468085107
DILMA;19.289340101522843;5;5.405405405405405
DILMA;17.48633879781421;5;6.103286384976526
DILMA;21.02803738317757;5;5.531914893617022
DILMA;22.4390243902439;5;6.550218340611353
DILMA;18.4;5;6.569343065693431
DILMA;42.435424354243544;5;1.6304347826086956
DILMA;18.13031161473088;5;6.63265306122449
DILMA;16.939890710382514;5;8.040201005025125
DILMA;20.218579234972676;5;8.955223880597014
DILMA;17.97752808988764;5;7.5
DILMA;17.679558011049725;5;8.421052631578947
DILMA;17.587939698492463;5;7.368421052631579
DILMA;15.044247787610619;5;0.8152173913043478
DILMA;12.852664576802507;5;2.849002849002849
DILMA;16.614420062695924;5;3.3426183844011144
DILMA;15.819209039548022;5;2.1108179419525066
DILMA;32.234432234432234;5;2.028985507246377
DILMA;14.5;5;1.7937219730941705
DILMA;12.0;5;2.6737967914438503
DILMA;46.236559139784944;5;0.60790273556231
DILMA;27.531645569620252;5;2.2099447513812156
DILMA;28.37837837837838;5;2.395209580838323
DILMA;18.045112781954888;5;1.1235955056179776
DILMA;15.71072319201995;5;4.260089686098655
DILMA;14.855072463768115;5;1.6025641025641026
DILMA;14.603174603174603;5;1.4577259475218658
DILMA;10.526315789473685;5;2.3696682464454977
DILMA;27.697841726618705;5;0.8849557522123894
DILMA;23.61516034985423;5;2.5380710659898478
DILMA;13.897280966767372;5;2.459016393442623
DILMA;16.120906801007557;5;1.3363028953229399
DILMA;47.766323024054984;5;0.546448087431694
DILMA;29.714285714285715;5;2.380952380952381
DILMA;11.046511627906977;5;1.6216216216216217
DILMA;12.844036697247706;5;2.5
DILMA;28.859060402684563;5;2.4390243902439024
DILMA;27.946127946127945;5;1.1594202898550725
DILMA;36.22047244094488;5;1.6181229773462784
DILMA;27.796610169491526;5;2.005730659025788
DILMA;10.606060606060606;5;0.8450704225352113
DILMA;35.49488054607509;5;0.5780346820809249
DILMA;11.910669975186105;5;2.2172949002217295
DILMA;17.478510028653297;5;2.770780856423174
DILMA;22.023809523809526;5;1.3636363636363635
DILMA;12.181303116147308;5;2.4390243902439024
DILMA;9.480122324159021;5;1.3850415512465375
DILMA;16.91842900302115;5;3.8997214484679668
DILMA;13.86861313868613;5;0.6666666666666666
DILMA;13.119533527696793;5;2.4523160762942777
DILMA;66.53543307086615;5;1.694915254237288
DILMA;14.137931034482758;5;2.8753993610223643
DILMA;12.647058823529411;5;1.6085790884718498
DILMA;13.10344827586207;5;4.166666666666667
DILMA;16.70886075949367;5;2.947845804988662
DILMA;19.71014492753623;5;2.2900763358778624
DILMA;25.668449197860962;5;4.566210045662101
DILMA;15.652173913043478;5;2.849740932642487
DILMA;17.647058823529413;5;2.030456852791878
DILMA;12.864077669902912;5;2.0179372197309418
DILMA;9.06515580736544;5;3.141361256544503
DILMA;13.333333333333334;5;3.3112582781456954
DILMA;13.178294573643411;5;4.054054054054054
DILMA;29.36802973977695;5;2.046783625730994
DILMA;13.135593220338983;5;0.38910505836575876
DILMA;16.615384615384617;5;2.247191011235955
DILMA;12.27621483375959;5;2.5522041763341066
DILMA;13.128491620111731;5;3.316326530612245
DILMA;20.858895705521473;5;1.6666666666666667
DILMA;10.199004975124378;5;1.7621145374449338
DILMA;40.51094890510949;5;1.21580547112462
DILMA;10.662824207492795;5;2.570694087403599
DILMA;14.661654135338345;5;5.033557046979865
DILMA;29.807692307692307;5;1.6666666666666667
DILMA;18.823529411764707;5;3.5353535353535355
DILMA;28.333333333333332;5;1.1235955056179776
DILMA;10.526315789473685;5;1.7766497461928934
DILMA;14.540816326530612;5;1.8018018018018018
DILMA;15.776081424936386;5;2.9411764705882355
DILMA;14.857142857142858;5;3.3333333333333335
DILMA;11.073825503355705;5;2.623906705539359
DILMA;13.506493506493506;5;2.696629213483146
DILMA;17.934782608695652;5;4.390243902439025
DILMA;11.042944785276074;5;1.9390581717451523
DILMA;16.38888888888889;5;2.284263959390863
DILMA;13.170731707317072;5;3.1531531531531534
DILMA;17.45562130177515;5;1.3774104683195592
DILMA;21.188630490956072;5;2.4774774774774775
DILMA;10.429447852760736;5;3.260869565217391
DILMA;10.204081632653061;5;2.5906735751295336
DILMA;13.300492610837438;5;0.9070294784580499
DILMA;35.483870967741936;5;0.9803921568627451
DILMA;15.217391304347826;5;2.4229074889867843
DILMA;15.168539325842696;5;5.555555555555555
DILMA;21.119592875318066;5;0.6711409395973155
DILMA;12.280701754385966;5;2.5700934579439254
DILMA;13.28125;5;1.7777777777777777
DILMA;16.86046511627907;5;2.806122448979592
DILMA;18.289085545722713;5;2.5641025641025643
DILMA;12.436548223350254;5;1.7937219730941705
DILMA;11.029411764705882;5;3.0303030303030303
DILMA;15.895953757225433;5;1.8134715025906736
DILMA;21.03448275862069;5;4.472843450479234
DILMA;10.909090909090908;5;2.6954177897574123
DILMA;17.404129793510325;5;4.761904761904762
DILMA;14.110429447852761;5;1.3736263736263736
DILMA;29.15129151291513;5;0.5813953488372093
DILMA;14.779874213836479;5;2.1333333333333333
DILMA;18.91025641025641;5;1.4749262536873156
DILMA;12.222222222222221;5;2.450980392156863
DILMA;16.164383561643834;5;1.477832512315271
DILMA;25.0;5;1.6574585635359116
DILMA;17.045454545454547;5;3.58974358974359
DILMA;13.399503722084367;5;1.7738359201773837
DILMA;46.64179104477612;5;1.0781671159029649
DILMA;14.534883720930232;5;4.18848167539267
DILMA;29.454545454545453;5;0.5952380952380952
DILMA;17.59776536312849;5;0.5167958656330749
DILMA;13.105413105413106;5;2.3255813953488373
DILMA;11.733333333333333;5;0.5291005291005291
DILMA;31.896551724137932;5;1.3245033112582782
DILMA;13.846153846153847;5;2.5210084033613445
DILMA;13.274336283185841;5;2.9023746701846966
DILMA;14.325068870523417;5;2.8350515463917527
DILMA;13.68421052631579;5;2.803738317757009
DILMA;14.759036144578314;5;4.788732394366197
DILMA;12.776412776412776;5;1.1185682326621924
DILMA;13.194444444444445;5;2.727272727272727
DILMA;17.58957654723127;5;3.532608695652174
DILMA;34.48275862068966;5;1.8126888217522659
DILMA;19.148936170212767;5;3.9443155452436196
DILMA;32.95880149812734;5;2.5559105431309903
DILMA;20.05730659025788;5;2.4630541871921183
DILMA;18.03713527851459;5;3.218390804597701
DILMA;14.838709677419354;5;4.804804804804805
DILMA;16.31419939577039;5;2.168021680216802
DILMA;14.882506527415144;5;0.89086859688196
DILMA;15.277777777777779;5;2.4193548387096775
DILMA;18.13186813186813;5;1.2106537530266344
DILMA;10.658307210031348;5;1.1299435028248588
DILMA;15.0;5;2.2641509433962264
DILMA;32.394366197183096;5;1.7341040462427746
DILMA;17.223650385604113;5;2.558139534883721
DILMA;21.022727272727273;5;0.9433962264150944
DILMA;18.181818181818183;5;7.121661721068249
DILMA;15.957446808510639;5;2.763819095477387
DILMA;15.691489361702128;5;1.5765765765765767
DILMA;11.845730027548209;5;3.981264637002342
DILMA;19.946091644204852;5;3.595505617977528
DILMA;15.384615384615385;5;6.117647058823529
DILMA;14.520547945205479;5;2.898550724637681
DILMA;12.747875354107649;5;1.5
DILMA;22.22222222222222;5;4.201680672268908
DILMA;17.37704918032787;5;7.164179104477612
DILMA;15.406162464985995;5;1.8867924528301887
DILMA;14.893617021276595;5;3.359173126614987
DILMA;23.36182336182336;5;2.0
DILMA;15.750915750915752;5;5.347593582887701
DILMA;12.236286919831224;5;1.8181818181818181
DILMA;17.073170731707318;5;3.058103975535168
DILMA;15.568862275449101;5;5.729166666666667
DILMA;20.12578616352201;5;7.386363636363637
DILMA;18.803418803418804;5;2.237136465324385
DILMA;14.285714285714286;5;3.0303030303030303
DILMA;14.50381679389313;5;4.651162790697675
DILMA;21.22905027932961;5;3.1818181818181817
DILMA;13.333333333333334;5;1.6666666666666667
DILMA;15.384615384615385;5;2.4271844660194173
DILMA;20.408163265306122;5;3.35195530726257
DILMA;17.647058823529413;5;6.214689265536723
DILMA;18.91891891891892;5;3.1578947368421053
DILMA;17.91530944625407;5;7.887323943661972
DILMA;16.459627329192546;5;3.6619718309859155
DILMA;13.548387096774194;5;4.913294797687861
DILMA;39.76377952755905;5;1.5337423312883436
DILMA;13.80281690140845;5;5.454545454545454
DILMA;13.978494623655914;5;6.965174129353234
DILMA;21.195652173913043;5;4.5
DILMA;17.46987951807229;5;4.56989247311828
DILMA;15.789473684210526;5;4.9046321525885554
DILMA;14.733542319749215;5;4.0431266846361185
DILMA;9.701492537313433;5;6.354515050167224
DILMA;11.02661596958175;5;6.462585034013605
DILMA;17.428571428571427;5;5.128205128205129
DILMA;16.80911680911681;5;8.142493638676845
DILMA;40.225563909774436;5;1.5197568389057752
DILMA;8.55457227138643;5;2.8795811518324608
DILMA;16.75977653631285;5;8.421052631578947
DILMA;14.024390243902438;5;1.1049723756906078
DILMA;14.805194805194805;5;2.7906976744186047
DILMA;17.28723404255319;5;4.4496487119437935
DILMA;18.666666666666668;5;4.651162790697675
DILMA;14.824797843665769;5;5.687203791469194
DILMA;16.182572614107883;5;4.562737642585551
DILMA;19.758064516129032;5;5.058365758754864
DILMA;14.893617021276595;5;1.9011406844106464
DILMA;29.26829268292683;5;1.3761467889908257
DILMA;13.66120218579235;5;3.482587064676617
DILMA;20.670391061452513;5;3.58974358974359
DILMA;14.525139664804469;5;4.166666666666667
DILMA;17.197452229299362;5;4.705882352941177
DILMA;15.451895043731778;5;2.5839793281653747
DILMA;15.44943820224719;5;4.909560723514212
DILMA;18.26625386996904;5;3.361344537815126
DILMA;18.84498480243161;5;1.9337016574585635
DILMA;14.285714285714286;5;3.6199095022624435
DILMA;12.121212121212121;5;3.7610619469026547
DILMA;36.8421052631579;5;0.9302325581395349
DILMA;11.594202898550725;5;1.075268817204301
DILMA;16.573033707865168;5;4.325699745547074
DILMA;18.591549295774648;5;4.336734693877551
DILMA;18.181818181818183;5;3.551912568306011
DILMA;16.923076923076923;5;3.30188679245283
DILMA;17.112299465240643;5;4.222222222222222
DILMA;19.104477611940297;5;2.9702970297029703
DILMA;19.273743016759777;5;1.7412935323383085
DILMA;20.22792022792023;5;3.43980343980344
DILMA;17.045454545454547;5;4.123711340206185
DILMA;29.10958904109589;5;0.819672131147541
DILMA;13.150684931506849;5;2.0151133501259446
DILMA;16.486486486486488;5;2.8350515463917527
DILMA;17.052023121387283;5;2.3136246786632393
DILMA;14.112903225806452;5;2.2304832713754648
DILMA;13.623978201634877;5;0.4914004914004914
DILMA;10.526315789473685;5;6.037735849056604
DILMA;15.725806451612904;5;0.7692307692307693
DILMA;10.839160839160838;5;3.2467532467532467
DILMA;12.544802867383513;5;2.7210884353741496
DILMA;15.104166666666666;5;3.7777777777777777
DILMA;26.440677966101696;5;1.639344262295082
DILMA;16.358839050131927;5;4.719101123595506
DILMA;15.0;5;4.260089686098655
DILMA;18.367346938775512;5;2.888888888888889
DILMA;19.52054794520548;5;4.73186119873817
DILMA;16.666666666666668;5;2.9761904761904763
DILMA;11.656441717791411;5;2.849002849002849
DILMA;14.16184971098266;5;3.836317135549872
DILMA;13.994169096209912;5;2.813299232736573
DILMA;18.495297805642632;5;1.9337016574585635
DILMA;29.41176470588235;5;0.5494505494505495
DILMA;13.26530612244898;5;3.0303030303030303
DILMA;15.656565656565656;5;4.090909090909091
DILMA;12.88659793814433;5;2.132701421800948
DILMA;27.761194029850746;5;3.058103975535168
DILMA;12.56281407035176;5;3.1531531531531534
DILMA;11.380145278450364;5;2.207505518763797
DILMA;12.745098039215685;5;3.896103896103896
DILMA;10.591133004926109;5;2.6785714285714284
DILMA;12.466124661246612;5;1.4851485148514851
DILMA;39.63963963963964;5;2.491103202846975
DILMA;35.16949152542373;5;2.7777777777777777
DILMA;34.92063492063492;5;0.8955223880597015
DILMA;43.50282485875706;5;2.6666666666666665
DILMA;43.111111111111114;5;1.36986301369863
DILMA;36.69724770642202;5;1.7421602787456445
DILMA;44.01709401709402;5;0.36101083032490977
DILMA;36.24454148471616;5;0.6920415224913494
DILMA;39.473684210526315;5;1.0526315789473684
DILMA;40.43478260869565;5;1.3377926421404682
DILMA;37.96296296296296;5;2.7777777777777777
DILMA;35.111111111111114;5;3.202846975088968
DILMA;42.731277533039645;5;1.4336917562724014
DILMA;38.13953488372093;5;0.7604562737642585
DILMA;42.857142857142854;5;0.8097165991902834
DILMA;47.32142857142857;5;1.3745704467353952
DILMA;36.21621621621622;5;1.3157894736842106
DILMA;39.42307692307692;5;1.509433962264151
DILMA;38.17427385892116;5;1.941747572815534
DILMA;47.808764940239044;5;1.5686274509803921
DILMA;40.09661835748792;5;1.8518518518518519
DILMA;40.0;5;3.1914893617021276
DILMA;34.32203389830509;5;0.6920415224913494
DILMA;36.986301369863014;5;1.0204081632653061
DILMA;58.333333333333336;5;1.550387596899225
DILMA;82.67716535433071;5;0.8130081300813008
DILMA;73.39449541284404;5;1.5267175572519085
DILMA;70.71428571428571;5;0.4424778761061947
DILMA;14.285714285714286;5;0.9259259259259259
DILMA;45.16129032258065;5;1.1764705882352942
DILMA;40.56603773584906;5;2.8469750889679717
DILMA;48.76543209876543;5;1.5748031496062993
DILMA;43.61702127659574;5;2.1621621621621623
DILMA;44.97607655502392;5;4.089219330855019
DILMA;31.756756756756758;5;0.5780346820809249
DILMA;50.72463768115942;5;1.2195121951219512
DILMA;57.05521472392638;5;3.125
DILMA;39.38053097345133;5;2.3026315789473686
DILMA;36.563876651982376;5;1.3029315960912051
DILMA;37.30769230769231;5;3.1468531468531467
DILMA;37.102473498233216;5;2.04778156996587
DILMA;29.611650485436893;5;1.3888888888888888
DILMA;6.722689075630252;5;1.2903225806451613
DILMA;50.0;5;0.819672131147541
DILMA;19.375;5;0.49261083743842365
DILMA;22.746781115879827;5;0.6600660066006601
DILMA;35.741444866920155;5;0.28735632183908044
DILMA;20.714285714285715;5;0.5063291139240507
DILMA;25.78397212543554;5;1.0050251256281406
DILMA;21.428571428571427;5;0.2680965147453083
DILMA;21.245421245421245;5;1.098901098901099
DILMA;25.096525096525095;5;0.2770083102493075
DILMA;21.691176470588236;5;1.10803324099723
DILMA;24.456521739130434;5;1.639344262295082
DILMA;23.295454545454547;5;1.6326530612244898
DILMA;23.70689655172414;5;0.9646302250803859
DILMA;24.41860465116279;5;1.4450867052023122
DILMA;29.46058091286307;5;0.6410256410256411
DILMA;26.956521739130434;5;0.9615384615384616
DILMA;22.65625;5;0.9554140127388535
DILMA;26.970954356846473;5;1.8126888217522659
DILMA;30.223880597014926;5;2.0588235294117645
DILMA;23.728813559322035;5;0.8021390374331551
DILMA;26.35135135135135;5;1.5957446808510638
DILMA;25.080385852090032;5;1.518987341772152
DILMA;24.333333333333332;5;0.5115089514066496
DILMA;20.689655172413794;5;1.3262599469496021
DILMA;31.203007518796994;5;0.8450704225352113
DILMA;21.568627450980394;5;0.5319148936170213
DILMA;28.37837837837838;5;0.34843205574912894
DILMA;26.053639846743295;5;1.366120218579235
DILMA;28.928571428571427;5;0.2724795640326976
DILMA;22.340425531914892;5;0.5128205128205128
DILMA;21.908127208480565;5;0.7633587786259542
DILMA;24.573378839590443;5;2.3017902813299234
DILMA;28.8135593220339;5;1.2552301255230125
DILMA;25.146198830409357;5;1.2552301255230125
DILMA;28.436018957345972;5;1.7241379310344827
DILMA;26.778242677824267;5;0.5797101449275363
DILMA;27.31958762886598;5;1.644736842105263
DILMA;31.80327868852459;5;0.5025125628140703
DILMA;33.440514469453376;5;0.5025125628140703
DILMA;42.508710801393725;5;0.5037783375314862
DILMA;35.85526315789474;5;0.2544529262086514
DILMA;40.549828178694156;5;0.25252525252525254
DILMA;36.271186440677965;5;0.25252525252525254
DILMA;39.23076923076923;5;0.5555555555555556
DILMA;36.462093862815884;5;1.10803324099723
DILMA;40.67796610169491;5;0.5063291139240507
DILMA;26.79127725856698;5;0.5115089514066496
DILMA;41.666666666666664;5;0.5076142131979695
DILMA;41.355932203389834;5;0.7692307692307693
DILMA;42.532467532467535;5;1.2658227848101267
DILMA;22.68041237113402;5;0.8021390374331551
DILMA;24.344569288389515;5;0.8695652173913043
DILMA;18.62348178137652;5;1.1869436201780414
DILMA;43.24324324324324;5;0.9933774834437086
DILMA;41.666666666666664;5;0.2570694087403599
DILMA;25.752508361204015;5;0.5154639175257731
DILMA;24.154589371980677;5;1.408450704225352
DILMA;24.257425742574256;5;0.8333333333333334
DILMA;23.228346456692915;5;0.31347962382445144
DILMA;24.0;5;0.29239766081871343
DILMA;35.256410256410255;5;0.41841004184100417
DILMA;23.694779116465863;5;0.6430868167202572
DILMA;23.10924369747899;5;0.9523809523809523
DILMA;20.233463035019454;5;0.3021148036253776
DILMA;27.309236947791163;5;1.1695906432748537
DILMA;29.914529914529915;5;0.6711409395973155
DILMA;40.64748201438849;5;0.7936507936507936
DILMA;23.076923076923077;5;0.2557544757033248
DILMA;37.01298701298701;5;0.4219409282700422
DILMA;21.363636363636363;5;0.32894736842105265
DILMA;23.134328358208954;5;1.1940298507462686
DILMA;28.755364806866954;5;0.6410256410256411
DILMA;31.40495867768595;5;0.8670520231213873
DILMA;18.75;5;0.31645569620253167
DILMA;18.218623481781375;5;1.4450867052023122
DILMA;24.056603773584907;5;1.492537313432836
DILMA;32.5;5;0.5617977528089888
DILMA;26.96629213483146;5;0.35335689045936397
DILMA;36.13861386138614;5;0.33003300330033003
DILMA;39.11290322580645;5;0.5730659025787965
DILMA;27.77777777777778;5;1.6348773841961852
DILMA;21.804511278195488;5;0.5813953488372093
DILMA;19.488817891373802;5;1.0178117048346056
DILMA;37.903225806451616;5;1.2195121951219512
DILMA;55.921052631578945;5;0.5319148936170213
DILMA;44.97991967871486;5;0.6024096385542169
DILMA;54.51807228915663;5;0.7518796992481203
DILMA;24.91103202846975;5;0.2840909090909091
DILMA;25.714285714285715;5;0.5025125628140703
DILMA;28.40909090909091;5;0.425531914893617
DILMA;28.67924528301887;5;0.8695652173913043
DILMA;28.571428571428573;5;0.4672897196261682
DILMA;49.280575539568346;5;0.2717391304347826
DILMA;39.548022598870055;5;0.8658008658008658
DILMA;39.37007874015748;5;1.5228426395939085
DILMA;31.135531135531135;5;0.5865102639296188
DILMA;28.15884476534296;5;0.28169014084507044
DILMA;28.35820895522388;5;0.5586592178770949
DILMA;35.678391959798994;5;0.5747126436781609
DILMA;30.76923076923077;5;0.5
DILMA;31.65137614678899;5;0.7142857142857143
DILMA;32.89473684210526;5;0.49261083743842365
DILMA;32.56704980842912;5;1.404494382022472
DILMA;32.377049180327866;5;0.3367003367003367
DILMA;34.69387755102041;5;0.7633587786259542
DILMA;30.47945205479452;5;0.5698005698005698
DILMA;36.206896551724135;5;0.8333333333333334
DILMA;27.480916030534353;5;1.5432098765432098
DILMA;26.976744186046513;5;1.0869565217391304
DILMA;37.827715355805246;5;0.5586592178770949
DILMA;46.09665427509294;5;0.26525198938992045
DILMA;46.22641509433962;5;0.32679738562091504
DILMA;54.13793103448276;5;0.26455026455026454
DILMA;36.633663366336634;5;0.6896551724137931
DILMA;35.22727272727273;5;0.2544529262086514
DILMA;36.597938144329895;5;1.4234875444839858
DILMA;32.870370370370374;5;0.34965034965034963
DILMA;42.016806722689076;5;2.0
DILMA;43.1438127090301;5;0.25380710659898476
DILMA;29.365079365079364;5;1.875
DILMA;25.503355704697988;5;1.0666666666666667
DILMA;32.6271186440678;5;1.0101010101010102
DILMA;29.6875;5;0.3003003003003003
DILMA;52.84280936454849;5;0.5221932114882507
DILMA;40.95238095238095;5;0.34965034965034963
DILMA;13.836477987421384;5;0.38022813688212925
DILMA;32.298136645962735;5;0.819672131147541
DILMA;29.04564315352697;5;0.3225806451612903
DILMA;36.655948553054664;5;0.5089058524173028
DILMA;33.0188679245283;5;1.36986301369863
DILMA;41.74757281553398;5;0.35587188612099646
DILMA;37.56345177664975;5;0.6993006993006993
DILMA;43.36734693877551;5;0.33557046979865773
DILMA;52.54237288135593;5;0.5649717514124294
DILMA;31.95020746887967;5;0.30864197530864196
DILMA;32.103321033210335;5;0.273972602739726
DILMA;54.75409836065574;5;0.2680965147453083
DILMA;31.182795698924732;5;1.4492753623188406
DILMA;30.476190476190474;5;0.3663003663003663
DILMA;32.342007434944236;5;0.3115264797507788
DILMA;26.666666666666668;5;0.5602240896358543
DILMA;24.738675958188153;5;0.2724795640326976
DILMA;29.80392156862745;5;0.6116207951070336
DILMA;51.77514792899408;5;0.759493670886076
DILMA;35.80246913580247;5;0.6825938566552902
DILMA;27.966101694915253;5;0.6289308176100629
DILMA;36.87707641196013;5;0.25906735751295334
DILMA;26.492537313432837;5;1.4705882352941178
DILMA;36.177474402730375;5;0.7672634271099744
DILMA;26.905829596412556;5;0.6872852233676976
DILMA;34.55882352941177;5;1.4577259475218658
DILMA;32.69230769230769;5;1.3157894736842106
DILMA;28.88888888888889;5;2.127659574468085
DILMA;47.417840375586856;5;0.37174721189591076
DILMA;54.54545454545455;5;0.5882352941176471
DILMA;37.71043771043771;5;0.8620689655172413
DILMA;29.661016949152543;5;1.3513513513513513
DILMA;50.90252707581227;5;0.5586592178770949
DILMA;27.551020408163264;5;0.2785515320334262
DILMA;37.5;5;0.7490636704119851
DILMA;66.66666666666667;5;0.273224043715847
DILMA;30.70175438596491;5;1.9736842105263157
DILMA;20.930232558139537;5;0.3105590062111801
DILMA;41.29353233830846;5;0.8
DILMA;38.9937106918239;5;0.9569377990430622
DILMA;28.01556420233463;5;0.3003003003003003
DILMA;27.96934865900383;5;0.2976190476190476
DILMA;42.10526315789474;5;0.43103448275862066
DILMA;33.439490445859875;5;0.5102040816326531
DILMA;32.075471698113205;5;0.45045045045045046
DILMA;34.716981132075475;5;0.8310249307479224
DILMA;23.333333333333332;5;1.7241379310344827
DILMA;42.916666666666664;5;1.2618296529968454
DILMA;40.40816326530612;5;1.5060240963855422
DILMA;47.142857142857146;5;0.4975124378109453
DILMA;56.64739884393064;5;0.2518891687657431
DILMA;59.48275862068966;5;0.3448275862068966
DILMA;54.13533834586466;5;0.6006006006006006
DILMA;50.22831050228311;5;0.35714285714285715
DILMA;40.963855421686745;5;0.6369426751592356
DILMA;30.181818181818183;5;0.872093023255814
DILMA;44.680851063829785;5;0.7272727272727273
DILMA;22.99651567944251;5;0.2801120448179272
DILMA;30.303030303030305;5;1.2552301255230125
DILMA;36.08695652173913;5;0.9174311926605505
DILMA;22.09737827715356;5;0.8403361344537815
DILMA;41.1764705882353;5;1.2578616352201257
DILMA;27.941176470588236;5;2.1739130434782608
DILMA;48.125;5;0.5076142131979695
DILMA;36.7003367003367;5;0.5154639175257731
DILMA;29.537366548042705;5;0.5420054200542005
DILMA;21.25;5;0.9259259259259259
DILMA;31.294964028776977;5;0.8875739644970414
DILMA;25.862068965517242;5;1.3559322033898304
DILMA;36.58536585365854;5;0.4878048780487805
DILMA;30.76923076923077;5;0.8849557522123894
DILMA;31.666666666666668;5;1.2658227848101267
DILMA;37.2093023255814;5;0.56657223796034
DILMA;47.31182795698925;5;0.29239766081871343
DILMA;34.857142857142854;5;0.819672131147541
DILMA;54.15384615384615;5;0.7633587786259542
DILMA;61.570247933884296;5;0.5970149253731343
DILMA;49.501661129568106;5;1.0471204188481675
DILMA;28.14814814814815;5;0.5797101449275363
DILMA;51.01010101010101;5;0.8130081300813008
DILMA;33.027522935779814;5;0.6666666666666666
DILMA;29.365079365079364;5;0.5181347150259067
DILMA;48.0;5;0.2617801047120419
DILMA;55.223880597014926;5;0.8888888888888888
DILMA;68.32579185520362;5;1.1538461538461537
DILMA;47.602739726027394;5;0.5405405405405406
DILMA;78.81619937694704;5;1.2048192771084338
DILMA;29.447852760736197;5;0.9852216748768473
DILMA;24.352331606217618;5;1.5384615384615385
DILMA;52.15311004784689;5;0.37453183520599254
DILMA;32.6241134751773;5;0.8771929824561403
DILMA;37.755102040816325;5;1.2345679012345678
DILMA;42.16867469879518;5;0.2680965147453083
DILMA;24.46808510638298;5;0.5571030640668524
DILMA;30.501930501930502;5;0.2976190476190476
DILMA;23.529411764705884;5;2.3255813953488373
DILMA;23.076923076923077;5;1.639344262295082
DILMA;17.97752808988764;5;0.4048582995951417
DILMA;51.207729468599034;5;0.4098360655737705
DILMA;24.81203007518797;5;0.5952380952380952
DILMA;46.57534246575342;5;0.47393364928909953
DILMA;64.97695852534562;5;0.37174721189591076
DILMA;36.7816091954023;5;0.8130081300813008
DILMA;13.68421052631579;5;0.4329004329004329
DILMA;85.15625;5;0.591715976331361
DILMA;36.53846153846154;5;0.5494505494505495
DILMA;52.525252525252526;5;1.639344262295082
DILMA;27.40740740740741;5;0.8810572687224669
DILMA;55.483870967741936;5;0.273224043715847
DILMA;32.11009174311926;5;1.5267175572519085
DILMA;27.062706270627064;5;0.26109660574412535
DILMA;34.86842105263158;5;0.5681818181818182
DILMA;51.14942528735632;5;0.5128205128205128
DILMA;75.625;5;0.5181347150259067
DILMA;27.335640138408305;5;0.5830903790087464
DILMA;33.44827586206897;5;0.8670520231213873
DILMA;52.0;5;0.6578947368421053
DILMA;45.018450184501845;5;0.38022813688212925
DILMA;32.720588235294116;5;0.8571428571428571
DILMA;54.91803278688525;5;0.6289308176100629
DILMA;28.75;5;0.6896551724137931
DILMA;26.666666666666668;5;0.9345794392523364
DILMA;48.07692307692308;5;1.639344262295082
DILMA;30.62200956937799;5;0.6410256410256411
DILMA;29.850746268656717;5;1.1363636363636365
DILMA;28.436018957345972;5;1.7605633802816902
DILMA;27.941176470588236;5;0.8902077151335311
DILMA;28.625954198473284;5;0.8928571428571429
DILMA;29.32330827067669;5;1.2084592145015105
DILMA;24.793388429752067;5;0.3389830508474576
DILMA;33.65853658536585;5;1.0600706713780919
DILMA;35.034013605442176;5;0.7672634271099744
DILMA;28.630705394190873;5;1.744186046511628
DILMA;28.01556420233463;5;1.791044776119403
DILMA;31.3953488372093;5;0.5934718100890207
DILMA;28.957528957528957;5;0.5988023952095808
DILMA;27.81954887218045;5;0.30303030303030304
DILMA;18.250950570342205;5;0.2994011976047904
DILMA;30.939226519337016;5;0.8163265306122449
DILMA;35.38461538461539;5;0.411522633744856
DILMA;29.64426877470356;5;0.8797653958944281
DILMA;34.04255319148936;5;0.29673590504451036
DILMA;30.612244897959183;5;2.9166666666666665
DILMA;32.20973782771536;5;0.8849557522123894
DILMA;32.196969696969695;5;0.8771929824561403
DILMA;36.612021857923494;5;0.423728813559322
DILMA;37.2093023255814;5;1.82648401826484
DILMA;25.19685039370079;5;1.834862385321101
DILMA;33.333333333333336;5;0.4878048780487805
DILMA;29.11392405063291;5;1.492537313432836
DILMA;34.78260869565217;5;0.975609756097561
DILMA;29.533678756476682;5;0.6993006993006993
DILMA;29.577464788732396;5;4.117647058823529
DILMA;36.170212765957444;5;1.9230769230769231
DILMA;41.851851851851855;5;0.5208333333333334
DILMA;48.78048780487805;5;0.5952380952380952
DILMA;42.5531914893617;5;0.2915451895043732
DILMA;39.11290322580645;5;0.2915451895043732
DILMA;54.729729729729726;5;0.7792207792207793
DILMA;45.149253731343286;5;0.7915567282321899
DILMA;33.87978142076503;5;1.3986013986013985
DILMA;45.833333333333336;5;0.26455026455026454
DILMA;38.225255972696246;5;1.0178117048346056
DILMA;40.08810572687225;5;1.36986301369863
DILMA;40.104166666666664;5;0.373134328358209
DILMA;32.77777777777778;5;0.7633587786259542
DILMA;40.08438818565401;5;1.3245033112582782
DILMA;34.859154929577464;5;1.4164305949008498
DILMA;38.46153846153846;5;1.2
DILMA;32.88590604026846;5;0.7633587786259542
DILMA;47.55555555555556;5;0.32786885245901637
DILMA;42.22222222222222;5;0.8583690987124464
DILMA;37.89808917197452;5;1.0178117048346056
DILMA;39.333333333333336;5;1.0204081632653061
DILMA;42.69230769230769;5;0.91324200913242
DILMA;40.07936507936508;5;0.2958579881656805
DILMA;44.04145077720207;5;0.6622516556291391
DILMA;53.55648535564853;5;0.6134969325153374
DILMA;85.33333333333333;5;0.7352941176470589
DILMA;69.51219512195122;5;0.8130081300813008
DILMA;54.7085201793722;5;0.3460207612456747
DILMA;49.586776859504134;5;0.9554140127388535
DILMA;47.916666666666664;5;0.5882352941176471
DILMA;54.49438202247191;5;0.4032258064516129
DILMA;42.99516908212561;5;0.32051282051282054
DILMA;45.6140350877193;5;1.6233766233766234
DILMA;44.134078212290504;5;0.7692307692307693
DILMA;39.86486486486486;5;4.237288135593221
DILMA;41.276595744680854;5;1.6835016835016836
DILMA;43.19526627218935;5;2.5316455696202533
DILMA;48.10126582278481;5;0.32679738562091504
DILMA;46.733668341708544;5;1.36986301369863
DILMA;47.61904761904762;5;1.9920318725099602
DILMA;43.69747899159664;5;0.31746031746031744
DILMA;36.6412213740458;5;0.7117437722419929
DILMA;43.81443298969072;5;1.0830324909747293
DILMA;51.26903553299493;5;3.0821917808219177
DILMA;44.29223744292238;5;0.31545741324921134
DILMA;48.78048780487805;5;1.7064846416382253
DILMA;46.08294930875576;5;0.3367003367003367
DILMA;41.08910891089109;5;0.6734006734006734
DILMA;51.196172248803826;5;0.35335689045936397
DILMA;50.69124423963134;5;0.3436426116838488
DILMA;45.893719806763286;5;0.3460207612456747
DILMA;59.35828877005348;5;0.398406374501992
DILMA;52.293577981651374;5;0.6535947712418301
DILMA;53.475935828877006;5;0.36900369003690037
DILMA;65.54054054054055;5;1.1070110701107012
DILMA;58.641975308641975;5;0.45045045045045046
DILMA;41.578947368421055;5;0.7272727272727273
DILMA;71.25;5;1.1049723756906078
DILMA;72.41379310344827;5;1.606425702811245
DILMA;41.02564102564103;5;0.6430868167202572
DILMA;43.1578947368421;5;0.3968253968253968
DILMA;51.81818181818182;5;1.0135135135135136
DILMA;78.03468208092485;5;0.47619047619047616
DILMA;38.048780487804876;5;0.40160642570281124
DILMA;51.48514851485149;5;1.5325670498084292
DILMA;70.55555555555556;5;0.43478260869565216
DILMA;50.46296296296296;5;0.6666666666666666
DILMA;52.72727272727273;5;1.0309278350515463
DILMA;49.09090909090909;5;0.9404388714733543
DILMA;44.33497536945813;5;0.7874015748031497
DILMA;30.102040816326532;5;2.2900763358778624
DILMA;22.535211267605632;5;2.2099447513812156
DILMA;57.7639751552795;5;0.411522633744856
DILMA;42.5531914893617;5;2.857142857142857
DILMA;52.083333333333336;5;2.1621621621621623
DILMA;56.390977443609025;5;0.6944444444444444
DILMA;18.835616438356166;5;0.5347593582887701
DILMA;22.727272727272727;5;0.8670520231213873
DILMA;24.81203007518797;5;0.8695652173913043
DILMA;34.899328859060404;5;1.5151515151515151
DILMA;50.68493150684932;5;2.5
DILMA;58.42696629213483;5;2.0
DILMA;42.592592592592595;5;1.1235955056179776
DILMA;35.294117647058826;5;3.389830508474576
DILMA;21.818181818181817;5;1.440922190201729
DILMA;26.984126984126984;5;0.7853403141361257
DILMA;30.344827586206897;5;1.477832512315271
DILMA;34.36293436293436;5;2.0710059171597632
DILMA;43.44827586206897;5;2.512562814070352
DILMA;33.54430379746835;5;0.4784688995215311
DILMA;37.735849056603776;5;1.9607843137254901
DILMA;33.035714285714285;5;1.0638297872340425
DILMA;34.09090909090909;5;0.7220216606498195
DILMA;31.30081300813008;5;1.2269938650306749
DILMA;28.448275862068964;5;0.6472491909385113
DILMA;42.013888888888886;5;2.380952380952381
DILMA;36.55172413793103;5;1.075268817204301
DILMA;26.609442060085836;5;1.4184397163120568
DILMA;24.398625429553263;5;1.2755102040816326
DILMA;33.83458646616541;5;0.8356545961002786
DILMA;37.89473684210526;5;0.27548209366391185
DILMA;18.21561338289963;5;2.380952380952381
DILMA;32.82828282828283;5;4.602510460251046
DILMA;40.20100502512563;5;1.6528925619834711
DILMA;40.87591240875913;5;2.2082018927444795
DILMA;29.487179487179485;5;1.288659793814433
DILMA;41.886792452830186;5;4.983388704318937
DILMA;45.09803921568628;5;3.2679738562091503
DILMA;30.21276595744681;5;0.6666666666666666
DILMA;27.547169811320753;5;0.8645533141210374
DILMA;46.103896103896105;5;0.5420054200542005
DILMA;43.31983805668016;5;1.0
DILMA;30.285714285714285;5;0.49504950495049505
DILMA;31.736526946107784;5;1.3953488372093024
DILMA;23.29749103942652;5;1.1594202898550725
DILMA;28.46153846153846;5;1.4749262536873156
DILMA;28.51063829787234;5;1.0101010101010102
DILMA;20.077220077220076;5;0.8771929824561403
DILMA;40.16393442622951;5;1.4234875444839858
DILMA;30.837004405286343;5;1.6722408026755853
DILMA;26.79245283018868;5;1.4705882352941178
DILMA;24.50980392156863;5;1.0362694300518134
DILMA;20.149253731343283;5;0.8823529411764706
DILMA;24.814814814814813;5;0.872093023255814
DILMA;23.202614379084967;5;1.3333333333333333
DILMA;33.68055555555556;5;1.8666666666666667
DILMA;21.895424836601308;5;1.0666666666666667
DILMA;24.705882352941178;5;2.3529411764705883
DILMA;45.18828451882845;5;1.7857142857142858
DILMA;27.555555555555557;5;1.0344827586206897
DILMA;66.66666666666667;5;0.7299270072992701
DILMA;34.74178403755869;5;0.6472491909385113
DILMA;30.65326633165829;5;2.247191011235955
DILMA;20.80536912751678;5;0.5154639175257731
DILMA;35.55555555555556;5;1.6501650165016502
DILMA;25.925925925925927;5;0.2680965147453083
DILMA;22.635135135135137;5;0.546448087431694
DILMA;31.501831501831504;5;0.5882352941176471
DILMA;35.294117647058826;5;0.819672131147541
DILMA;22.5;5;0.8823529411764706
DILMA;26.688102893890676;5;0.8086253369272237
DILMA;40.76246334310851;5;1.7811704834605597
DILMA;29.197080291970803;5;0.5797101449275363
DILMA;29.361702127659573;5;0.6600660066006601
DILMA;34.64052287581699;5;1.6574585635359116
DILMA;32.78688524590164;5;1.4285714285714286
DILMA;43.75;5;0.6410256410256411
DILMA;35.504885993485345;5;1.3368983957219251
DILMA;36.51877133105802;5;1.6666666666666667
DILMA;33.21799307958477;5;0.872093023255814
DILMA;19.858156028368793;5;1.1764705882352942
DILMA;72.636815920398;5;0.4048582995951417
DILMA;77.35849056603773;5;0.47619047619047616
DILMA;33.02325581395349;5;0.6644518272425249
DILMA;33.57664233576642;5;0.5847953216374269
DILMA;37.98701298701299;5;1.8716577540106951
DILMA;34.21052631578947;5;0.2976190476190476
DILMA;28.415300546448087;5;1.293103448275862
DILMA;37.03703703703704;5;0.2770083102493075
DILMA;35.273972602739725;5;0.5494505494505495
DILMA;33.11897106109325;5;1.2853470437017995
DILMA;23.75886524822695;5;4.109589041095891
DILMA;40.66390041493776;5;1.0101010101010102
DILMA;32.967032967032964;5;1.1235955056179776
DILMA;38.38028169014085;5;1.3966480446927374
DILMA;31.986531986531986;5;1.075268817204301
DILMA;38.118811881188115;5;1.509433962264151
DILMA;35.8974358974359;5;2.7027027027027026
DILMA;36.53846153846154;5;0.7936507936507936
DILMA;9.23076923076923;5;0.6451612903225806
DILMA;49.029126213592235;5;1.0909090909090908
DILMA;46.07843137254902;5;1.1673151750972763
DILMA;48.421052631578945;5;1.075268817204301
DILMA;46.42857142857143;5;2.8776978417266186
DILMA;43.65482233502538;5;0.7220216606498195
DILMA;49.029126213592235;5;2.491103202846975
DILMA;46.666666666666664;5;1.7391304347826086
DILMA;51.207729468599034;5;0.7299270072992701
DILMA;42.5;5;3.202846975088968
DILMA;48.205128205128204;5;1.1627906976744187
DILMA;47.417840375586856;5;1.5151515151515151
DILMA;41.395348837209305;5;1.1494252873563218
DILMA;43.43434343434343;5;1.550387596899225
DILMA;44.61538461538461;5;1.1583011583011582
DILMA;46.15384615384615;5;0.8
DILMA;48.108108108108105;5;1.550387596899225
DILMA;48.80952380952381;5;0.4484304932735426
DILMA;50.943396226415096;5;0.4329004329004329
DILMA;52.15311004784689;5;0.3546099290780142
DILMA;40.19138755980861;5;0.3861003861003861
DILMA;53.5;5;1.079136690647482
DILMA;50.96153846153846;5;0.36764705882352944
DILMA;47.29064039408867;5;2.158273381294964
DILMA;49.107142857142854;5;0.7220216606498195
DILMA;57.6036866359447;5;0.6968641114982579
DILMA;46.96969696969697;5;0.3861003861003861
DILMA;46.18834080717489;5;0.34965034965034963
DILMA;50.0;5;0.3831417624521073
DILMA;50.73170731707317;5;0.3968253968253968
DILMA;42.6865671641791;5;0.4149377593360996
DILMA;52.48868778280543;5;1.0830324909747293
DILMA;63.2183908045977;5;0.5714285714285714
DILMA;81.13207547169812;5;2.4096385542168677
DILMA;62.60504201680672;5;0.34965034965034963
DILMA;54.09090909090909;5;0.36101083032490977
DILMA;40.67796610169491;5;1.0344827586206897
DILMA;79.0909090909091;5;1.6853932584269662
DILMA;61.951219512195124;5;0.7843137254901961
DILMA;42.20183486238532;5;0.38022813688212925
DILMA;42.78350515463917;5;0.3968253968253968
DILMA;43.61702127659574;5;1.1764705882352942
DILMA;41.8848167539267;5;0.7843137254901961
DILMA;53.44827586206897;5;1.4336917562724014
DILMA;60.204081632653065;5;1.098901098901099
DILMA;45.30386740331492;5;1.1857707509881423
DILMA;53.2520325203252;5;1.0169491525423728
DILMA;47.234042553191486;5;0.704225352112676
DILMA;37.956204379562045;5;1.910828025477707
DILMA;51.351351351351354;5;1.1764705882352942
DILMA;27.33812949640288;5;1.694915254237288
DILMA;23.626373626373628;5;2.100840336134454
DILMA;28.21576763485477;5;2.8776978417266186
DILMA;29.739776951672862;5;1.1299435028248588
DILMA;38.392857142857146;5;2.3972602739726026
DILMA;19.736842105263158;5;1.3840830449826989
DILMA;20.982142857142858;5;1.0135135135135136
DILMA;17.467248908296945;5;1.3513513513513513
DILMA;19.469026548672566;5;2.4054982817869415
DILMA;21.890547263681594;5;2.2388059701492535
DILMA;17.803030303030305;5;0.6578947368421053
DILMA;20.717131474103585;5;0.6666666666666666
DILMA;20.54794520547945;5;0.7380073800738007
DILMA;25.0;5;0.4672897196261682
DILMA;18.03921568627451;5;1.8927444794952681
DILMA;27.238805970149254;5;0.56657223796034
DILMA;23.79182156133829;5;2.0710059171597632
DILMA;27.77777777777778;5;0.37453183520599254
DILMA;18.51851851851852;5;0.4
DILMA;18.88111888111888;5;1.404494382022472
DILMA;16.26984126984127;5;0.6557377049180327
DILMA;24.870466321243523;5;0.847457627118644
DILMA;21.40077821011673;5;0.970873786407767
DILMA;31.985294117647058;5;1.4204545454545454
DILMA;36.312849162011176;5;0.43478260869565216
DILMA;28.96825396825397;5;2.43161094224924
DILMA;33.673469387755105;5;1.2448132780082988
DILMA;20.218579234972676;5;1.8518518518518519
DILMA;20.689655172413794;5;1.2422360248447204
DILMA;25.925925925925927;5;1.2448132780082988
DILMA;17.71217712177122;5;0.8955223880597015
DILMA;32.94117647058823;5;1.0600706713780919
DILMA;22.0;5;0.819672131147541
DILMA;23.381294964028775;5;2.6548672566371683
DILMA;29.48207171314741;5;2.684563758389262
DILMA;22.22222222222222;5;2.1551724137931036
DILMA;23.115577889447238;5;1.2396694214876034
DILMA;15.625;5;0.6309148264984227
DILMA;23.618090452261306;5;1.556420233463035
DILMA;30.434782608695652;5;1.9867549668874172
DILMA;28.79377431906615;5;1.1299435028248588
DILMA;38.75598086124402;5;1.9867549668874172
DILMA;24.107142857142858;5;1.7921146953405018
DILMA;30.065359477124183;5;1.0
DILMA;28.037383177570092;5;2.4691358024691357
DILMA;16.49484536082474;5;2.4193548387096775
DILMA;32.78145695364238;5;1.2307692307692308
DILMA;23.15270935960591;5;1.214574898785425
DILMA;45.588235294117645;5;1.25
DILMA;28.048780487804876;5;3.6912751677852347
DILMA;41.554054054054056;5;2.19435736677116
DILMA;34.065934065934066;5;0.966183574879227
DILMA;22.878228782287824;5;2.108433734939759
DILMA;28.651685393258425;5;1.7964071856287425
DILMA;36.65689149560117;5;3.048780487804878
DILMA;34.437086092715234;5;2.5
DILMA;33.65384615384615;5;3.7037037037037037
DILMA;20.3125;5;1.2422360248447204
DILMA;20.361990950226243;5;2.641509433962264
DILMA;28.368794326241133;5;1.1904761904761905
DILMA;32.20338983050848;5;2.7777777777777777
DILMA;36.8;5;2.491103202846975
DILMA;39.42307692307692;5;1.7241379310344827
DILMA;24.170616113744074;5;0.819672131147541
DILMA;16.071428571428573;5;1.9607843137254901
DILMA;40.23668639053255;5;4.166666666666667
DILMA;15.294117647058824;5;2.1621621621621623
DILMA;30.726256983240223;5;2.1645021645021645
DILMA;21.25;5;0.6269592476489029
DILMA;16.205533596837945;5;0.6514657980456026
DILMA;18.59504132231405;5;3.1690140845070425
DILMA;20.58823529411765;5;2.7027027027027026
DILMA;15.246636771300448;5;1.25
DILMA;20.081967213114755;5;0.6410256410256411
DILMA;22.598870056497177;5;1.3574660633484164
DILMA;30.81761006289308;5;2.6666666666666665
DILMA;33.443708609271525;5;1.0230179028132993
DILMA;24.770642201834864;5;0.6711409395973155
DILMA;13.422818791946309;5;3.8251366120218577
DILMA;18.77133105802048;5;0.704225352112676
DILMA;45.45454545454545;5;4.166666666666667
DILMA;63.095238095238095;5;2.247191011235955
DILMA;31.25;5;1.36986301369863
DILMA;49.333333333333336;5;1.0309278350515463
DILMA;45.714285714285715;5;0.7692307692307693
DILMA;18.674698795180724;5;0.45662100456621
DILMA;25.380710659898476;5;2.074688796680498
DILMA;12.949640287769784;5;1.829268292682927
DILMA;17.29106628242075;5;2.197802197802198
DILMA;31.52173913043478;5;0.4291845493562232
DILMA;23.83419689119171;5;1.5810276679841897
DILMA;18.72340425531915;5;3.0405405405405403
DILMA;21.08433734939759;5;3.482587064676617
DILMA;28.37837837837838;5;0.7326007326007326
DILMA;23.166023166023166;5;2.5236593059936907
DILMA;18.410041841004183;5;3.0927835051546393
DILMA;20.388349514563107;5;2.1052631578947367
DILMA;18.0;5;1.5772870662460567
DILMA;22.265625;5;2.623906705539359
DILMA;24.858757062146893;5;1.3636363636363635
DILMA;18.49056603773585;5;0.591715976331361
DILMA;16.725978647686834;5;1.4534883720930232
DILMA;23.728813559322035;5;1.3888888888888888
DILMA;21.64179104477612;5;1.1173184357541899
DILMA;19.747899159663866;5;1.2618296529968454
DILMA;22.926829268292682;5;2.456140350877193
DILMA;14.201183431952662;5;0.46511627906976744
DILMA;14.785992217898833;5;2.08955223880597
DILMA;23.170731707317074;5;0.4975124378109453
DILMA;14.624505928853756;5;0.6329113924050633
DILMA;23.076923076923077;5;2.510460251046025
DILMA;25.112107623318387;5;1.8181818181818181
DILMA;16.05504587155963;5;1.0676156583629892
DILMA;24.102564102564102;5;2.2140221402214024
DILMA;21.58273381294964;5;3.260869565217391
DILMA;24.496644295302012;5;0.49504950495049505
DILMA;22.325581395348838;5;0.3663003663003663
DILMA;22.127659574468087;5;1.0309278350515463
DILMA;17.343173431734318;5;1.4563106796116505
DILMA;21.54696132596685;5;2.2831050228310503
DILMA;17.94871794871795;5;1.8181818181818181
DILMA;16.939890710382514;5;2.304147465437788
DILMA;21.708185053380785;5;2.8708133971291865
DILMA;21.55688622754491;5;0.49504950495049505
DILMA;14.84375;5;0.9375
DILMA;18.99441340782123;5;0.9302325581395349
DILMA;27.93522267206478;5;1.21580547112462
DILMA;25.210084033613445;5;1.3937282229965158
DILMA;18.88888888888889;5;0.9259259259259259
DILMA;30.90909090909091;5;1.079136690647482
DILMA;21.140939597315437;5;2.272727272727273
DILMA;15.2;5;1.1857707509881423
DILMA;37.6;5;1.2345679012345678
DILMA;14.166666666666666;5;0.6896551724137931
DILMA;17.78846153846154;5;0.7407407407407407
DILMA;23.03370786516854;5;2.2831050228310503
DILMA;31.40495867768595;5;0.9202453987730062
DILMA;23.195876288659793;5;2.100840336134454
DILMA;13.186813186813186;5;2.336448598130841
DILMA;38.497652582159624;5;0.6557377049180327
DILMA;23.004694835680752;5;1.4814814814814814
DILMA;28.125;5;1.8604651162790697
DILMA;17.272727272727273;5;0.3546099290780142
DILMA;37.55458515283843;5;0.6666666666666666
DILMA;30.48780487804878;5;1.2121212121212122
DILMA;35.51401869158879;5;1.639344262295082
DILMA;27.155172413793103;5;1.9230769230769231
DILMA;34.70319634703196;5;0.9900990099009901
DILMA;18.46846846846847;5;2.1052631578947367
DILMA;18.303571428571427;5;1.056338028169014
DILMA;35.094339622641506;5;2.108433734939759
DILMA;29.775280898876403;5;1.7316017316017316
DILMA;37.11790393013101;5;2.3728813559322033
DILMA;21.428571428571427;5;2.202643171806167
DILMA;19.54022988505747;5;1.2738853503184713
DILMA;32.30769230769231;5;1.25
DILMA;36.75675675675676;5;0.4366812227074236
DILMA;28.735632183908045;5;1.3468013468013469
DILMA;25.0;5;0.43103448275862066
DILMA;21.311475409836067;5;2.304147465437788
DILMA;23.056300268096514;5;3.389830508474576
DILMA;26.099706744868037;5;1.6348773841961852
DILMA;13.066666666666666;5;4.444444444444445
DILMA;17.17948717948718;5;2.7210884353741496
DILMA;16.949152542372882;5;3.7444933920704844
DILMA;19.55922865013774;5;4.071246819338422
DILMA;19.060773480662984;5;4.0201005025125625
DILMA;21.35135135135135;5;3.2581453634085213
DILMA;17.557251908396946;5;5.434782608695652
DILMA;14.722222222222221;5;5.2631578947368425
DILMA;14.663461538461538;5;3.7362637362637363
DILMA;33.11258278145695;5;1.7964071856287425
DILMA;35.46099290780142;5;3.7249283667621778
DILMA;25.24590163934426;5;4.693140794223827
DILMA;22.429906542056074;5;5.8171745152354575
DILMA;17.741935483870968;5;4.213483146067416
DILMA;20.87227414330218;5;5.420054200542006
DILMA;19.814241486068113;5;3.6931818181818183
DILMA;16.86390532544379;5;3.4482758620689653
DILMA;15.633423180592992;5;3.1862745098039214
DILMA;18.75;5;4.301075268817204
DILMA;26.37795275590551;5;1.0600706713780919
DILMA;17.263843648208468;5;2.1739130434782608
DILMA;16.541353383458645;5;3.1390134529147984
DILMA;15.223880597014926;5;2.4725274725274726
DILMA;24.444444444444443;5;1.971830985915493
DILMA;17.56756756756757;5;3.4739454094292803
DILMA;24.390243902439025;5;5.042016806722689
DILMA;18.635170603674542;5;1.9230769230769231
DILMA;20.098039215686274;5;1.8099547511312217
DILMA;13.136729222520108;5;2.4390243902439024
DILMA;30.76923076923077;5;5.376344086021505
DILMA;16.032608695652176;5;1.9801980198019802
DILMA;35.687732342007436;5;2.5787965616045847
DILMA;22.22222222222222;5;1.917808219178082
DILMA;18.229166666666668;5;2.6506024096385543
DILMA;12.874251497005988;5;2.7027027027027026
DILMA;10.975609756097562;5;3.5616438356164384
DILMA;29.166666666666668;5;1.3100436681222707
DILMA;26.48221343873518;5;2.1352313167259784
DILMA;12.537313432835822;5;4.619565217391305
DILMA;14.444444444444445;5;1.5151515151515151
DILMA;15.384615384615385;5;5.915492957746479
DILMA;21.85929648241206;5;3.401360544217687
DILMA;22.424242424242426;5;3.3426183844011144
DILMA;17.771084337349397;5;1.9337016574585635
DILMA;19.25133689839572;5;2.179176755447942
DILMA;15.365239294710328;5;2.9279279279279278
DILMA;21.661721068249257;5;1.9390581717451523
DILMA;12.668463611859838;5;1.9950124688279303
DILMA;12.288135593220339;5;1.4981273408239701
DILMA;12.953367875647668;5;2.107728337236534
DILMA;10.893854748603353;5;5.026455026455026
DILMA;18.92744479495268;5;5.202312138728324
DILMA;11.722488038277511;5;1.7738359201773837
DILMA;12.16931216931217;5;3.676470588235294
DILMA;10.344827586206897;5;1.048951048951049
DILMA;15.864022662889518;5;0.8
DILMA;14.429530201342281;5;1.7699115044247788
DILMA;13.414634146341463;5;1.1235955056179776
DILMA;15.254237288135593;5;2.5236593059936907
DILMA;21.428571428571427;5;2.2508038585209005
DILMA;17.478510028653297;5;2.827763496143959
DILMA;15.662650602409638;5;2.168021680216802
DILMA;21.40921409214092;5;2.9279279279279278
DILMA;31.715210355987054;5;1.1661807580174928
DILMA;35.256410256410255;5;2.314814814814815
DILMA;19.430051813471504;5;3.131991051454139
DILMA;34.163701067615655;5;3.363914373088685
DILMA;19.34426229508197;5;3.6363636363636362
DILMA;18.560606060606062;5;2.0761245674740483
DILMA;14.044943820224718;5;1.3123359580052494
DILMA;15.0;5;2.051282051282051
DILMA;9.67741935483871;5;1.6666666666666667
DILMA;18.282548476454295;5;2.2058823529411766
DILMA;14.42080378250591;5;2.608695652173913
DILMA;17.92717086834734;5;2.763819095477387
DILMA;17.768595041322314;5;1.5037593984962405
DILMA;15.263157894736842;5;2.6506024096385543
DILMA;11.528150134048257;5;0.9569377990430622
DILMA;10.824742268041238;5;1.4184397163120568
DILMA;20.0;5;1.8691588785046729
DILMA;10.060975609756097;5;0.8403361344537815
DILMA;14.084507042253522;5;3.27455919395466
DILMA;13.941018766756033;5;0.49019607843137253
DILMA;12.094395280235988;5;1.643835616438356
DILMA;43.542435424354245;5;1.7191977077363896
DILMA;14.322250639386189;5;4.026845637583893
DILMA;13.872832369942197;5;2.0202020202020203
DILMA;18.322981366459626;5;1.9830028328611897
DILMA;26.068376068376068;5;1.4760147601476015
DILMA;13.803680981595091;5;3.2432432432432434
DILMA;16.844919786096256;5;2.67639902676399
DILMA;19.565217391304348;5;2.696078431372549
DILMA;23.463687150837988;5;4.975124378109452
DILMA;14.322916666666666;5;2.179176755447942
DILMA;28.72340425531915;5;1.524390243902439
DILMA;21.21212121212121;5;1.4705882352941178
DILMA;16.40378548895899;5;3.1161473087818696
DILMA;21.076233183856502;5;2.34375
DILMA;15.934065934065934;5;0.5141388174807198
DILMA;22.15568862275449;5;2.1739130434782608
DILMA;14.361702127659575;5;3.40632603406326
DILMA;16.71641791044776;5;2.1621621621621623
DILMA;13.6;5;1.466992665036675
DILMA;30.827067669172934;5;4.421768707482993
DILMA;11.241217798594848;5;3.2537960954446854
DILMA;39.3574297188755;5;1.6891891891891893
DILMA;25.19083969465649;5;1.2578616352201257
DILMA;25.0;5;1.4450867052023122
DILMA;12.011173184357542;5;1.728395061728395
DILMA;14.921465968586388;5;1.9184652278177459
DILMA;11.26005361930295;5;2.6066350710900474
DILMA;18.87905604719764;5;3.7406483790523692
DILMA;13.221153846153847;5;1.75054704595186
DILMA;31.1864406779661;5;2.0527859237536656
DILMA;15.864022662889518;5;1.0126582278481013
DILMA;17.153284671532848;5;3.125
DILMA;13.157894736842104;5;2.4213075060532687
DILMA;16.08040201005025;5;2.9017857142857144
DILMA;22.55639097744361;5;0.6269592476489029
DILMA;44.72573839662447;5;1.0452961672473868
DILMA;13.648293963254593;5;2.097902097902098
DILMA;13.852813852813853;5;1.8726591760299625
DILMA;20.34383954154728;5;1.9021739130434783
DILMA;24.624624624624623;5;4.336043360433604
DILMA;12.652068126520682;5;2.5641025641025643
DILMA;12.430939226519337;5;1.477832512315271
DILMA;12.595419847328245;5;2.456140350877193
DILMA;19.310344827586206;5;1.5822784810126582
DILMA;15.517241379310345;5;2.493765586034913
DILMA;18.345323741007196;5;2.2801302931596092
DILMA;17.269076305220885;5;5.660377358490566
DILMA;11.023622047244094;5;1.1655011655011656
DILMA;15.0997150997151;5;0.25380710659898476
DILMA;32.0;5;2.077151335311573
DILMA;21.05263157894737;5;1.8181818181818181
DILMA;18.233618233618234;5;6.419753086419753
DILMA;53.37837837837838;5;4.819277108433735
DILMA;14.285714285714286;5;1.2077294685990339
DILMA;15.819209039548022;5;3.045685279187817
DILMA;17.515923566878982;5;1.8867924528301887
DILMA;13.58695652173913;5;1.1312217194570136
DILMA;24.698795180722893;5;2.985074626865672
DILMA;15.025906735751295;5;2.5974025974025974
DILMA;14.887640449438202;5;1.8324607329842932
DILMA;14.594594594594595;5;4.938271604938271
DILMA;24.770642201834864;5;1.5748031496062993
DILMA;25.0814332247557;5;1.0498687664041995
DILMA;15.536723163841808;5;3.0
DILMA;14.545454545454545;5;2.094240837696335
DILMA;16.292134831460675;5;3.45679012345679
DILMA;21.406727828746178;5;5.2631578947368425
DILMA;19.333333333333332;5;4.2682926829268295
DILMA;31.40495867768595;5;0.6993006993006993
DILMA;15.217391304347826;5;4.854368932038835
DILMA;17.819148936170212;5;2.9723991507430996
DILMA;24.47129909365559;5;1.2953367875647668
DILMA;16.455696202531644;5;2.6373626373626373
DILMA;24.04092071611253;5;3.3112582781456954
DILMA;13.51981351981352;5;2.610441767068273
DILMA;26.903553299492387;5;2.674897119341564
DILMA;10.48951048951049;5;2.4464831804281344
DILMA;17.884130982367758;5;2.610441767068273
DILMA;35.625;5;3.0150753768844223
DILMA;15.633423180592992;5;6.372549019607843
DILMA;19.047619047619047;5;3.5714285714285716
DILMA;16.95906432748538;5;2.770780856423174
DILMA;31.496062992125985;5;3.053435114503817
DILMA;12.612612612612613;5;3.022670025188917
DILMA;9.090909090909092;5;1.25
DILMA;27.058823529411764;5;4.25531914893617
DILMA;15.021459227467812;5;4.580152671755725
DILMA;17.391304347826086;5;5.347593582887701
DILMA;15.536723163841808;5;2.5188916876574305
DILMA;14.47721179624665;5;4.88997555012225
DILMA;33.587786259541986;5;4.9079754601226995
DILMA;11.694510739856803;5;1.6096579476861168
DILMA;20.155038759689923;5;5.128205128205129
DILMA;19.696969696969695;5;2.770780856423174
DILMA;21.62162162162162;5;6.25
DILMA;40.0;5;1.4598540145985401
DILMA;12.99638989169675;5;7.051282051282051
DILMA;10.9375;5;2.6785714285714284
DILMA;14.018691588785046;5;5.511811023622047
DILMA;14.473684210526315;5;5.747126436781609
DILMA;14.285714285714286;5;2.6315789473684212
DILMA;12.698412698412698;5;6.25
DILMA;29.23728813559322;5;2.2140221402214024
DILMA;19.19191919191919;5;6.25
DILMA;16.08040201005025;5;6.11353711790393
DILMA;17.452830188679247;5;1.8099547511312217
DILMA;15.706806282722512;5;2.1634615384615383
DILMA;13.744075829383887;5;1.8433179723502304
DILMA;16.486486486486488;5;3.1784841075794623
DILMA;14.516129032258064;5;6.086956521739131
DILMA;17.05685618729097;5;6.666666666666667
DILMA;17.034700315457414;5;6.358381502890174
DILMA;20.74074074074074;5;8.333333333333334
DILMA;29.365079365079364;5;1.7793594306049823
DILMA;13.375796178343949;5;4.545454545454546
DILMA;12.580645161290322;5;6.936416184971098
DILMA;17.174515235457065;5;5.7057057057057055
DILMA;17.452830188679247;5;6.926406926406926
DILMA;13.043478260869565;5;6.956521739130435
DILMA;15.774647887323944;5;5.637254901960785
DILMA;15.300546448087431;5;6.024096385542169
DILMA;18.03713527851459;5;6.585365853658536
DILMA;13.609467455621301;5;4.18848167539267
DILMA;22.941176470588236;5;7.027027027027027
DILMA;29.2;5;1.4705882352941178
DILMA;23.25581395348837;5;5.10752688172043
DILMA;18.61198738170347;5;7.526881720430108
DILMA;21.451104100946374;5;3.8251366120218577
DILMA;22.897196261682243;5;6.857142857142857
DILMA;19.838056680161944;5;5.797101449275362
DILMA;20.622568093385215;5;4.577464788732394
DILMA;23.42007434944238;5;5.743243243243243
DILMA;22.56809338521401;5;3.8869257950530036
DILMA;18.13953488372093;5;7.194244604316546
DILMA;22.265625;5;0.7246376811594203
DILMA;13.52112676056338;5;2.5
DILMA;14.16184971098266;5;5.5
DILMA;10.422535211267606;5;2.25
DILMA;21.068249258160236;5;2.4861878453038675
DILMA;17.52577319587629;5;3.764705882352941
DILMA;13.520408163265307;5;2.588235294117647
DILMA;18.205128205128204;5;3.7296037296037294
DILMA;10.755813953488373;5;2.680965147453083
DILMA;16.57608695652174;5;2.898550724637681
DILMA;16.445623342175065;5;3.4146341463414633
DILMA;29.71698113207547;5;1.8656716417910448
DILMA;14.19939577039275;5;1.1494252873563218
DILMA;14.12639405204461;5;3.1468531468531467
DILMA;15.555555555555555;5;3.0201342281879193
DILMA;13.058419243986254;5;3.9344262295081966
DILMA;19.23076923076923;5;1.4336917562724014
DILMA;13.358778625954198;5;1.0676156583629892
DILMA;17.15210355987055;5;4.17910447761194
DILMA;22.044728434504794;5;3.7790697674418605
DILMA;18.91891891891892;5;2.2670025188916876
DILMA;16.721311475409838;5;3.2544378698224854
DILMA;26.52173913043478;5;1.858736059479554
DILMA;21.91780821917808;5;3.363914373088685
DILMA;17.647058823529413;5;5.590062111801243
DILMA;16.107382550335572;5;3.658536585365854
DILMA;13.201320132013201;5;4.531722054380665
DILMA;11.186440677966102;5;2.5078369905956115
DILMA;31.59722222222222;5;3.134796238244514
DILMA;11.748633879781421;5;2.4213075060532687
DILMA;19.68503937007874;5;3.3482142857142856
DILMA;19.346049046321525;5;3.5714285714285716
DILMA;14.814814814814815;5;4.054054054054054
DILMA;33.50253807106599;5;1.2820512820512822
DILMA;13.404825737265416;5;2.722772277227723
DILMA;12.182741116751268;5;2.6634382566585955
DILMA;16.422287390029325;5;2.6525198938992043
DILMA;19.65811965811966;5;6.7164179104477615
DILMA;16.42651296829971;5;4.691358024691358
DILMA;15.342465753424657;5;2.6506024096385543
DILMA;17.073170731707318;5;6.111111111111111
DILMA;16.666666666666668;5;1.6853932584269662
DILMA;16.890080428954423;5;2.386634844868735
DILMA;22.802197802197803;5;5.491990846681922
