EYMAEL;0.5102040816326531;4;51.17370892018779
EYMAEL;0.44642857142857145;4;47.69874476987448
EYMAEL;0.32051282051282054;4;55.94202898550725
EYMAEL;0.36496350364963503;4;55.445544554455445
EYMAEL;0.49019607843137253;4;51.09170305676856
EYMAEL;0.4854368932038835;4;46.05263157894737
EYMAEL;0.3401360544217687;4;44.44444444444444
EYMAEL;1.0416666666666667;4;52.48868778280543
EYMAEL;0.2597402597402597;4;53.258426966292134
EYMAEL;0.2801120448179272;4;54.2713567839196
EYMAEL;0.3003003003003003;4;50.78534031413613
EYMAEL;0.3058103975535168;4;58.485639686684074
EYMAEL;0.2506265664160401;4;53.65853658536585
EYMAEL;0.29850746268656714;4;57.519788918205805
EYMAEL;0.2976190476190476;4;60.89385474860335
EYMAEL;0.2680965147453083;4;58.064516129032256
EYMAEL;0.2403846153846154;4;50.64935064935065
EYMAEL;1.0101010101010102;4;50.0
EYMAEL;0.6211180124223602;4;51.70454545454545
EYMAEL;0.28653295128939826;4;56.91906005221932
EYMAEL;0.2717391304347826;4;51.81818181818182
EYMAEL;0.547945205479452;4;58.80893300248139
EYMAEL;0.2597402597402597;4;51.126126126126124
EYMAEL;0.26109660574412535;4;51.5695067264574
EYMAEL;0.303951367781155;4;55.67567567567568
EYMAEL;0.30864197530864196;4;53.97260273972603
EYMAEL;0.32679738562091504;4;49.56268221574344
EYMAEL;0.29411764705882354;4;48.98989898989899
EYMAEL;0.2557544757033248;4;51.94508009153318
EYMAEL;0.5780346820809249;4;47.05882352941177
EYMAEL;0.3115264797507788;4;53.86666666666667
EYMAEL;0.5617977528089888;4;52.37020316027088
EYMAEL;0.2702702702702703;4;55.50122249388753
EYMAEL;0.2785515320334262;4;51.82648401826484
EYMAEL;0.42735042735042733;4;56.74603174603175
EYMAEL;0.5797101449275363;4;52.083333333333336
EYMAEL;0.2695417789757412;4;52.92887029288703
EYMAEL;0.38461538461538464;4;47.2027972027972
EYMAEL;0.26666666666666666;4;56.433408577878104
EYMAEL;0.9523809523809523;4;63.47826086956522
EYMAEL;0.24509803921568626;4;52.00803212851405
EYMAEL;0.5076142131979695;4;48.63813229571984
EYMAEL;0.3831417624521073;4;49.693251533742334
EYMAEL;0.3076923076923077;4;52.94117647058823
EYMAEL;0.4854368932038835;4;44.827586206896555
EYMAEL;0.3508771929824561;4;53.164556962025316
EYMAEL;0.45248868778280543;4;52.4390243902439
EYMAEL;0.5952380952380952;4;49.21465968586387
EYMAEL;0.546448087431694;4;56.8075117370892
EYMAEL;0.36900369003690037;4;43.20652173913044
EYMAEL;0.28328611898017;4;57.6530612244898
EYMAEL;0.2949852507374631;4;55.70652173913044
EYMAEL;0.6329113924050633;4;51.93370165745856
EYMAEL;0.6756756756756757;4;52.69461077844311
EYMAEL;0.2506265664160401;4;56.62921348314607
EYMAEL;0.3412969283276451;4;50.578034682080926
EYMAEL;0.5952380952380952;4;49.54545454545455
EYMAEL;0.6042296072507553;4;49.30362116991643
EYMAEL;0.2898550724637681;4;52.33160621761658
EYMAEL;0.37174721189591076;4;51.75438596491228
EYMAEL;0.3067484662576687;4;48.05555555555556
EYMAEL;0.3333333333333333;4;41.29213483146067
EYMAEL;0.2770083102493075;4;55.58375634517766
EYMAEL;0.2544529262086514;4;59.95475113122172
EYMAEL;0.33557046979865773;4;51.02040816326531
EYMAEL;0.5434782608695652;4;51.21951219512195
EYMAEL;0.5167958656330749;4;58.333333333333336
EYMAEL;0.4032258064516129;4;45.42483660130719
EYMAEL;0.31446540880503143;4;56.0
EYMAEL;0.2840909090909091;4;55.12820512820513
EYMAEL;0.2849002849002849;4;57.88113695090439
EYMAEL;2.1739130434782608;4;1.3513513513513513
EYMAEL;0.27548209366391185;4;54.63917525773196
EYMAEL;0.37453183520599254;4;48.242811501597444
EYMAEL;0.26595744680851063;4;59.909909909909906
EYMAEL;0.273972602739726;4;50.72463768115942
EYMAEL;0.4830917874396135;4;57.983193277310924
EYMAEL;0.6802721088435374;4;54.18994413407821
EYMAEL;0.3105590062111801;4;55.2112676056338
EYMAEL;0.3225806451612903;4;51.445086705202314
EYMAEL;1.075268817204301;4;54.72636815920398
EYMAEL;0.31347962382445144;4;49.32614555256065
EYMAEL;0.2949852507374631;4;58.37696335078534
EYMAEL;0.26666666666666666;4;52.093023255813954
EYMAEL;0.425531914893617;4;52.851711026615966
EYMAEL;0.546448087431694;4;54.72636815920398
EYMAEL;0.30959752321981426;4;54.061624649859944
EYMAEL;0.26737967914438504;4;58.666666666666664
EYMAEL;0.2849002849002849;4;55.03685503685504
EYMAEL;0.2724795640326976;4;52.825552825552826
EYMAEL;0.2604166666666667;4;59.77777777777778
EYMAEL;0.6269592476489029;4;50.0
EYMAEL;0.30959752321981426;4;45.32967032967033
EYMAEL;0.25773195876288657;4;53.08056872037915
EYMAEL;0.25125628140703515;4;53.37837837837838
EYMAEL;0.24630541871921183;4;59.151785714285715
EYMAEL;0.27100271002710025;4;55.198019801980195
EYMAEL;0.4329004329004329;4;42.91497975708502
EYMAEL;0.4716981132075472;4;50.5338078291815
EYMAEL;0.38022813688212925;4;48.5632183908046
EYMAEL;0.35714285714285715;4;53.40599455040872
EYMAEL;0.5649717514124294;4;45.60669456066945
EYMAEL;0.32786885245901637;4;51.005025125628144
EYMAEL;0.4830917874396135;4;57.74647887323944
EYMAEL;0.3937007874015748;4;47.96238244514107
EYMAEL;0.42735042735042733;4;53.355704697986575
EYMAEL;5.555555555555555;4;3.8461538461538463
EYMAEL;0.6493506493506493;4;45.32710280373832
EYMAEL;0.7874015748031497;4;49.746192893401016
EYMAEL;0.6993006993006993;4;49.0
EYMAEL;0.42735042735042733;4;51.92878338278932
EYMAEL;0.6289308176100629;4;39.543726235741445
EYMAEL;0.3215434083601286;4;46.56488549618321
EYMAEL;0.4716981132075472;4;52.73972602739726
EYMAEL;0.36900369003690037;4;54.794520547945204
EYMAEL;0.591715976331361;4;51.392405063291136
EYMAEL;0.847457627118644;4;51.57232704402516
EYMAEL;0.4807692307692308;4;46.71052631578947
EYMAEL;0.3367003367003367;4;50.86206896551724
EYMAEL;0.4166666666666667;4;58.99053627760252
EYMAEL;0.40816326530612246;4;52.10843373493976
EYMAEL;0.38461538461538464;4;53.41246290801187
EYMAEL;0.40160642570281124;4;43.16353887399464
EYMAEL;0.3225806451612903;4;56.557377049180324
EYMAEL;0.625;4;50.3448275862069
EYMAEL;0.3389830508474576;4;52.46376811594203
EYMAEL;0.4784688995215311;4;50.64102564102564
EYMAEL;0.4878048780487805;4;48.409893992932865
EYMAEL;0.6211180124223602;4;58.048780487804876
EYMAEL;0.46296296296296297;4;52.29681978798587
EYMAEL;0.5208333333333334;4;48.507462686567166
EYMAEL;0.41841004184100417;4;42.94478527607362
EYMAEL;0.42016806722689076;4;46.34920634920635
EYMAEL;0.3816793893129771;4;50.5338078291815
EYMAEL;0.5617977528089888;4;47.32824427480916
EYMAEL;0.8810572687224669;4;45.89041095890411
EYMAEL;0.4784688995215311;4;43.109540636042404
EYMAEL;0.4608294930875576;4;40.20618556701031
EYMAEL;0.5102040816326531;4;50.3875968992248
EYMAEL;0.5524861878453039;4;55.60344827586207
EYMAEL;0.5681818181818182;4;40.94488188976378
EYMAEL;1.2345679012345678;4;42.34234234234234
EYMAEL;0.5291005291005291;4;45.67901234567901
EYMAEL;1.0526315789473684;4;51.27272727272727
EYMAEL;1.8404907975460123;4;48.35680751173709
EYMAEL;0.6211180124223602;4;41.97530864197531
EYMAEL;0.6944444444444444;4;45.4054054054054
EYMAEL;0.7518796992481203;4;45.138888888888886
EYMAEL;0.37593984962406013;4;52.46376811594203
EYMAEL;0.3472222222222222;4;44.17989417989418
EYMAEL;0.32051282051282054;4;49.22680412371134
EYMAEL;0.35842293906810035;4;43.768115942028984
EYMAEL;0.3861003861003861;4;47.953216374269005
EYMAEL;0.37037037037037035;4;49.7093023255814
EYMAEL;0.32679738562091504;4;48.266666666666666
EYMAEL;0.4444444444444444;4;44.13793103448276
EYMAEL;0.33557046979865773;4;48.1958762886598
EYMAEL;0.33783783783783783;4;54.91803278688525
EYMAEL;0.3460207612456747;4;51.36612021857923
EYMAEL;0.35714285714285715;4;54.11764705882353
EYMAEL;0.36496350364963503;4;49.56521739130435
EYMAEL;0.546448087431694;4;50.476190476190474
EYMAEL;0.3460207612456747;4;48.54651162790697
EYMAEL;0.7092198581560284;4;52.05882352941177
EYMAEL;0.3367003367003367;4;53.73961218836565
EYMAEL;0.3663003663003663;4;53.37078651685393
EYMAEL;0.49504950495049505;4;55.094339622641506
EYMAEL;0.5780346820809249;4;41.05263157894737
EYMAEL;0.4830917874396135;4;45.90747330960854
EYMAEL;0.5128205128205128;4;49.6124031007752
EYMAEL;0.4484304932735426;4;54.19580419580419
EYMAEL;0.6410256410256411;4;49.32432432432432
EYMAEL;0.37174721189591076;4;47.740112994350284
EYMAEL;0.4424778761061947;4;43.986254295532646
EYMAEL;0.36764705882352944;4;49.43181818181818
EYMAEL;0.3968253968253968;4;52.58358662613982
EYMAEL;1.1764705882352942;4;51.9434628975265
EYMAEL;0.3597122302158273;4;50.147492625368734
EYMAEL;0.3952569169960474;4;47.35099337748344
EYMAEL;0.38910505836575876;4;52.259887005649716
EYMAEL;0.33112582781456956;4;47.69230769230769
EYMAEL;0.36900369003690037;4;51.204819277108435
EYMAEL;0.2808988764044944;4;43.41317365269461
EYMAEL;0.5952380952380952;4;56.372549019607845
EYMAEL;0.4166666666666667;4;46.708463949843264
EYMAEL;0.3952569169960474;4;49.185667752442995
EYMAEL;0.6289308176100629;4;50.22222222222222
EYMAEL;1.5625;4;39.726027397260275
EYMAEL;0.41841004184100417;4;52.92096219931271
EYMAEL;0.4854368932038835;4;44.21052631578947
EYMAEL;0.4484304932735426;4;45.09090909090909
EYMAEL;1.1976047904191616;4;47.02970297029703
EYMAEL;0.8097165991902834;4;44.680851063829785
EYMAEL;0.4149377593360996;4;50.0
EYMAEL;0.45454545454545453;4;39.92805755395683
EYMAEL;0.4132231404958678;4;48.466257668711656
EYMAEL;0.3115264797507788;4;41.967213114754095
EYMAEL;0.5617977528089888;4;48.05194805194805
EYMAEL;0.5128205128205128;4;48.333333333333336
EYMAEL;0.273224043715847;4;44.70046082949309
EYMAEL;0.26666666666666666;4;54.81481481481482
EYMAEL;0.27624309392265195;4;52.26130653266332
EYMAEL;0.2544529262086514;4;59.78260869565217
EYMAEL;0.33112582781456956;4;47.604790419161674
EYMAEL;0.3115264797507788;4;52.908587257617725
EYMAEL;0.3225806451612903;4;51.12359550561798
EYMAEL;0.3115264797507788;4;57.452574525745256
EYMAEL;0.26246719160104987;4;48.31730769230769
EYMAEL;0.2604166666666667;4;58.31325301204819
EYMAEL;0.30303030303030304;4;53.760445682451255
EYMAEL;0.5347593582887701;4;53.26876513317191
EYMAEL;0.2518891687657431;4;62.83783783783784
EYMAEL;0.2695417789757412;4;52.36907730673317
EYMAEL;0.26455026455026454;4;51.22549019607843
EYMAEL;0.7662835249042146;4;48.6013986013986
EYMAEL;0.2777777777777778;4;49.48717948717949
EYMAEL;0.2770083102493075;4;53.92156862745098
EYMAEL;0.5602240896358543;4;54.2713567839196
EYMAEL;0.4132231404958678;4;51.50375939849624
EYMAEL;0.2557544757033248;4;57.718120805369125
EYMAEL;0.31545741324921134;4;57.507082152974505
EYMAEL;0.27472527472527475;4;54.498714652956295
EYMAEL;0.5988023952095808;4;61.141304347826086
EYMAEL;0.26595744680851063;4;54.74452554744526
EYMAEL;0.7518796992481203;4;48.58934169278997
EYMAEL;0.8438818565400844;4;44.94773519163763
EYMAEL;0.27624309392265195;4;55.66502463054187
EYMAEL;0.3816793893129771;4;54.3859649122807
EYMAEL;0.26246719160104987;4;50.116550116550115
EYMAEL;0.2717391304347826;4;47.963800904977376
EYMAEL;0.2702702702702703;4;56.2962962962963
EYMAEL;0.5617977528089888;4;61.72839506172839
EYMAEL;0.2717391304347826;4;53.398058252427184
EYMAEL;0.2331002331002331;4;56.626506024096386
EYMAEL;0.25380710659898476;4;55.349794238683124
EYMAEL;0.2824858757062147;4;61.20906801007557
EYMAEL;0.2680965147453083;4;56.23471882640587
EYMAEL;0.2386634844868735;4;53.72233400402415
EYMAEL;0.3875968992248062;4;49.67948717948718
EYMAEL;0.25252525252525254;4;57.36607142857143
EYMAEL;0.25125628140703515;4;56.33187772925764
EYMAEL;0.33444816053511706;4;59.130434782608695
EYMAEL;0.5305039787798409;4;53.65853658536585
EYMAEL;0.5882352941176471;4;49.189189189189186
EYMAEL;0.6309148264984227;4;53.763440860215056
EYMAEL;0.29673590504451036;4;51.65745856353591
EYMAEL;0.4716981132075472;4;47.38805970149254
EYMAEL;0.3472222222222222;4;48.58934169278997
EYMAEL;0.24691358024691357;4;52.927927927927925
EYMAEL;0.273972602739726;4;49.63855421686747
