245;120;494
167;153;482
57;79;396
29;180;396
65;255;393
63;52;385
79;637;384
29;182;380
70;97;379
167;154;371
110;436;368
132;203;367
153;173;365
54;82;359
245;161;356
57;82;354
227;127;352
2;219;349
75;179;345
167;169;338
147;82;335
174;134;331
167;167;330
88;280;329
100;176;324
255;12;321
110;533;317
62;182;313
48;128;313
54;91;312
198;190;310
62;186;310
22;199;308
222;174;306
41;155;304
62;155;304
204;3;303
2;291;302
110;438;297
87;182;296
176;110;291
1;30;289
176;111;288
204;83;287
57;76;287
111;181;287
204;80;286
204;84;285
141;89;284
119;235;283
226;149;279
198;134;278
42;75;278
145;129;277
177;115;275
93;235;275
54;93;274
1;37;274
142;156;273
209;89;272
12;502;272
85;228;271
12;500;271
12;504;271
154;88;270
85;222;268
110;247;268
59;196;267
46;128;267
29;41;266
100;180;265
93;148;263
226;137;263
65;282;263
107;272;261
28;106;260
35;62;259
85;226;255
101;57;255
110;402;254
66;23;253
65;283;253
204;87;252
154;117;252
92;238;252
93;166;251
92;88;251
92;157;251
115;165;250
29;35;250
2;151;249
139;46;248
198;70;248
92;83;248
207;36;248
82;699;247
85;234;247
35;128;247
75;89;245
46;90;245
219;12;245
111;146;245
29;88;244
46;106;244
46;91;244
110;479;244
197;48;243
85;6;243
85;9;243
138;266;243
199;31;243
110;475;243
219;16;243
158;36;243
29;134;242
87;78;242
2;276;242
127;245;242
87;151;241
62;163;241
255;186;241
110;445;241
28;110;241
138;87;240
138;211;240
138;130;240
138;103;240
204;49;240
46;127;240
204;51;239
93;149;239
46;101;239
138;131;239
49;76;239
87;92;239
62;164;239
75;38;238
154;115;238
46;118;237
1;62;237
1;67;237
138;185;237
93;21;236
151;82;236
219;15;236
1;21;236
93;140;235
79;645;235
67;648;235
66;133;235
46;89;234
93;113;234
93;118;234
93;56;234
198;29;234
46;76;234
93;164;234
1;65;234
110;35;234
93;5;234
199;141;234
46;61;234
93;173;233
46;2;233
93;136;233
46;30;233
46;65;233
46;67;233
93;123;233
198;33;233
46;114;232
46;28;232
49;74;232
50;113;232
93;13;232
93;19;232
46;99;232
62;50;231
65;198;231
65;180;231
46;32;231
2;157;230
138;27;230
244;14;230
134;10;230
134;13;230
255;173;229
46;88;229
149;156;229
134;28;229
255;185;229
44;42;228
111;98;228
138;14;228
35;76;228
35;91;227
46;117;227
46;131;227
199;99;227
44;37;227
35;90;226
35;80;226
35;84;226
63;43;226
35;78;226
2;155;225
35;63;225
92;85;225
66;198;225
1;5;225
1;7;225
1;42;224
35;74;224
198;205;223
85;183;223
59;152;223
101;70;223
1;9;223
67;650;222
138;55;222
56;24;222
59;71;222
198;31;222
59;215;222
1;75;221
1;44;221
180;266;221
138;64;221
174;150;221
138;173;220
100;179;220
66;146;220
1;40;219
67;679;219
138;62;219
67;631;219
138;320;219
67;637;219
227;86;218
46;81;218
100;178;218
198;13;218
128;163;218
67;635;218
46;110;217
1;79;217
62;65;217
1;81;217
66;34;217
46;53;216
142;59;216
46;78;216
153;105;216
46;96;216
46;111;215
110;302;215
46;87;215
110;485;215
177;88;215
46;109;215
46;120;215
85;214;215
59;93;215
195;266;214
2;156;214
111;185;214
46;100;214
15;232;214
23;490;214
46;119;213
110;254;213
138;12;213
142;163;213
46;115;212
199;43;212
140;10;211
44;134;211
110;449;211
85;233;210
59;206;210
93;147;210
198;187;210
62;52;210
200;50;209
138;13;209
92;81;209
35;71;209
151;122;208
44;49;208
1;19;208
44;138;208
198;11;208
151;124;207
59;57;207
56;55;207
151;151;207
199;108;206
92;96;206
140;6;206
35;85;206
29;68;206
134;60;205
134;113;205
29;56;205
70;100;205
130;125;205
57;81;205
105;351;205
120;87;205
134;63;204
82;709;204
199;128;204
93;231;204
134;56;204
85;232;203
149;118;203
134;115;203
198;84;202
198;55;202
198;155;202
38;340;202
59;53;201
249;119;200
152;66;199
110;498;199
57;72;199
119;237;199
62;179;199
59;128;199
94;202;199
110;529;198
255;182;198
75;24;198
35;131;198
174;136;198
176;101;198
28;116;198
23;492;197
107;227;197
93;97;197
44;144;197
94;167;197
111;193;197
204;89;196
52;65;196
138;60;196
87;113;196
28;112;196
204;92;195
187;228;195
65;251;195
222;150;194
65;264;194
152;74;193
85;213;192
97;59;191
221;70;191
138;82;190
38;349;190
249;132;190
101;14;190
204;90;189
183;144;189
75;144;188
101;60;188
1;76;188
27;19;188
152;70;187
152;76;187
91;97;187
79;584;187
27;20;187
1;28;186
134;71;186
79;585;186
134;72;186
134;78;186
198;66;186
30;126;185
1;60;185
79;582;185
59;35;185
134;79;185
152;68;184
38;329;184
152;72;184
134;77;184
138;39;184
227;88;183
146;168;183
203;98;183
227;89;183
249;125;183
29;137;183
138;191;183
138;196;183
1;82;183
198;62;183
115;196;182
227;87;182
79;586;182
198;94;182
198;191;182
1;26;181
135;39;181
44;191;181
1;84;181
95;71;181
93;220;181
184;95;180
103;275;179
106;79;179
57;75;179
198;185;179
22;582;179
79;595;179
116;227;179
29;130;178
79;596;178
256;122;178
110;477;178
29;191;177
59;162;177
75;17;177
50;148;177
106;70;176
59;88;176
40;153;176
59;64;176
54;83;176
30;61;176
30;123;175
156;145;175
27;31;175
128;143;175
111;149;175
81;202;175
195;203;174
65;257;174
27;40;174
143;13;174
40;142;174
27;149;174
75;19;173
29;166;173
182;197;173
65;271;173
65;274;173
87;179;173
33;34;173
67;673;172
30;66;171
34;153;171
143;41;171
1;12;171
145;62;171
59;37;171
116;206;170
29;125;170
57;89;170
63;23;169
1;16;169
1;17;169
1;83;169
64;23;168
1;13;168
209;86;168
106;53;168
44;159;168
29;195;167
149;46;167
138;303;167
94;137;167
92;239;167
154;167;167
198;211;167
64;53;167
53;31;167
28;118;166
198;133;166
59;54;166
59;139;166
1;77;166
143;43;166
1;91;166
39;14;166
94;163;166
35;104;166
28;113;166
59;36;166
103;272;165
59;2;165
141;95;165
69;526;165
56;59;165
94;166;165
64;33;165
62;24;165
59;62;165
94;183;165
79;642;164
75;192;164
40;131;164
198;156;164
48;133;164
94;30;164
115;202;163
128;158;163
67;627;163
29;121;163
57;87;163
101;43;163
94;185;163
101;61;162
184;35;162
62;191;162
184;189;162
101;12;162
256;2;161
249;121;161
38;324;161
199;44;161
140;12;161
143;95;161
198;48;161
143;39;161
134;116;160
140;8;160
34;68;160
149;140;160
57;71;159
35;64;159
67;628;159
138;316;159
134;131;159
92;268;159
59;67;159
59;55;158
75;182;158
93;238;158
198;145;158
149;116;158
67;629;157
115;180;157
116;281;157
92;135;157
156;135;157
134;75;157
106;59;157
59;68;157
81;207;156
146;106;156
29;181;156
130;57;155
57;74;155
75;188;155
97;35;155
100;175;154
107;96;154
75;34;154
149;153;154
97;37;154
204;66;154
65;187;153
227;131;153
59;124;153
106;68;153
75;121;153
106;72;152
147;163;152
92;142;152
59;6;152
195;284;152
38;328;152
28;109;152
132;233;152
100;167;152
110;457;152
110;448;152
32;75;152
111;147;151
221;30;151
56;37;150
29;194;150
106;45;150
110;304;150
30;45;150
95;76;149
110;462;149
110;397;149
100;148;149
92;174;149
204;64;149
204;65;149
130;114;148
38;312;148
195;273;148
91;98;148
256;48;148
52;75;148
134;30;147
49;115;147
49;118;147
140;4;147
107;136;147
95;52;147
106;74;146
110;538;146
102;29;146
134;132;146
136;139;146
101;71;146
174;154;145
32;126;145
106;78;145
59;4;145
222;149;145
65;277;145
195;279;145
93;239;145
62;180;145
144;41;145
198;64;145
91;215;144
114;4;144
113;33;144
158;195;144
222;171;144
75;117;143
110;505;143
108;42;143
138;265;143
92;101;143
222;155;143
156;200;143
172;145;142
140;2;142
113;93;142
66;193;142
85;201;141
40;139;141
1;2;141
119;172;141
75;48;140
28;105;140
127;243;140
114;9;140
75;189;140
94;34;140
1;3;140
249;130;140
167;173;139
15;69;139
30;70;139
52;50;139
114;70;139
114;11;139
28;115;139
154;197;138
114;68;137
238;107;137
40;7;137
59;252;137
49;100;137
75;184;137
94;184;137
158;224;136
79;648;136
54;45;136
64;46;136
179;240;136
188;109;136
64;21;136
65;254;135
30;52;135
100;163;135
34;147;135
63;29;135
27;99;135
144;21;135
222;140;134
199;134;134
114;66;134
204;58;134
198;56;134
27;185;134
130;123;134
156;163;134
114;72;134
35;102;134
29;141;134
59;249;134
29;192;133
111;204;133
30;114;133
41;118;132
64;41;132
195;251;132
149;150;132
114;88;132
51;52;132
100;174;131
41;29;131
222;184;131
100;126;131
53;32;131
116;219;130
138;240;130
85;238;130
109;244;130
106;81;130
154;180;130
141;93;129
203;105;129
1;92;129
38;313;129
141;28;129
144;61;128
93;233;128
144;56;128
158;227;127
132;236;127
101;58;127
116;229;127
39;30;127
141;27;127
249;133;127
27;41;126
40;194;126
144;66;126
140;74;126
144;37;126
149;122;126
27;34;126
113;9;126
140;38;126
29;147;126
113;25;126
65;253;125
75;133;125
95;66;125
141;84;125
62;188;125
105;291;124
69;573;124
110;522;124
195;268;123
130;116;123
138;241;123
64;9;123
238;108;122
38;319;122
141;58;122
92;182;122
81;181;121
111;169;121
114;139;121
35;37;121
46;136;121
149;125;121
49;96;121
144;43;121
1;88;121
32;120;120
32;122;120
75;146;120
57;70;120
141;91;120
256;179;120
195;281;120
48;135;120
29;126;120
92;237;120
49;98;120
147;179;120
195;164;120
195;252;119
113;49;119
97;13;119
216;115;119
140;83;119
140;85;119
140;86;119
79;575;118
111;203;118
245;158;118
56;58;118
179;177;118
65;265;118
130;89;117
29;193;117
111;133;117
158;221;117
140;72;117
195;190;117
67;667;117
65;250;117
136;140;116
85;236;116
204;91;116
50;165;116
115;218;115
92;243;115
101;54;115
141;86;115
158;201;115
50;168;114
147;226;114
158;197;114
1;86;114
108;43;113
93;193;113
41;152;113
57;67;113
31;295;113
195;277;113
48;140;112
204;107;112
138;194;112
115;148;112
94;128;111
78;179;111
145;126;111
59;248;111
57;24;111
129;158;110
222;161;110
93;213;110
109;347;110
93;218;110
69;574;110
49;134;110
63;40;110
32;130;110
49;130;109
216;114;109
107;201;109
204;67;109
156;185;108
111;198;108
67;652;108
140;76;108
249;128;108
79;581;108
39;34;108
75;193;107
102;56;107
149;106;107
91;214;107
79;594;107
91;160;107
39;17;107
145;141;107
79;587;107
59;84;106
161;190;106
80;222;106
57;92;106
198;218;106
103;278;105
149;109;105
101;66;104
145;159;104
127;246;104
167;126;104
64;50;104
107;223;104
67;639;104
136;142;103
174;127;103
152;275;103
84;624;103
130;97;103
111;142;103
103;276;102
141;97;102
38;345;102
156;195;102
140;81;102
75;171;102
174;152;102
35;127;101
188;119;101
64;43;101
174;147;101
110;520;101
43;40;101
70;95;100
97;49;100
111;179;100
35;45;100
174;153;100
256;171;99
29;165;99
182;196;99
38;325;99
70;102;99
116;222;99
39;33;99
130;115;98
20;336;98
38;318;98
34;133;98
110;415;98
66;185;97
75;115;97
27;105;97
94;210;97
48;132;97
109;333;97
30;48;97
94;153;97
151;288;96
59;260;96
171;215;96
141;85;96
62;135;96
103;257;96
28;95;95
129;155;95
141;99;95
87;171;95
151;230;95
28;74;95
156;138;95
198;130;94
76;274;94
28;93;94
129;189;94
111;184;94
195;256;94
108;46;94
49;121;94
39;35;94
62;184;94
61;55;93
195;282;93
210;98;93
174;144;93
100;166;93
34;145;93
84;625;93
64;51;93
107;228;92
153;215;92
34;132;92
48;127;92
174;120;92
49;54;91
44;198;91
110;427;91
151;266;91
132;228;91
38;320;90
34;128;90
107;243;90
42;50;90
147;227;90
111;176;90
59;245;90
48;126;90
53;33;89
222;176;89
226;131;89
111;191;89
29;135;88
60;30;87
139;210;87
57;66;87
199;212;87
198;92;87
65;258;86
59;204;86
111;183;86
97;14;86
35;81;86
97;60;86
50;114;86
188;97;86
136;141;85
102;55;85
144;38;85
111;110;85
116;242;85
59;217;85
103;277;84
102;52;84
84;626;84
107;231;84
35;96;83
28;107;83
75;101;83
35;118;83
154;193;83
28;71;83
195;246;83
75;175;83
35;47;83
204;52;82
29;196;82
75;100;82
75;102;82
100;165;82
181;69;82
102;43;82
129;193;82
249;131;82
28;111;82
81;196;82
92;244;81
249;127;81
119;239;81
108;49;81
38;347;81
222;180;81
190;98;81
245;135;81
246;201;81
26;198;80
26;200;80
256;64;80
26;201;80
42;63;80
116;283;80
220;120;80
56;49;80
116;210;80
109;353;80
198;195;80
40;192;79
54;79;79
112;71;79
62;138;79
92;226;78
81;182;78
136;143;78
92;242;78
76;292;78
107;211;78
64;54;78
29;197;77
105;349;77
130;100;77
198;186;77
146;123;77
147;223;77
174;132;77
154;198;77
85;219;77
149;113;77
107;225;77
200;135;76
55;476;76
55;479;76
146;146;76
75;170;76
50;167;76
85;221;75
55;483;75
63;57;75
222;138;75
115;99;75
56;38;74
256;114;74
38;323;74
34;142;74
63;58;74
69;576;74
51;61;74
222;151;74
103;185;74
158;198;74
35;126;73
188;102;73
222;157;73
198;34;73
58;16;72
35;121;72
35;97;72
34;146;72
41;69;72
35;134;72
130;111;71
51;55;71
182;190;71
184;216;71
256;194;71
57;63;71
226;126;71
33;33;71
30;128;70
75;168;70
174;149;70
32;124;69
141;96;69
222;160;69
107;215;69
34;155;68
103;279;68
201;88;68
94;148;68
127;247;68
151;298;68
153;166;68
141;75;68
116;217;67
107;99;67
38;322;67
126;357;67
195;283;67
35;110;67
141;87;67
229;136;67
60;28;66
35;117;66
135;157;66
65;285;65
195;167;65
191;108;65
30;129;65
28;101;65
161;163;65
50;141;65
128;164;65
34;138;65
49;143;64
151;279;64
151;293;64
59;259;64
92;139;64
178;93;64
141;88;63
119;238;62
149;123;62
92;232;62
105;309;62
226;152;62
49;129;62
254;191;61
111;180;61
64;49;61
62;190;61
147;221;61
111;125;61
34;148;61
147;229;61
106;80;61
28;114;61
174;155;60
72;249;60
34;144;60
136;135;60
191;134;60
35;120;59
127;250;59
102;51;59
130;119;59
35;88;59
47;338;59
138;323;59
42;48;58
222;165;58
153;193;58
107;222;58
116;216;58
29;201;57
41;76;57
226;163;57
81;210;57
50;142;57
130;127;57
48;124;57
41;144;56
31;320;56
158;228;56
26;184;56
127;248;56
69;518;56
31;265;56
220;121;56
62;189;55
111;182;55
95;63;55
90;249;55
34;111;55
100;169;55
47;337;55
42;76;55
64;58;54
184;217;54
139;212;54
188;103;54
76;284;54
35;44;54
77;144;53
154;155;53
41;28;53
29;198;53
141;98;53
170;214;53
53;26;53
84;623;53
222;103;53
244;114;53
30;71;53
105;306;53
198;96;53
222;23;53
75;174;53
77;151;52
199;211;52
92;225;51
2;309;51
96;358;51
41;27;51
184;218;51
204;106;51
25;981;51
69;577;51
256;23;51
49;138;51
111;175;51
76;258;51
129;199;51
95;10;50
65;288;50
222;144;50
109;378;50
222;162;50
141;54;50
79;653;50
112;62;50
96;283;50
90;225;50
63;34;49
195;287;49
243;141;49
26;182;49
222;166;49
203;125;49
83;332;49
31;153;49
45;46;49
81;203;48
64;59;48
226;164;48
157;246;48
203;123;48
149;127;48
92;234;48
95;6;48
29;199;47
75;104;47
49;105;47
90;236;47
55;390;47
151;283;47
141;100;46
48;141;46
94;172;46
70;103;46
198;220;46
132;237;46
78;204;46
154;196;46
249;134;46
84;618;46
55;395;45
192;137;45
133;175;45
26;183;45
226;133;45
28;124;45
110;527;45
195;245;45
55;341;45
95;7;45
81;162;45
128;83;44
31;323;44
234;101;44
184;219;44
104;391;44
35;86;44
141;83;44
104;401;44
110;418;44
50;135;43
45;48;43
116;232;43
109;278;43
215;92;43
95;9;43
96;505;43
107;221;43
29;118;42
38;351;42
109;312;42
195;288;42
153;145;42
54;95;42
130;124;42
95;8;42
75;129;42
35;123;41
95;61;41
186;230;41
75;205;41
162;108;41
127;213;41
127;249;41
199;210;41
129;194;41
94;186;41
107;240;40
104;379;40
26;205;40
42;64;40
64;45;40
34;141;40
171;214;40
100;168;40
107;131;40
107;232;40
181;51;40
147;176;40
79;652;40
96;306;40
158;200;40
130;113;39
81;208;39
186;197;39
94;217;39
152;261;39
95;72;39
145;161;38
145;162;38
233;105;38
134;130;38
75;203;38
94;194;38
222;104;38
104;400;38
64;35;38
110;540;38
150;203;38
195;248;38
111;200;37
107;210;37
63;50;37
154;175;37
95;67;37
157;244;37
107;230;37
243;198;37
178;94;37
39;37;37
35;122;36
204;108;36
58;24;36
104;305;36
156;201;36
59;261;35
138;274;35
42;60;35
111;186;35
151;245;35
149;170;35
48;122;35
137;170;34
95;12;34
177;122;34
69;521;34
156;143;34
60;29;34
107;235;34
83;319;34
130;110;33
138;275;33
41;154;33
154;200;33
179;258;32
184;94;32
63;24;32
167;100;32
28;120;32
157;245;32
196;149;32
75;173;32
175;120;31
126;355;31
129;175;31
138;324;31
141;101;30
141;102;30
49;140;30
34;156;30
35;124;30
93;240;30
229;137;30
156;144;29
129;178;29
104;369;29
47;339;29
111;172;29
125;233;29
129;169;29
238;94;28
75;169;28
108;45;28
151;291;28
75;180;28
30;130;28
151;297;28
174;137;28
116;211;28
63;39;27
28;99;27
96;274;27
184;220;27
116;228;27
75;172;27
110;432;26
49;142;26
174;129;26
222;164;26
174;117;26
115;227;26
188;120;26
96;366;26
172;125;25
41;149;25
147;182;25
75;204;25
35;116;25
110;429;25
192;146;25
246;194;25
64;57;24
200;136;24
141;92;24
55;480;24
57;93;24
180;255;24
125;234;24
35;125;23
172;146;23
159;215;23
111;177;23
92;151;23
129;198;23
85;239;22
42;66;22
215;93;22
69;575;22
50;145;22
7;406;21
211;253;21
35;129;21
129;171;21
243;192;21
107;92;21
111;166;20
116;234;20
12;514;20
161;162;20
149;128;20
51;68;20
183;128;20
187;224;20
55;445;20
21;505;19
195;289;19
186;234;19
59;254;19
75;206;19
35;119;19
50;146;19
31;154;18
28;104;18
198;182;18
205;94;18
201;122;18
226;132;18
77;180;18
41;156;18
222;123;18
129;197;18
145;163;17
98;159;17
86;89;17
55;484;17
256;195;17
107;120;17
53;34;16
200;134;16
101;67;16
129;167;16
148;205;15
91;216;15
94;218;15
79;598;15
107;198;15
159;216;15
27;179;15
110;434;14
92;247;14
150;191;14
31;261;14
37;191;14
130;129;14
221;95;14
22;647;14
63;33;13
133;176;13
110;433;13
148;264;13
116;235;13
62;192;13
194;105;12
162;111;11
211;254;11
84;537;11
141;90;11
198;221;11
246;205;11
183;146;10
141;103;10
38;352;10
49;111;10
30;112;10
104;402;10
151;299;10
35;130;10
218;132;10
28;103;9
243;143;9
226;165;9
129;144;9
172;114;8
153;216;8
84;627;8
110;428;8
30;131;8
199;213;8
138;258;8
48;143;7
130;131;7
117;320;7
184;221;7
82;711;7
110;503;6
26;206;6
172;144;6
28;125;6
37;190;6
110;541;6
35;106;6
41;147;5
41;148;5
111;202;5
42;68;5
79;600;5
41;153;5
42;72;5
198;219;5
65;287;4
194;106;4
75;207;4
157;247;4
69;578;4
226;135;4
41;157;4
51;69;4
120;369;4
101;72;4
122;369;4
42;73;4
203;124;3
28;126;3
156;192;3
150;204;3
150;205;3
158;229;2
132;238;2
132;239;2
42;71;2
125;235;2
188;118;1
89;450;1
171;216;1
69;579;1
156;196;1
66;202;1
42;74;1
