8;213;284;4;7100.0
8;214;231;14;1650.0
5;101;189;12;1575.0
10;240;357;53;673.5849
10;236;365;69;528.98553
10;244;237;55;430.9091
8;208;347;91;381.3187
8;212;328;93;352.68817
2;41;244;100;244.0
8;190;293;142;206.33803
9;11;360;190;189.47368
9;12;352;186;189.24731
1;297;321;170;188.82353
1;303;336;179;187.7095
7;70;206;113;182.30089
1;281;315;173;182.08092
1;170;193;106;182.07547
1;186;274;151;181.45695
1;146;220;122;180.32787
10;100;353;196;180.10204
1;148;211;118;178.81355
10;210;190;107;177.5701
9;28;277;156;177.5641
1;26;312;176;177.27272
1;24;329;186;176.88171
1;30;357;202;176.73267
1;42;282;160;176.25
1;164;237;135;175.55556
1;35;237;135;175.55556
1;9;241;138;174.63768
1;273;333;191;174.34555
1;173;333;192;173.4375
9;247;327;190;172.10527
1;206;294;171;171.92982
1;193;327;191;171.2042
2;50;296;173;171.09827
8;111;251;150;167.33333
1;349;205;123;166.66667
6;21;233;141;165.24823
8;171;233;142;164.0845
3;81;227;141;160.9929
1;455;315;197;159.89848
1;52;325;204;159.31372
5;110;175;110;159.09091
4;127;295;187;157.75401
7;71;144;92;156.52174
4;126;218;140;155.71428
9;59;215;139;154.67625
5;76;165;107;154.20561
4;35;268;176;152.27272
6;18;246;163;150.92024
4;96;231;154;150.0
4;21;228;152;150.0
4;100;243;164;148.17073
4;25;204;138;147.82608
8;51;298;202;147.52475
8;185;218;149;146.30873
10;243;273;187;145.9893
2;37;124;85;145.88235
4;17;212;146;145.20547
7;68;162;112;144.64285
4;50;168;117;143.58974
8;56;312;220;141.81818
7;45;212;151;140.39735
4;6;181;129;140.31007
4;147;202;145;139.31035
7;43;335;241;139.00415
4;2;208;152;136.8421
8;7;298;220;135.45454
9;260;189;140;135.0
4;69;193;143;134.96504
8;6;281;209;134.44977
4;34;209;156;133.97437
5;60;240;181;132.59668
8;54;271;206;131.55339
4;105;197;150;131.33333
4;52;208;159;130.81761
6;45;265;204;129.90196
3;82;323;249;129.71887
4;8;183;143;127.97203
7;47;212;166;127.710846
4;20;180;141;127.65958
2;45;162;127;127.55905
2;55;163;128;127.34375
4;7;213;170;125.29412
2;35;280;226;123.89381
9;54;214;175;122.28571
2;24;185;152;121.710526
4;119;214;176;121.59091
2;32;156;129;120.93023
6;122;253;212;119.33962
7;62;323;271;119.188194
4;106;189;159;118.86793
4;94;260;219;118.72146
5;63;205;173;118.49711
4;3;173;148;116.89189
4;124;199;174;114.36781
9;280;256;224;114.28571
4;26;180;158;113.92405
4;9;149;131;113.740456
6;57;199;178;111.79775
4;33;160;145;110.344826
9;113;305;277;110.10831
5;55;296;271;109.22509
9;42;361;333;108.40841
7;73;98;91;107.69231
10;30;355;330;107.57576
9;178;230;214;107.47664
8;155;356;334;106.58683
5;57;254;240;105.833336
7;53;156;148;105.4054
8;85;321;305;105.2459
10;105;199;190;104.73684
8;156;341;328;103.96342
2;33;127;123;103.25203
4;327;271;263;103.041824
5;73;206;200;103.0
10;93;335;327;102.44648
2;46;188;185;101.62162
7;46;174;175;99.42857
10;203;375;378;99.20635
8;70;250;253;98.81423
2;27;251;255;98.43137
1;248;184;189;97.3545
9;34;211;217;97.23502
5;62;198;204;97.05882
9;262;127;131;96.94656
10;222;360;372;96.77419
4;277;321;332;96.686745
2;9;283;293;96.58703
10;48;248;257;96.498055
1;275;215;223;96.41256
9;32;212;221;95.927605
2;28;207;216;95.833336
1;456;295;308;95.77922
1;280;181;189;95.7672
10;135;353;369;95.663956
9;73;291;305;95.409836
9;91;394;413;95.39951
10;76;248;260;95.38461
10;71;370;388;95.360825
9;121;307;322;95.34161
1;75;224;235;95.319145
10;104;181;190;95.26316
9;21;274;288;95.138885
9;70;331;348;95.114944
10;78;279;294;94.89796
1;94;223;235;94.893616
9;216;349;368;94.83696
9;149;358;378;94.70899
1;191;209;221;94.57014
1;316;330;349;94.55588
9;159;294;311;94.53376
1;335;240;254;94.48819
10;230;376;398;94.47236
1;287;205;217;94.47005
8;193;84;89;94.38202
8;117;252;267;94.38202
8;158;151;160;94.375
6;110;67;71;94.366196
10;41;179;190;94.210526
9;154;353;375;94.13333
9;71;269;286;94.05595
9;223;249;265;93.962265
9;39;270;288;93.75
1;100;224;239;93.72385
9;132;342;365;93.69863
2;10;236;252;93.650795
10;111;350;374;93.582886
9;195;364;389;93.573265
10;21;363;388;93.5567
4;307;130;139;93.52518
2;22;231;247;93.52227
10;211;332;355;93.521126
10;139;343;367;93.46049
9;169;356;381;93.438324
10;109;354;379;93.403694
1;27;281;301;93.355484
9;145;337;361;93.3518
1;250;208;223;93.273544
9;75;262;281;93.238434
5;22;262;281;93.238434
10;52;179;192;93.229164
10;181;399;428;93.2243
10;75;247;265;93.20755
9;78;370;397;93.19899
9;239;356;382;93.19372
9;74;260;279;93.189964
10;34;342;367;93.18801
10;173;338;363;93.112946
9;63;337;362;93.093925
10;22;310;333;93.093094
1;308;215;231;93.07359
9;158;295;317;93.05994
1;350;227;244;93.03278
9;190;384;413;92.97821
10;125;344;370;92.97298
10;130;330;355;92.95775
10;142;290;312;92.948715
1;159;382;411;92.94404
8;149;302;325;92.92308
8;174;223;240;92.916664
9;102;341;367;92.915535
10;85;326;351;92.877495
9;181;339;365;92.87671
10;77;286;308;92.85714
1;488;234;252;92.85714
1;419;194;209;92.82297
8;152;296;319;92.78997
9;6;256;276;92.753624
1;176;230;248;92.741936
10;60;345;372;92.741936
1;327;217;234;92.73505
9;108;370;399;92.73183
1;500;140;151;92.71523
1;249;305;329;92.70517
9;97;330;356;92.69663
9;150;418;451;92.68293
10;140;290;313;92.65176
10;188;290;313;92.65176
9;151;378;408;92.64706
9;29;252;272;92.64706
9;20;427;461;92.624725
1;50;226;244;92.62295
1;25;251;271;92.61993
9;103;375;405;92.59259
1;158;385;416;92.54808
10;31;186;201;92.537315
9;133;384;415;92.53012
9;146;371;401;92.5187
10;201;358;387;92.50646
1;179;222;240;92.5
9;84;295;319;92.47649
9;167;305;330;92.42424
10;149;353;382;92.40838
10;148;412;446;92.37668
9;106;363;393;92.36641
6;103;133;144;92.361115
10;53;157;170;92.35294
10;172;410;444;92.34234
9;90;373;404;92.32674
1;278;192;208;92.30769
9;128;408;442;92.30769
9;17;360;390;92.30769
1;277;251;272;92.27941
1;89;239;259;92.27799
1;443;346;375;92.26667
9;76;309;335;92.23881
9;65;392;425;92.23529
9;67;344;373;92.225204
10;137;331;359;92.200554
10;73;248;269;92.193306
9;157;328;356;92.134834
10;106;339;368;92.11957
10;83;292;317;92.11356
1;15;198;215;92.093025
10;177;406;441;92.06349
10;193;312;339;92.0354
9;123;335;364;92.03297
1;10;196;213;92.018776
9;210;380;413;92.00968
10;32;184;200;92.0
10;55;356;387;91.98966
10;64;195;212;91.98113
1;368;275;299;91.97324
1;445;355;386;91.96891
10;101;183;199;91.9598
9;172;423;460;91.95652
9;47;377;410;91.95122
9;69;377;410;91.95122
10;92;388;422;91.94313
10;70;365;397;91.939545
9;22;262;285;91.929825
9;141;330;359;91.922005
10;252;91;99;91.91919
9;5;250;272;91.911766
9;49;170;185;91.89189
8;168;170;185;91.89189
9;126;328;357;91.87675
9;179;328;357;91.87675
10;118;315;343;91.83673
10;152;236;257;91.8288
9;33;382;416;91.82692
9;125;370;403;91.81142
10;51;179;195;91.79487
9;43;212;231;91.774895
9;220;290;316;91.77215
9;117;323;352;91.76136
9;177;388;423;91.72577
9;142;332;362;91.71271
1;379;376;410;91.70731
9;199;375;409;91.68704
1;381;198;216;91.666664
10;47;241;263;91.63498
10;163;361;394;91.62437
9;38;317;346;91.6185
9;15;317;346;91.6185
9;204;382;417;91.60671
1;347;229;250;91.6
1;401;207;226;91.59292
9;127;381;416;91.58654
10;186;272;297;91.58249
1;489;261;285;91.57895
9;175;380;415;91.56626
9;14;325;355;91.54929
9;83;303;331;91.54079
1;374;226;247;91.49798
9;197;376;411;91.484184
1;4;322;352;91.47727
9;248;150;164;91.46342
9;110;416;455;91.42857
9;180;373;408;91.42157
10;23;308;337;91.39466
1;51;223;244;91.39344
10;90;392;429;91.37529
10;171;360;394;91.37056
9;24;370;405;91.358025
9;168;264;289;91.34948
10;98;369;404;91.33663
10;138;274;300;91.333336
10;155;358;392;91.32653
1;504;105;115;91.304344
9;231;378;414;91.304344
9;64;388;425;91.29412
10;153;325;356;91.29214
9;152;261;286;91.25874
5;48;240;263;91.25475
6;111;73;80;91.25
10;26;323;354;91.242935
1;99;250;274;91.240875
9;185;322;353;91.21813
9;89;405;444;91.21622
9;27;373;409;91.198044
4;309;176;193;91.19171
10;179;414;454;91.18943
10;95;413;453;91.169975
1;162;165;181;91.16022
10;141;340;373;91.15282
1;400;319;350;91.14286
1;187;308;338;91.12426
1;406;349;383;91.12272
9;96;328;360;91.111115
9;130;368;404;91.08911
10;84;306;336;91.07143
1;97;214;235;91.06383
6;98;173;190;91.052635
10;212;407;447;91.05145
10;102;183;201;91.04478
10;50;183;201;91.04478
10;24;305;335;91.04478
10;207;325;357;91.036415
9;138;335;368;91.03261
9;207;416;457;91.02845
9;188;374;411;90.99757
1;190;202;222;90.99099
9;77;313;344;90.98837
9;174;242;266;90.97744
9;129;373;410;90.97561
9;105;413;454;90.96916
1;502;151;166;90.96385
9;107;362;398;90.95477
9;119;371;408;90.93137
9;26;371;408;90.93137
9;139;360;396;90.90909
2;8;260;286;90.90909
1;5;260;286;90.90909
9;66;390;429;90.90909
1;88;230;253;90.90909
10;57;329;362;90.88398
10;107;319;351;90.883194
9;57;269;296;90.87838
9;82;298;328;90.85366
10;127;149;164;90.85366
10;126;327;360;90.833336
9;58;257;283;90.81272
9;196;334;368;90.76087
2;36;98;108;90.74074
10;69;264;291;90.72165
10;154;391;431;90.71926
10;28;322;355;90.70422
10;202;351;387;90.69768
10;97;406;448;90.625
10;42;164;181;90.607735
9;72;270;298;90.60403
10;61;356;393;90.58524
10;136;327;361;90.58172
1;436;365;403;90.57072
10;225;240;265;90.56604
10;62;355;392;90.561226
9;143;374;413;90.5569
1;151;163;180;90.55556
10;156;326;360;90.55556
9;222;278;307;90.55375
1;440;364;402;90.547264
9;198;335;370;90.54054
9;56;257;284;90.49296
10;56;323;357;90.47619
6;109;57;63;90.47619
9;2;266;294;90.47619
1;264;171;189;90.47619
10;228;389;430;90.46512
1;473;370;409;90.46455
9;35;370;409;90.46455
9;92;341;377;90.45093
10;121;331;366;90.43716
1;3;208;230;90.434784
1;129;312;345;90.434784
1;168;274;303;90.42905
9;265;85;94;90.42553
9;111;302;334;90.41916
9;148;386;427;90.398125
4;71;94;104;90.38461
1;185;206;228;90.350876
10;25;318;352;90.34091
9;101;373;413;90.31477
10;170;326;361;90.30471
9;85;288;319;90.282135
9;134;334;370;90.27027
10;197;352;390;90.25641
9;140;398;441;90.249435
9;217;333;369;90.243904
9;79;305;338;90.23669
9;189;368;408;90.196075
1;67;285;316;90.18987
10;74;367;407;90.17199
10;63;330;366;90.16393
10;224;319;354;90.11299
8;132;255;283;90.10601
9;162;309;343;90.08746
1;182;390;433;90.06928
10;20;344;382;90.05235
10;119;190;211;90.04739
1;351;416;462;90.04329
9;137;253;281;90.03558
10;91;396;440;90.0
9;44;207;230;90.0
9;160;332;369;89.9729
1;130;314;349;89.971344
10;116;401;446;89.91032
1;184;392;436;89.90826
1;183;392;436;89.90826
10;195;365;406;89.90148
10;18;178;198;89.89899
9;135;328;365;89.863014
9;36;310;345;89.85507
9;232;354;394;89.84772
1;490;345;384;89.84375
1;76;221;246;89.837395
1;77;203;226;89.823006
9;193;317;353;89.8017
10;17;184;205;89.756096
9;120;254;283;89.75265
9;81;289;322;89.75156
10;38;350;390;89.74359
10;166;350;390;89.74359
1;479;175;195;89.74359
1;270;341;380;89.73684
9;16;349;389;89.717224
1;171;183;204;89.70588
1;380;244;272;89.70588
10;220;331;369;89.7019
9;173;357;398;89.698494
1;268;357;398;89.698494
10;81;400;446;89.6861
10;110;400;446;89.6861
10;19;339;378;89.68254
9;4;252;281;89.67972
1;484;321;358;89.6648
10;115;399;445;89.66292
9;118;338;377;89.655174
8;164;104;116;89.655174
10;94;398;444;89.63964
10;187;346;386;89.63731
10;36;268;299;89.63211
10;29;310;346;89.595375
9;41;310;346;89.595375
10;143;395;441;89.56916
10;190;326;364;89.56044
10;43;385;430;89.53488
6;101;94;105;89.52381
1;98;205;229;89.51965
9;55;247;276;89.49275
1;465;391;437;89.47369
9;122;399;446;89.46188
1;64;280;313;89.45687
10;37;263;294;89.45578
10;209;339;379;89.44591
1;422;339;379;89.44591
9;18;355;397;89.420654
9;144;397;444;89.41441
10;15;270;302;89.40398
10;146;345;386;89.378235
1;90;227;254;89.37008
9;209;353;395;89.36709
10;199;403;451;89.35699
10;132;403;451;89.35699
10;49;235;263;89.353615
9;25;368;412;89.32039
10;39;351;393;89.31298
9;80;292;327;89.29664
1;366;350;392;89.28571
10;16;266;298;89.26174
1;29;191;214;89.252335
10;33;332;372;89.247314
9;176;373;418;89.23445
1;40;174;195;89.23077
4;317;174;195;89.23077
1;457;306;343;89.21283
9;40;157;176;89.204544
10;159;347;389;89.20309
1;163;190;213;89.20188
9;269;354;397;89.16876
9;219;362;406;89.16256
9;230;148;166;89.156624
1;330;353;396;89.14141
1;87;229;257;89.10506
1;62;278;312;89.10256
1;84;327;367;89.100815
1;439;343;385;89.09091
9;226;351;394;89.086296
1;178;204;229;89.08297
1;453;342;384;89.0625
10;67;358;402;89.054726
9;19;358;402;89.054726
5;29;244;274;89.051094
9;98;373;419;89.02148
9;228;300;337;89.020775
10;103;178;200;89.0
6;113;89;100;89.0
1;7;396;445;88.98876
8;163;250;281;88.96797
10;189;330;371;88.948784
10;72;346;389;88.946014
9;266;233;262;88.9313
9;114;321;361;88.91967
1;451;329;370;88.91892
10;165;393;442;88.914024
1;462;296;333;88.888885
9;68;368;414;88.888885
1;398;400;450;88.888885
10;176;343;386;88.86011
10;108;319;359;88.85794
9;211;398;448;88.83929
9;214;381;429;88.81119
9;224;381;429;88.81119
1;66;206;232;88.793106
1;454;324;365;88.76712
1;93;229;258;88.75969
9;62;355;400;88.75
9;60;355;400;88.75
10;40;339;382;88.743454
1;95;197;222;88.73874
10;9;323;364;88.73627
9;124;315;355;88.73239
10;235;377;425;88.70588
10;54;343;387;88.63049
10;114;148;167;88.62276
9;86;366;413;88.61986
3;102;70;79;88.6076
10;175;326;368;88.58696
1;172;178;201;88.55721
10;157;402;454;88.54626
9;13;247;279;88.530464
9;244;354;400;88.5
10;87;346;391;88.49105
9;48;169;191;88.481674
9;171;361;408;88.48039
1;288;399;451;88.47007
10;117;276;312;88.46154
9;104;390;441;88.43537
10;122;397;449;88.41871
9;203;358;405;88.395065
9;30;396;448;88.39286
1;299;335;379;88.3905
9;147;236;267;88.38951
9;205;373;422;88.388626
10;185;394;446;88.340805
10;96;408;462;88.31169
1;161;234;265;88.30189
10;164;392;444;88.28829
1;452;391;443;88.26185
10;238;353;400;88.25
1;441;360;408;88.23529
10;194;180;204;88.23529
1;459;307;348;88.21839
9;46;366;415;88.19277
1;369;179;203;88.17734
1;160;231;262;88.16794
10;223;364;413;88.13559
10;89;319;362;88.121544
9;187;326;370;88.10811
1;65;274;311;88.1029
1;468;311;353;88.10198
8;147;214;243;88.06584
10;44;376;427;88.056206
6;30;265;301;88.03986
1;63;272;309;88.02589
8;167;169;192;88.020836
9;264;352;400;88.0
1;83;336;382;87.958115
9;95;365;415;87.951805
1;416;379;431;87.935036
1;85;335;381;87.926506
8;153;182;207;87.92271
10;180;393;447;87.919464
10;46;371;422;87.914696
10;133;349;397;87.90932
9;155;298;339;87.9056
9;246;356;405;87.90124
9;1;261;297;87.878784
1;37;297;338;87.86982
9;218;411;468;87.82051
7;55;72;82;87.80488
8;202;187;213;87.79343
10;144;345;393;87.78626
10;246;287;327;87.767586
10;183;344;392;87.755104
1;497;351;400;87.75
10;242;351;400;87.75
10;88;343;391;87.723785
1;503;335;382;87.696335
8;196;64;73;87.671234
1;474;298;340;87.64706
10;59;396;452;87.61062
6;54;120;137;87.59124
9;183;391;447;87.47204
9;257;286;327;87.46178
1;449;376;430;87.441864
1;189;194;222;87.38739
9;184;346;396;87.37374
9;282;76;87;87.35632
9;192;297;340;87.35294
4;292;200;229;87.33624
9;93;351;402;87.31343
10;113;316;362;87.292816
10;196;316;362;87.292816
10;213;288;330;87.27273
7;83;137;157;87.26115
10;216;376;431;87.238976
10;45;375;430;87.209305
6;73;272;312;87.17949
10;150;387;444;87.16216
10;174;387;444;87.16216
4;231;346;397;87.153656
6;71;183;210;87.14286
6;112;61;70;87.14286
10;82;392;450;87.111115
9;194;223;256;87.109375
10;58;385;442;87.10407
9;3;236;271;87.08487
9;115;310;356;87.07865
3;85;222;255;87.05882
10;120;343;394;87.05584
10;253;262;301;87.04319
1;460;382;439;87.015945
9;45;355;408;87.0098
1;261;375;431;87.00696
1;391;395;454;87.0044
9;116;321;369;86.99187
1;481;274;315;86.98412
10;249;167;192;86.979164
10;239;207;238;86.97479
10;184;339;390;86.92308
9;31;398;458;86.89957
10;167;298;343;86.88047
1;23;192;221;86.87783
8;110;264;304;86.8421
6;43;244;281;86.83274
9;253;395;455;86.81319
9;221;348;401;86.78304
1;435;315;363;86.77686
6;66;341;393;86.76845
9;278;111;128;86.71875
1;444;385;444;86.71171
8;100;241;278;86.69065
1;6;254;293;86.68942
9;23;351;405;86.666664
10;160;312;360;86.666664
10;219;377;435;86.666664
9;37;299;345;86.666664
6;38;175;202;86.63367
1;8;246;284;86.61972
9;53;317;366;86.61202
1;263;385;445;86.51685
10;169;385;445;86.51685
9;215;231;267;86.51685
9;208;295;341;86.51026
1;510;109;126;86.507935
9;61;346;400;86.5
10;27;307;355;86.478874
8;165;211;244;86.47541
6;115;51;59;86.44068
6;29;274;317;86.43533
8;118;216;250;86.4
9;245;165;191;86.387436
4;316;152;176;86.36364
9;165;386;447;86.35347
9;186;234;271;86.34686
1;450;392;454;86.34361
9;254;391;453;86.31347
10;147;340;394;86.29442
10;68;351;407;86.24078
1;492;363;421;86.223274
6;33;175;203;86.206894
9;10;200;232;86.206894
9;261;342;397;86.146095
9;255;429;498;86.14458
1;464;385;447;86.12975
1;442;391;454;86.123344
1;337;366;425;86.117645
10;14;254;295;86.10169
9;268;322;374;86.09626
10;128;297;345;86.08696
1;46;198;230;86.08696
10;35;319;371;85.983826
9;191;282;328;85.97561
10;218;349;406;85.960594
1;310;373;434;85.9447
9;166;281;327;85.932724
1;96;183;213;85.91549
1;390;378;440;85.90909
6;69;73;85;85.882355
1;447;383;446;85.87444
1;458;340;396;85.85859
10;161;340;396;85.85859
1;480;370;431;85.84687
1;469;382;445;85.8427
1;463;394;459;85.83878
9;241;109;127;85.826775
9;252;331;386;85.7513
1;476;385;449;85.7461
1;471;385;449;85.7461
4;305;156;182;85.71429
1;499;426;497;85.71429
9;94;347;405;85.679016
8;109;263;307;85.667755
1;470;321;375;85.6
4;190;338;395;85.56962
9;202;296;346;85.54913
4;248;136;159;85.53459
4;330;295;345;85.50725
9;8;230;269;85.50186
1;461;382;447;85.45861
9;109;393;460;85.434784
10;145;374;438;85.38813
1;28;327;383;85.37859
6;52;239;280;85.35714
4;204;297;348;85.344826
1;477;326;382;85.34032
10;182;384;450;85.333336
10;79;384;450;85.333336
1;448;372;436;85.3211
10;217;267;313;85.30351
10;221;383;449;85.30067
4;334;52;61;85.2459
4;290;104;122;85.2459
1;174;375;440;85.22727
9;52;317;372;85.21506
8;172;242;284;85.211266
1;437;380;446;85.2018
4;159;259;304;85.197365
1;478;379;445;85.16854
10;80;379;445;85.16854
9;87;381;448;85.04464
4;179;199;234;85.04273
10;241;329;387;85.01292
10;233;363;427;85.01171
1;487;380;447;85.011185
8;150;136;160;85.0
4;273;221;260;85.0
5;66;170;200;85.0
1;385;374;440;85.0
1;321;367;432;84.953705
8;67;241;284;84.85915
4;293;207;244;84.83607
1;47;173;204;84.803925
10;112;279;329;84.80243
10;192;318;375;84.8
1;496;206;243;84.77366
8;204;139;164;84.756096
1;86;339;400;84.75
4;319;100;118;84.745766
8;128;183;216;84.72222
5;111;144;170;84.70588
4;310;310;366;84.699455
10;232;376;444;84.684685
10;131;293;346;84.68208
1;501;375;443;84.650116
9;233;314;371;84.636116
1;467;380;449;84.632515
9;249;121;143;84.61539
1;446;379;448;84.59821
1;36;291;344;84.593025
5;115;104;123;84.55285
1;45;186;220;84.545456
9;206;339;401;84.53865
6;70;153;181;84.53039
10;13;295;349;84.52722
1;486;332;393;84.47837
2;15;234;277;84.47653
4;261;228;270;84.44444
1;271;292;346;84.39307
8;57;183;217;84.331795
9;100;366;434;84.331795
6;96;156;185;84.324326
9;274;419;497;84.30583
10;162;300;356;84.26966
1;38;289;343;84.25656
4;322;289;343;84.25656
9;281;107;127;84.25197
8;135;251;298;84.22819
9;9;197;234;84.188034
3;108;133;158;84.177216
3;62;202;240;84.166664
2;51;69;82;84.14634
1;466;329;391;84.14322
9;200;249;296;84.12162
4;333;90;107;84.11215
8;113;180;214;84.11215
6;76;289;344;84.01163
4;314;84;100;84.0
2;29;230;274;83.941605
9;279;115;137;83.941605
8;161;141;168;83.92857
1;438;370;441;83.90023
4;208;224;267;83.895134
9;263;333;397;83.8791
6;99;130;155;83.870964
9;136;192;229;83.8428
6;65;311;371;83.82749
4;323;290;346;83.815025
1;272;238;284;83.80282
4;185;269;321;83.80062
1;434;367;438;83.789955
8;140;253;302;83.77483
4;58;282;337;83.67953
1;482;317;379;83.64116
1;426;368;440;83.63636
4;209;306;366;83.60656
7;78;234;280;83.57143
3;109;61;73;83.561646
9;238;386;462;83.54978
9;243;81;97;83.50516
6;36;308;369;83.468834
4;276;212;254;83.46457
10;214;307;368;83.42391
8;160;221;265;83.396225
7;80;246;295;83.38983
9;212;266;319;83.38558
10;234;371;445;83.37079
6;31;255;306;83.333336
10;124;175;210;83.333336
8;68;180;216;83.333336
9;99;364;437;83.2952
10;158;274;329;83.28268
5;77;249;299;83.277596
9;235;368;442;83.25792
8;63;179;215;83.25581
7;48;238;286;83.21678
4;104;332;399;83.20802
4;312;109;131;83.20611
2;34;109;131;83.20611
4;136;292;351;83.19088
8;122;257;309;83.171524
7;72;232;279;83.15412
9;277;330;397;83.12343
8;97;261;314;83.12102
10;65;374;450;83.111115
9;161;369;444;83.10811
10;229;176;212;83.01887
6;77;282;340;82.94118
4;191;243;293;82.93515
8;66;238;287;82.92683
10;66;335;404;82.92079
4;318;160;193;82.90156
9;283;63;76;82.89474
7;58;218;263;82.88973
5;67;247;298;82.8859
6;27;198;239;82.84519
4;243;198;239;82.84519
7;64;245;296;82.77027
8;73;240;290;82.75862
7;81;235;284;82.746475
6;108;91;110;82.72727
5;104;225;272;82.72059
4;265;325;393;82.697205
9;276;258;312;82.69231
3;90;210;254;82.67716
8;61;167;202;82.67326
4;164;162;196;82.65306
8;55;181;219;82.6484
8;120;252;305;82.62295
8;26;166;201;82.58707
9;237;166;201;82.58707
9;213;237;287;82.5784
8;151;246;298;82.55034
6;97;104;126;82.53968
6;118;315;382;82.46073
4;282;282;342;82.45614
1;386;366;444;82.432434
8;170;253;307;82.41042
9;201;262;318;82.38994
5;74;173;210;82.38095
7;21;215;261;82.37548
6;64;280;340;82.35294
8;166;168;204;82.35294
6;81;308;374;82.35294
6;37;247;300;82.333336
5;75;205;249;82.329315
1;495;326;396;82.323235
6;85;297;361;82.27147
4;301;190;231;82.25108
4;255;278;338;82.24852
4;324;125;152;82.23684
1;485;361;439;82.232346
6;28;199;242;82.23141
8;137;199;242;82.23141
6;72;97;118;82.20339
10;129;254;309;82.200645
8;15;203;247;82.18623
4;130;244;297;82.154884
8;29;239;291;82.130585
10;258;147;179;82.1229
3;5;321;391;82.09718
5;112;243;296;82.0946
6;74;307;374;82.08556
10;226;284;346;82.080925
10;10;183;223;82.06278
9;229;361;440;82.045456
10;257;169;206;82.03883
4;41;242;295;82.0339
8;134;278;339;82.0059
10;12;278;339;82.0059
8;133;200;244;81.96722
1;475;359;438;81.96347
8;35;295;360;81.94444
8;162;118;144;81.94444
1;505;408;498;81.92771
9;88;367;448;81.91964
4;215;190;232;81.89655
4;207;294;359;81.89415
1;508;131;160;81.875
10;200;275;336;81.84524
8;121;193;236;81.77966
4;180;305;373;81.76944
5;80;233;285;81.75439
2;21;215;263;81.74905
8;200;197;241;81.74274
8;28;259;317;81.70347
8;34;281;344;81.68604
6;68;272;333;81.68168
4;59;196;240;81.666664
2;30;236;289;81.6609
8;154;271;332;81.6265
7;38;213;261;81.60919
6;49;306;375;81.6
6;50;306;375;81.6
8;43;164;201;81.59204
4;311;164;201;81.59204
4;262;279;342;81.57895
4;112;239;293;81.56997
3;22;256;314;81.52866
5;61;203;249;81.52611
8;78;194;238;81.5126
8;136;189;232;81.465515
8;187;149;183;81.42077
6;89;280;344;81.39535
6;75;293;360;81.388885
7;51;236;290;81.37931
6;78;201;247;81.37652
10;254;179;220;81.36364
2;20;227;279;81.36201
7;37;240;295;81.355934
7;42;205;252;81.349205
8;126;196;241;81.327805
8;27;222;273;81.31868
8;76;178;219;81.27854
8;98;195;240;81.25
4;250;320;394;81.21828
4;308;99;122;81.14754
6;90;241;297;81.14478
4;197;189;233;81.11588
8;46;223;275;81.09091
9;256;394;486;81.06996
8;129;261;322;81.0559
10;178;248;306;81.04575
6;82;222;274;81.0219
8;194;294;363;80.99174
9;51;301;372;80.91398
8;131;271;335;80.89552
6;61;296;366;80.87431
4;183;279;345;80.86957
6;4;279;345;80.86957
7;33;224;277;80.866425
4;138;262;324;80.8642
4;102;304;376;80.85107
10;4;266;329;80.85107
4;216;308;381;80.8399
3;74;253;313;80.83067
5;72;215;266;80.827065
8;112;219;271;80.811806
9;112;282;349;80.80229
8;99;185;229;80.786026
8;199;105;130;80.76923
8;138;256;317;80.757095
8;53;235;291;80.75601
4;38;272;337;80.712166
5;84;230;285;80.70175
7;3;209;259;80.694984
7;20;213;264;80.681816
5;46;238;295;80.67796
4;298;217;269;80.66914
4;49;266;330;80.606064
10;8;295;366;80.60109
9;242;307;381;80.57743
4;269;198;246;80.48781
8;32;177;220;80.454544
4;88;284;353;80.453255
1;506;399;496;80.44355
8;114;255;317;80.44164
7;54;226;281;80.42705
6;3;312;388;80.41237
3;64;275;342;80.409355
8;173;238;296;80.4054
9;259;160;199;80.40201
4;211;201;250;80.4
4;242;287;357;80.39216
7;57;205;255;80.39216
3;75;254;316;80.379745
9;273;131;163;80.368095
4;40;266;331;80.36254
1;472;356;443;80.361176
5;45;237;295;80.33898
8;119;286;356;80.33708
3;101;196;244;80.327866
4;278;163;203;80.29556
6;62;273;340;80.29412
8;145;224;279;80.286736
4;56;195;243;80.24691
5;88;215;268;80.22388
6;87;292;364;80.21978
6;86;312;389;80.20566
5;26;251;313;80.191696
8;96;182;227;80.17621
4;210;258;322;80.12422
1;494;399;498;80.12048
6;80;274;342;80.11696
4;219;314;392;80.10204
8;18;177;221;80.0905
2;2;225;281;80.071175
3;66;249;311;80.06431
8;44;253;316;80.06329
1;509;261;326;80.06135
6;26;269;336;80.059525
4;120;273;341;80.058655
4;196;312;390;80.0
2;17;228;285;80.0
3;78;268;335;80.0
8;62;256;320;80.0
4;258;164;205;80.0
4;232;232;290;80.0
6;88;311;389;79.948586
4;240;275;344;79.941864
5;90;203;254;79.92126
4;92;314;393;79.89822
4;217;147;184;79.891304
4;233;266;333;79.87988
4;101;305;382;79.84293
6;94;297;372;79.83871
9;251;376;471;79.83015
4;108;281;352;79.829544
8;93;265;332;79.819275
3;68;316;396;79.79798
3;73;312;391;79.795395
7;44;221;277;79.783394
10;7;292;366;79.78142
4;205;118;148;79.72973
9;258;397;498;79.71887
3;94;313;393;79.64377
6;60;297;373;79.624664
3;63;254;319;79.623825
4;238;273;343;79.591835
8;116;269;338;79.5858
10;6;171;215;79.53488
10;123;291;366;79.508194
8;16;256;322;79.503105
7;50;213;268;79.477615
4;155;298;375;79.46667
4;156;236;297;79.46128
6;16;224;282;79.432625
6;17;220;277;79.422386
7;49;220;277;79.422386
6;67;274;345;79.42029
5;52;239;301;79.40199
8;25;235;296;79.39189
7;10;204;257;79.37743
4;152;238;300;79.333336
6;93;284;358;79.32961
4;199;272;343;79.30029
3;92;291;367;79.29155
4;68;264;333;79.27928
6;46;306;386;79.27461
6;116;275;347;79.25072
2;16;229;289;79.238754
4;201;213;269;79.18216
3;55;270;341;79.17889
4;295;266;336;79.166664
6;83;266;336;79.166664
8;69;220;278;79.13669
4;274;220;278;79.13669
4;169;311;393;79.13486
10;11;273;345;79.13043
5;17;235;297;79.12458
6;41;235;297;79.12458
4;315;303;383;79.112274
9;7;212;268;79.10448
3;84;212;268;79.10448
6;56;166;210;79.04762
2;1;222;281;79.003555
8;23;184;233;78.969955
6;63;289;366;78.96175
4;275;292;370;78.91892
8;105;228;289;78.89273
7;40;228;289;78.89273
8;80;213;270;78.888885
6;84;183;232;78.87931
3;25;295;374;78.87701
8;91;224;284;78.87324
8;30;250;317;78.86436
10;215;261;331;78.85197
4;194;268;340;78.82353
6;47;268;340;78.82353
3;24;268;340;78.82353
3;13;294;373;78.82037
3;103;160;203;78.81773
3;70;301;382;78.795815
4;267;301;382;78.795815
10;191;271;344;78.77907
4;60;267;339;78.76106
8;52;215;273;78.75458
4;154;252;320;78.75
4;51;263;334;78.742516
3;27;311;395;78.73418
3;26;296;376;78.723404
2;12;177;225;78.666664
10;151;269;342;78.65497
3;86;280;356;78.65169
4;256;232;295;78.644066
4;66;158;201;78.606964
8;40;169;215;78.60465
5;106;202;257;78.59922
4;287;282;359;78.55153
4;67;161;205;78.53658
4;271;300;382;78.534035
8;1;139;177;78.531075
3;71;234;298;78.52349
10;251;351;447;78.52349
6;25;285;363;78.5124
2;25;208;265;78.49056
6;48;270;344;78.48837
4;87;237;302;78.47682
3;93;295;376;78.45744
6;10;284;362;78.45304
8;13;189;241;78.42323
8;33;265;338;78.40237
6;32;235;300;78.333336
4;281;209;267;78.27715
4;268;270;345;78.26087
5;79;180;230;78.26087
8;148;97;124;78.22581
4;176;219;280;78.21429
4;234;219;280;78.21429
8;177;244;312;78.20513
4;188;287;367;78.20164
4;304;118;151;78.1457
3;42;311;398;78.1407
6;105;292;374;78.07487
4;161;299;383;78.06789
4;121;277;355;78.02817
3;99;277;355;78.02817
5;44;181;232;78.01724
8;82;220;282;78.01418
2;26;241;309;77.99353
4;189;255;327;77.98165
4;193;301;386;77.97927
4;39;262;336;77.97619
3;52;308;395;77.974686
7;39;223;286;77.97203
6;20;290;372;77.956985
6;15;159;204;77.94118
10;3;254;326;77.91411
7;36;194;249;77.911644
4;139;215;276;77.89855
10;262;74;95;77.89474
8;90;222;285;77.89474
6;102;144;185;77.83784
4;226;158;203;77.83251
8;124;179;230;77.82609
3;54;291;374;77.80749
5;83;231;297;77.77778
5;59;189;243;77.77778
4;168;241;310;77.741936
5;38;227;292;77.73972
4;84;227;292;77.73972
4;328;272;350;77.71429
2;5;209;269;77.69517
4;214;261;336;77.67857
6;39;167;215;77.674416
8;108;226;291;77.66323
9;182;271;349;77.65043
3;69;257;331;77.6435
8;95;229;295;77.62712
1;491;371;478;77.61507
4;222;180;232;77.586205
6;53;225;290;77.586205
8;49;218;281;77.58007
4;247;256;330;77.57576
6;7;235;303;77.557755
4;48;259;334;77.54491
4;62;183;236;77.54237
4;294;93;120;77.5
8;169;179;231;77.489174
5;19;237;306;77.45098
8;14;199;257;77.43191
5;78;202;261;77.39464
3;56;267;345;77.391304
3;10;308;398;77.38693
4;206;277;358;77.3743
4;302;106;137;77.37226
8;107;229;296;77.36487
3;44;304;393;77.35369
3;31;222;287;77.35191
3;91;266;344;77.325584
8;198;75;97;77.31959
8;123;272;352;77.27273
6;9;282;365;77.26028
4;91;180;233;77.25322
3;20;241;312;77.24359
8;182;302;391;77.237854
4;61;264;342;77.192986
4;213;257;333;77.17718
5;108;223;289;77.16263
8;72;250;324;77.16049
4;239;260;337;77.15134
3;59;300;389;77.12082
6;107;266;345;77.10145
4;288;259;336;77.083336
9;131;269;349;77.07736
5;11;242;314;77.07006
3;6;299;388;77.06186
8;94;178;231;77.056274
2;13;225;292;77.054794
4;95;302;392;77.04082
8;75;208;270;77.03704
8;159;104;135;77.03704
4;203;218;283;77.0318
7;59;194;252;76.98412
1;498;107;139;76.97842
2;23;224;291;76.975945
2;18;230;299;76.92308
4;184;210;273;76.92308
3;104;233;303;76.89769
4;78;296;385;76.88312
4;158;256;333;76.87688
4;143;302;393;76.84478
10;204;116;151;76.82119
5;94;222;289;76.81661
4;111;265;345;76.81159
6;59;298;388;76.80412
6;5;288;375;76.8
3;100;119;155;76.77419
1;512;66;86;76.74419
7;22;198;258;76.74419
3;48;277;361;76.7313
4;329;122;159;76.72956
3;28;300;391;76.72634
4;146;290;378;76.719574
4;46;257;335;76.716415
8;41;257;335;76.716415
8;102;224;292;76.712326
6;40;260;339;76.69617
6;91;273;356;76.685394
5;68;207;270;76.666664
1;507;197;257;76.653694
4;144;292;381;76.64042
3;41;305;398;76.63316
4;198;223;291;76.6323
6;120;259;338;76.62722
4;116;177;231;76.623375
8;125;252;329;76.59574
4;181;144;188;76.59574
4;43;216;282;76.59574
5;39;219;286;76.573425
4;47;258;337;76.55786
4;252;297;388;76.546394
4;93;300;392;76.53061
5;98;163;213;76.52582
8;146;153;200;76.5
4;218;221;289;76.47059
8;10;182;238;76.47059
7;31;208;272;76.47059
7;35;198;259;76.447876
6;34;265;347;76.36887
10;134;168;220;76.36364
8;83;229;300;76.333336
4;83;216;283;76.32509
7;79;58;76;76.31579
5;36;219;287;76.30662
6;106;264;346;76.300575
5;64;206;270;76.296295
3;33;280;367;76.29428
8;24;193;253;76.284584
4;257;289;379;76.253296
6;95;202;265;76.22642
6;2;288;378;76.190475
4;80;288;378;76.190475
4;253;281;369;76.151764
8;45;182;239;76.15063
3;50;300;394;76.142136
5;47;188;247;76.11336
4;212;159;209;76.07655
10;205;57;75;76.0
5;109;57;75;76.0
8;101;269;354;75.9887
5;43;196;258;75.968994
2;14;218;287;75.95819
3;80;240;316;75.94936
8;115;268;353;75.92068
6;44;227;299;75.91973
4;153;299;394;75.88833
7;5;198;261;75.86207
8;2;166;219;75.79909
4;225;272;359;75.766014
4;303;128;169;75.73965
6;42;259;342;75.730995
4;325;159;210;75.71429
6;79;159;210;75.71429
4;227;240;317;75.70978
8;106;224;296;75.675674
3;51;295;390;75.64103
7;34;217;287;75.60976
4;10;124;164;75.60976
5;82;220;291;75.60137
6;14;158;209;75.59808
7;2;195;258;75.5814
3;107;263;348;75.574715
3;67;238;315;75.55556
5;21;238;315;75.55556
7;18;207;274;75.54745
4;114;278;368;75.54348
8;50;139;184;75.54348
4;150;216;286;75.524475
5;91;160;212;75.471695
2;4;212;281;75.44484
3;17;184;244;75.409836
5;70;190;252;75.39683
3;16;272;361;75.34626
4;251;272;361;75.34626
7;27;168;223;75.33633
7;23;195;259;75.28957
6;11;149;198;75.252525
5;7;234;311;75.24116
8;17;240;319;75.23511
10;5;164;218;75.229355
2;11;252;335;75.22388
4;44;294;391;75.19182
7;25;200;266;75.18797
7;17;215;286;75.17483
4;299;145;193;75.12953
7;4;196;261;75.09579
6;19;232;309;75.08091
8;39;238;317;75.078865
8;64;247;329;75.07599
8;11;201;268;75.0
2;19;216;288;75.0
7;41;210;280;75.0
4;103;249;332;75.0
3;14;273;364;75.0
6;51;255;340;75.0
10;255;45;60;75.0
3;36;293;391;74.93606
4;195;293;391;74.93606
3;3;266;355;74.92958
4;173;257;343;74.92712
7;1;206;275;74.90909
7;7;191;255;74.90196
4;110;176;235;74.893616
4;129;152;203;74.87685
4;245;143;191;74.86911
4;123;268;358;74.86034
8;36;268;358;74.86034
4;321;101;135;74.81481
4;135;196;262;74.80916
6;1;196;262;74.80916
4;246;267;357;74.78992
5;34;210;281;74.73309
3;49;295;395;74.68355
3;79;233;312;74.67949
8;31;256;343;74.63557
3;19;232;311;74.59807
4;14;267;358;74.58101
5;41;217;291;74.57045
3;2;258;346;74.566475
4;97;252;338;74.55621
4;82;293;393;74.55471
8;84;246;330;74.545456
5;49;187;251;74.50199
3;46;295;396;74.49495
2;31;219;294;74.4898
8;81;160;215;74.4186
4;175;241;324;74.38271
8;86;232;312;74.35897
2;6;226;304;74.3421
5;71;220;296;74.324326
4;37;211;284;74.29578
4;115;283;381;74.27821
6;6;225;303;74.25742
4;178;271;365;74.246574
6;22;291;392;74.234695
8;77;242;326;74.23313
4;28;193;260;74.23077
4;192;118;159;74.21384
4;57;253;341;74.19355
7;29;209;282;74.11347
6;24;266;359;74.09471
4;254;240;324;74.07407
3;37;177;239;74.05858
5;14;228;308;74.02597
2;7;227;307;73.94137
5;65;221;299;73.91304
4;55;181;245;73.87755
5;40;209;283;73.85159
4;228;245;332;73.79518
4;279;225;305;73.77049
4;90;225;305;73.77049
7;6;188;255;73.72549
3;21;230;312;73.71795
7;13;207;281;73.66548
10;1;271;368;73.641304
3;9;270;367;73.56948
3;72;278;378;73.544975
3;58;222;302;73.50993
3;45;291;396;73.48485
3;95;155;211;73.45972
4;163;210;286;73.426575
4;220;265;361;73.4072
4;13;261;356;73.314606
5;10;239;326;73.31288
4;170;206;281;73.30961
7;15;206;281;73.30961
3;57;247;337;73.29377
4;74;246;336;73.21429
5;117;194;265;73.20755
4;132;288;394;73.09644
4;260;258;353;73.08782
5;37;217;297;73.06397
7;32;203;278;73.02158
5;56;162;222;72.97298
5;31;197;270;72.96296
5;95;143;196;72.95918
3;61;207;284;72.88732
6;13;145;199;72.86432
4;259;247;339;72.86136
3;23;241;331;72.80967
3;7;249;342;72.807014
4;89;182;250;72.8
7;24;182;250;72.8
4;145;281;386;72.79793
3;39;211;290;72.75862
3;53;229;315;72.69841
5;50;213;293;72.69624
2;3;205;282;72.69504
4;27;109;150;72.666664
4;151;138;190;72.63158
8;142;257;354;72.59887
7;9;185;255;72.54902
4;29;187;258;72.48062
4;42;205;283;72.43816
6;104;155;214;72.42991
5;33;218;301;72.42525
3;77;220;304;72.36842
3;34;282;390;72.30769
4;76;248;343;72.30321
3;43;287;397;72.29219
8;3;206;285;72.2807
8;9;219;303;72.27723
4;266;242;335;72.23881
10;2;268;371;72.2372
3;47;260;360;72.22222
9;163;156;216;72.22222
4;306;96;133;72.18045
4;177;119;165;72.121216
3;12;287;398;72.11055
4;291;178;247;72.06477
3;35;283;393;72.01018
5;8;216;300;72.0
3;98;154;214;71.962616
4;113;154;214;71.962616
8;5;195;271;71.95572
7;30;200;278;71.942444
8;4;205;285;71.929825
3;18;176;245;71.83673
5;116;178;248;71.77419
4;32;160;223;71.74888
3;15;259;361;71.745155
7;16;165;230;71.73913
4;297;241;336;71.72619
4;263;175;244;71.72131
7;26;185;258;71.70543
4;85;192;268;71.64179
5;69;197;275;71.63636
5;42;207;289;71.6263
4;22;159;222;71.62162
4;320;174;243;71.604935
3;38;171;239;71.54812
7;8;181;253;71.541504
3;1;206;288;71.52778
4;125;143;200;71.5
4;162;193;270;71.48148
6;8;215;301;71.42857
5;27;210;294;71.42857
4;187;255;357;71.42857
6;12;145;203;71.42857
3;83;247;346;71.38728
4;140;269;377;71.35278
3;32;261;366;71.31148
5;18;169;237;71.308014
5;5;218;306;71.24183
7;19;200;281;71.17438
7;14;197;277;71.11913
3;89;248;349;71.06017
4;157;227;320;70.9375
3;11;280;395;70.88608
4;236;231;326;70.858894
4;30;87;123;70.731705
4;79;268;379;70.7124
8;181;159;225;70.666664
4;166;122;173;70.52023
5;25;208;295;70.50848
7;12;196;278;70.50359
4;182;141;200;70.5
4;11;140;199;70.35176
4;244;230;327;70.33639
4;73;270;384;70.3125
3;96;203;289;70.24222
4;45;241;344;70.058136
5;23;194;277;70.0361
5;3;205;293;69.96587
3;8;242;346;69.9422
8;8;213;305;69.83607
4;230;140;201;69.65174
5;32;204;293;69.62457
4;280;230;331;69.486404
4;313;66;95;69.47369
4;142;234;337;69.4362
4;77;269;388;69.329895
5;53;176;254;69.291336
4;141;212;306;69.281044
3;4;239;345;69.27536
3;29;261;377;69.23077
8;143;209;302;69.2053
4;296;146;211;69.19431
5;6;190;275;69.09091
5;28;219;317;69.085175
5;12;210;304;69.07895
4;149;194;281;69.03915
5;51;187;271;69.00369
5;9;220;319;68.965515
6;55;213;309;68.93204
4;171;197;286;68.88112
5;15;179;260;68.84615
7;28;159;231;68.83117
4;65;141;205;68.78049
8;191;66;96;68.75
4;86;180;262;68.70229
4;75;235;343;68.51312
4;241;188;275;68.36364
6;117;60;88;68.181816
5;2;199;292;68.15069
4;332;79;116;68.10345
7;11;190;279;68.10036
5;4;202;297;68.013466
5;30;178;262;67.938934
3;30;255;376;67.819145
4;70;248;366;67.75956
4;286;71;105;67.61905
5;24;197;292;67.46575
4;148;264;393;67.175575
5;20;168;251;66.932274
4;221;115;172;66.860466
3;60;159;238;66.806725
4;223;205;307;66.775246
4;284;249;373;66.756035
4;174;118;177;66.666664
3;88;202;303;66.666664
5;105;82;123;66.666664
5;13;207;312;66.34615
6;100;161;243;66.25514
4;167;161;244;65.983604
4;172;196;298;65.77181
4;289;70;107;65.42056
5;103;87;133;65.413536
4;270;126;193;65.28497
3;65;156;239;65.271965
3;76;154;237;64.978905
4;237;203;313;64.85623
5;54;167;258;64.72868
4;202;110;170;64.70588
4;12;127;197;64.467
5;1;193;302;63.907284
3;40;194;304;63.81579
3;87;178;283;62.897526
4;326;137;218;62.844036
5;16;148;236;62.711864
10;208;46;74;62.162163
7;52;110;178;61.797752
4;285;85;138;61.594204
4;229;117;192;60.9375
6;114;54;89;60.674156
4;283;98;162;60.493828
4;165;159;263;60.456272
4;160;130;217;59.907833
4;272;134;225;59.555557
4;31;135;227;59.471367
4;63;129;219;58.90411
4;64;127;218;58.25688
4;235;83;157;52.86624
9;170;31;60;51.666668
4;300;33;68;48.52941
4;137;116;240;48.333332
4;131;110;242;45.454544
8;79;91;214;42.523365
3;97;18;52;34.615383
7;67;33;151;21.854305
4;224;7;56;12.5
7;69;12;150;8.0
