DILMA;33.50515463917526;5;7.981220657276995
DILMA;33.7962962962963;5;24.686192468619247
DILMA;38.12709030100334;5;19.71014492753623
DILMA;33.65384615384615;5;16.045845272206304
DILMA;34.56221198156682;5;7.377049180327869
DILMA;36.44859813084112;5;3.389830508474576
DILMA;34.39153439153439;5;7.906976744186046
DILMA;40.625;5;5.0
DILMA;34.300791556728235;5;16.10576923076923
DILMA;32.432432432432435;5;15.328467153284672
DILMA;41.36363636363637;5;11.450381679389313
DILMA;35.426008968609864;5;11.320754716981131
DILMA;39.877300613496935;5;5.524861878453039
DILMA;33.67875647668394;5;7.042253521126761
DILMA;33.771929824561404;5;11.851851851851851
DILMA;34.46969696969697;5;7.590759075907591
DILMA;28.42105263157895;5;4.716981132075472
DILMA;35.0;5;24.50980392156863
DILMA;34.463276836158194;5;18.90547263681592
DILMA;31.325301204819276;5;6.770833333333333
DILMA;34.196891191709845;5;34.54545454545455
DILMA;33.333333333333336;5;7.258064516129032
DILMA;36.633663366336634;5;14.410480349344978
DILMA;38.914027149321264;5;11.25
DILMA;30.446194225721786;5;21.709006928406467
DILMA;33.42245989304813;5;22.93577981651376
DILMA;29.6875;5;30.96330275229358
DILMA;38.46153846153846;5;6.140350877192983
DILMA;36.72727272727273;5;24.503311258278146
DILMA;33.55263157894737;5;13.017751479289942
DILMA;33.673469387755105;5;11.711711711711711
DILMA;30.102040816326532;5;9.90990990990991
DILMA;40.66985645933014;5;7.239819004524887
DILMA;37.34939759036145;5;3.141361256544503
DILMA;31.159420289855074;5;21.05263157894737
DILMA;41.23711340206186;5;5.882352941176471
DILMA;35.670731707317074;5;12.365591397849462
DILMA;43.57541899441341;5;1.5873015873015872
DILMA;31.11888111888112;5;41.33738601823708
DILMA;32.743362831858406;5;28.04428044280443
DILMA;32.33830845771144;5;3.587443946188341
DILMA;33.98692810457516;5;9.090909090909092
DILMA;26.358695652173914;5;30.62645011600928
DILMA;34.285714285714285;5;20.0
DILMA;35.08771929824562;5;8.994708994708995
DILMA;30.311614730878187;5;18.592964824120603
DILMA;32.70676691729323;5;23.588039867109636
DILMA;31.940298507462686;5;21.05263157894737
DILMA;28.880866425992778;5;26.878612716763005
DILMA;32.751091703056765;5;19.366197183098592
DILMA;33.64485981308411;5;41.8848167539267
DILMA;29.702970297029704;5;48.4304932735426
DILMA;34.72803347280335;5;11.397058823529411
DILMA;25.0;5;12.98076923076923
DILMA;33.64485981308411;5;16.710182767624023
DILMA;32.18390804597701;5;17.46031746031746
DILMA;27.7027027027027;5;24.277456647398843
DILMA;39.30348258706468;5;11.52073732718894
DILMA;30.20304568527919;5;24.16851441241685
DILMA;36.21621621621622;5;6.542056074766355
DILMA;36.89320388349515;5;24.705882352941178
DILMA;31.044776119402986;5;23.7467018469657
DILMA;31.25;5;12.608695652173912
DILMA;36.72316384180791;5;7.425742574257426
DILMA;37.735849056603776;5;14.525139664804469
DILMA;32.01970443349754;5;16.883116883116884
DILMA;25.26595744680851;5;25.11520737327189
DILMA;31.446540880503143;5;29.226361031518625
DILMA;33.87533875338753;5;29.86111111111111
DILMA;32.25806451612903;5;9.82905982905983
DILMA;32.035928143712574;5;20.707070707070706
DILMA;36.70886075949367;5;41.732283464566926
DILMA;33.98328690807799;5;25.88235294117647
DILMA;27.92792792792793;5;18.0
DILMA;28.426395939086294;5;13.821138211382113
DILMA;37.28813559322034;5;2.962962962962963
DILMA;33.80281690140845;5;6.147540983606557
DILMA;36.881188118811885;5;19.264069264069263
DILMA;30.32490974729242;5;20.058139534883722
DILMA;32.35294117647059;5;23.46938775510204
DILMA;29.924242424242426;5;13.377926421404682
DILMA;29.775280898876403;5;7.389162561576355
DILMA;26.31578947368421;5;28.994082840236686
DILMA;26.72811059907834;5;19.02834008097166
DILMA;33.42391304347826;5;39.51219512195122
DILMA;31.010452961672474;5;28.862973760932945
DILMA;36.75213675213675;5;23.16176470588235
DILMA;26.804123711340207;5;24.537037037037038
DILMA;34.51086956521739;5;23.181818181818183
DILMA;33.333333333333336;5;20.495495495495497
DILMA;27.42382271468144;5;28.863636363636363
DILMA;28.92768079800499;5;33.92070484581498
DILMA;26.5625;5;28.666666666666668
DILMA;27.5974025974026;5;17.613636363636363
DILMA;37.5;5;10.256410256410257
DILMA;31.612903225806452;5;38.285714285714285
DILMA;26.96078431372549;5;36.72566371681416
DILMA;32.34421364985163;5;27.93733681462141
DILMA;26.256983240223462;5;28.53828306264501
DILMA;34.196891191709845;5;44.01913875598086
DILMA;37.45454545454545;5;18.125
DILMA;32.7217125382263;5;36.675461741424805
DILMA;36.26373626373626;5;31.136363636363637
DILMA;27.393617021276597;5;27.85388127853881
DILMA;28.664495114006513;5;38.29201101928375
DILMA;32.87292817679558;5;37.468982630272954
DILMA;27.419354838709676;5;36.54708520179372
DILMA;23.314606741573034;5;30.839002267573697
DILMA;24.924012158054712;5;49.87012987012987
DILMA;31.123919308357348;5;37.06467661691542
DILMA;32.544378698224854;5;31.862745098039216
DILMA;21.680216802168022;5;30.176211453744493
DILMA;37.60932944606414;5;32.53333333333333
DILMA;27.72020725388601;5;43.91891891891892
DILMA;23.391812865497077;5;34.4559585492228
DILMA;25.068119891008173;5;34.375
DILMA;25.46419098143236;5;42.152466367713004
DILMA;25.683060109289617;5;31.422018348623855
DILMA;25.068870523415978;5;32.7906976744186
DILMA;31.914893617021278;5;10.454545454545455
DILMA;35.35620052770449;5;38.986784140969164
DILMA;31.428571428571427;5;29.18918918918919
DILMA;25.9946949602122;5;34.08577878103837
DILMA;33.23170731707317;5;39.322916666666664
DILMA;35.256410256410255;5;37.534246575342465
DILMA;25.252525252525253;5;30.96446700507614
DILMA;37.67605633802817;5;28.571428571428573
DILMA;26.804123711340207;5;54.22740524781341
DILMA;31.645569620253166;5;21.717171717171716
DILMA;26.440677966101696;5;35.632183908045974
DILMA;29.842931937172775;5;17.82608695652174
DILMA;21.40921409214092;5;35.30751708428246
DILMA;31.948051948051948;5;33.78076062639821
DILMA;26.27986348122867;5;31.83183183183183
DILMA;30.53435114503817;5;29.41176470588235
DILMA;30.334190231362467;5;24.60850111856823
DILMA;28.608247422680414;5;24.48512585812357
DILMA;26.76923076923077;5;26.342710997442456
DILMA;29.365079365079364;5;26.50334075723831
DILMA;26.923076923076923;5;23.796033994334277
DILMA;26.05263157894737;5;24.719101123595507
DILMA;41.37931034482759;5;16.176470588235293
DILMA;27.936507936507937;5;17.333333333333332
DILMA;27.2972972972973;5;20.267260579064587
DILMA;24.30939226519337;5;30.9255079006772
DILMA;24.566473988439306;5;21.271393643031786
DILMA;25.34722222222222;5;22.941176470588236
DILMA;26.050420168067227;5;19.40639269406393
DILMA;22.6775956284153;5;24.053452115812917
DILMA;30.944625407166125;5;24.083769633507853
DILMA;24.46808510638298;5;20.89887640449438
DILMA;34.59119496855346;5;27.17948717948718
DILMA;29.558011049723756;5;19.721577726218097
DILMA;35.07462686567164;5;20.0
DILMA;36.39344262295082;5;20.844327176781004
DILMA;29.096989966555185;5;20.670391061452513
DILMA;28.695652173913043;5;22.779043280182233
DILMA;26.2987012987013;5;33.07888040712468
DILMA;31.21693121693122;5;26.174496644295303
DILMA;29.59641255605381;5;22.22222222222222
DILMA;35.9375;5;22.45614035087719
DILMA;31.3953488372093;5;30.46875
DILMA;30.327868852459016;5;24.686192468619247
DILMA;32.212885154061624;5;24.465558194774346
DILMA;27.098321342925658;5;25.502008032128515
DILMA;28.02547770700637;5;29.545454545454547
DILMA;26.21359223300971;5;30.041152263374485
DILMA;27.761194029850746;5;25.75
DILMA;19.0;5;28.776978417266186
DILMA;29.156626506024097;5;27.766599597585515
DILMA;34.66135458167331;5;16.433566433566433
DILMA;31.60377358490566;5;13.524590163934427
DILMA;32.57575757575758;5;29.801324503311257
DILMA;28.90173410404624;5;27.313769751693002
DILMA;26.53061224489796;5;26.50602409638554
DILMA;26.605504587155963;5;24.869109947643977
DILMA;25.252525252525253;5;27.82608695652174
DILMA;25.126903553299492;5;30.72289156626506
DILMA;26.5625;5;28.427419354838708
DILMA;31.122448979591837;5;21.011673151750973
DILMA;21.367521367521366;5;28.125
DILMA;29.04564315352697;5;30.368098159509202
DILMA;28.110599078341014;5;12.704918032786885
DILMA;27.184466019417474;5;23.015873015873016
DILMA;29.850746268656717;5;26.74418604651163
DILMA;34.13897280966767;5;9.803921568627452
DILMA;34.30962343096234;5;10.921501706484642
DILMA;30.291970802919707;5;31.73076923076923
DILMA;34.42622950819672;5;27.508090614886733
DILMA;36.162361623616235;5;29.712460063897762
DILMA;34.732824427480914;5;31.511254019292604
DILMA;30.612244897959183;5;31.896551724137932
DILMA;37.407407407407405;5;34.177215189873415
DILMA;35.87786259541985;5;22.247191011235955
DILMA;30.8411214953271;5;14.893617021276595
DILMA;32.407407407407405;5;13.414634146341463
DILMA;33.66834170854271;5;21.68141592920354
DILMA;33.47826086956522;5;10.915492957746478
DILMA;30.124223602484474;5;25.392670157068064
DILMA;30.3125;5;32.15258855585831
DILMA;24.776119402985074;5;32.28346456692913
DILMA;35.82089552238806;5;29.75
DILMA;33.333333333333336;5;14.396887159533074
DILMA;40.723981900452486;5;16.600790513833992
DILMA;33.47280334728033;5;18.146718146718147
DILMA;36.24454148471616;5;14.492753623188406
DILMA;28.444444444444443;5;18.503937007874015
DILMA;32.28699551569507;5;20.930232558139537
DILMA;40.09216589861751;5;14.46808510638298
DILMA;32.59668508287293;5;18.46846846846847
DILMA;32.58426966292135;5;22.065727699530516
DILMA;31.92488262910798;5;12.340425531914894
DILMA;35.32338308457712;5;15.283842794759826
DILMA;32.244897959183675;5;23.357664233576642
DILMA;47.41035856573705;5;10.869565217391305
DILMA;29.281767955801104;5;1.7937219730941705
DILMA;29.761904761904763;5;16.3265306122449
DILMA;36.02150537634409;5;20.603015075376884
DILMA;36.72316384180791;5;10.945273631840797
DILMA;30.0;5;13.5
DILMA;31.46067415730337;5;12.105263157894736
DILMA;27.083333333333332;5;12.631578947368421
DILMA;30.538922155688624;5;35.59782608695652
DILMA;27.419354838709676;5;45.86894586894587
DILMA;28.802588996763753;5;34.26183844011142
DILMA;33.8150289017341;5;54.35356200527705
DILMA;32.53968253968254;5;17.391304347826086
DILMA;25.38860103626943;5;35.426008968609864
DILMA;22.75449101796407;5;48.93048128342246
DILMA;45.78313253012048;5;37.08206686930091
DILMA;31.818181818181817;5;35.35911602209945
DILMA;31.61764705882353;5;32.93413173652694
DILMA;27.96833773087071;5;42.247191011235955
DILMA;27.2264631043257;5;41.03139013452915
DILMA;28.41328413284133;5;48.717948717948715
DILMA;24.600638977635782;5;43.731778425655975
DILMA;24.043715846994534;5;32.70142180094787
DILMA;29.083665338645417;5;20.353982300884955
DILMA;37.05882352941177;5;39.08629441624365
DILMA;30.246913580246915;5;45.62841530054645
DILMA;30.53435114503817;5;39.86636971046771
DILMA;44.23076923076923;5;31.693989071038253
DILMA;34.73053892215569;5;33.333333333333336
DILMA;26.126126126126128;5;47.567567567567565
DILMA;27.358490566037737;5;30.833333333333332
DILMA;30.49645390070922;5;36.58536585365854
DILMA;32.758620689655174;5;26.956521739130434
DILMA;39.39393939393939;5;25.889967637540455
DILMA;32.758620689655174;5;33.2378223495702
DILMA;21.25;5;51.83098591549296
DILMA;34.18181818181818;5;43.93063583815029
DILMA;24.5;5;38.35920177383592
DILMA;28.695652173913043;5;44.584382871536526
DILMA;28.37837837837838;5;21.363636363636363
DILMA;22.093023255813954;5;44.44444444444444
DILMA;21.58730158730159;5;49.86149584487535
DILMA;30.967741935483872;5;37.04735376044568
DILMA;19.18819188191882;5;53.333333333333336
DILMA;25.077399380804952;5;37.60217983651226
DILMA;69.47791164658635;5;24.06779661016949
DILMA;25.899280575539567;5;33.546325878594246
DILMA;25.671641791044777;5;45.0402144772118
DILMA;21.47887323943662;5;47.756410256410255
DILMA;29.198966408268735;5;40.136054421768705
DILMA;33.63095238095238;5;44.783715012722645
DILMA;35.79234972677595;5;37.67123287671233
DILMA;26.392961876832846;5;35.233160621761655
DILMA;29.27536231884058;5;35.27918781725889
DILMA;26.075949367088608;5;46.63677130044843
DILMA;20.99125364431487;5;46.07329842931937
DILMA;29.25925925925926;5;18.543046357615893
DILMA;24.479166666666668;5;43.468468468468465
DILMA;31.325301204819276;5;36.25730994152047
DILMA;28.326180257510728;5;36.96498054474708
DILMA;28.164556962025316;5;39.8876404494382
DILMA;21.038961038961038;5;47.56380510440835
DILMA;26.628895184135978;5;37.5
DILMA;26.517571884984026;5;41.111111111111114
DILMA;22.670025188916878;5;44.713656387665196
DILMA;45.416666666666664;5;34.954407294832826
DILMA;23.919308357348704;5;42.41645244215938
DILMA;29.118773946360154;5;17.449664429530202
DILMA;33.559322033898304;5;39.44444444444444
DILMA;25.149700598802394;5;34.84848484848485
DILMA;32.55813953488372;5;24.719101123595507
DILMA;28.653295128939828;5;36.04060913705584
DILMA;27.272727272727273;5;37.83783783783784
DILMA;21.95767195767196;5;42.081447963800905
DILMA;20.54380664652568;5;49.743589743589745
DILMA;28.282828282828284;5;26.82215743440233
DILMA;29.44297082228117;5;34.831460674157306
DILMA;32.960893854748605;5;16.097560975609756
DILMA;23.65930599369085;5;33.2409972299169
DILMA;24.127906976744185;5;28.68020304568528
DILMA;29.974811083123427;5;36.711711711711715
DILMA;24.924012158054712;5;30.303030303030305
DILMA;32.64781491002571;5;31.306306306306308
DILMA;26.39751552795031;5;24.184782608695652
DILMA;23.668639053254438;5;30.05181347150259
DILMA;26.73521850899743;5;19.501133786848072
DILMA;36.440677966101696;5;21.241830065359476
DILMA;26.616915422885572;5;23.12775330396476
DILMA;32.22222222222222;5;17.67676767676768
DILMA;35.0383631713555;5;25.27964205816555
DILMA;22.448979591836736;5;17.05607476635514
DILMA;23.157894736842106;5;19.11111111111111
DILMA;23.167155425219942;5;23.979591836734695
DILMA;28.3987915407855;5;26.41025641025641
DILMA;29.71576227390181;5;21.300448430493272
DILMA;25.37878787878788;5;17.50841750841751
DILMA;33.134328358208954;5;30.569948186528496
DILMA;33.56890459363957;5;18.210862619808307
DILMA;21.846153846153847;5;15.36388140161725
DILMA;36.59942363112392;5;21.428571428571427
DILMA;27.725856697819314;5;21.428571428571427
DILMA;32.03125;5;19.186046511627907
DILMA;27.3015873015873;5;27.2
DILMA;30.847457627118644;5;24.48377581120944
DILMA;25.0;5;20.58823529411765
DILMA;24.099722991689752;5;23.891625615763548
DILMA;28.620689655172413;5;12.98342541436464
DILMA;27.941176470588236;5;18.205128205128204
DILMA;31.68831168831169;5;15.521064301552107
DILMA;48.4375;5;13.477088948787062
DILMA;32.132132132132135;5;19.3717277486911
DILMA;32.67716535433071;5;20.238095238095237
DILMA;28.24207492795389;5;20.930232558139537
DILMA;22.485207100591715;5;19.896640826873384
DILMA;27.272727272727273;5;29.894179894179896
DILMA;25.423728813559322;5;18.543046357615893
DILMA;29.62962962962963;5;1.3333333333333333
DILMA;25.396825396825395;5;29.69187675070028
DILMA;30.0;5;2.7027027027027026
DILMA;29.618768328445746;5;21.899736147757256
DILMA;29.76878612716763;5;25.77319587628866
DILMA;24.30939226519337;5;25.233644859813083
DILMA;28.173374613003094;5;29.014084507042252
DILMA;24.935064935064936;5;18.120805369127517
DILMA;25.08833922261484;5;19.696969696969695
DILMA;27.335640138408305;5;22.282608695652176
DILMA;31.944444444444443;5;15.105740181268882
DILMA;32.53968253968254;5;28.074245939675173
DILMA;30.078125;5;21.72523961661342
DILMA;34.36532507739938;5;22.167487684729064
DILMA;28.266666666666666;5;23.908045977011493
DILMA;30.92105263157895;5;21.02102102102102
DILMA;23.56687898089172;5;28.726287262872628
DILMA;28.90625;5;14.476614699331849
DILMA;22.513089005235603;5;22.043010752688172
DILMA;26.81564245810056;5;15.49636803874092
DILMA;24.367088607594937;5;29.096045197740114
DILMA;29.914529914529915;5;20.754716981132077
DILMA;31.365313653136532;5;13.294797687861271
DILMA;25.454545454545453;5;29.069767441860463
DILMA;24.358974358974358;5;26.41509433962264
DILMA;30.718954248366014;5;20.474777448071215
DILMA;30.853994490358126;5;30.65326633165829
DILMA;24.390243902439025;5;20.495495495495497
DILMA;29.943502824858758;5;22.950819672131146
DILMA;25.984251968503937;5;25.39325842696629
DILMA;31.550802139037433;5;20.235294117647058
DILMA;23.28767123287671;5;21.73913043478261
DILMA;25.423728813559322;5;25.5
DILMA;25.247524752475247;5;32.773109243697476
DILMA;31.907894736842106;5;21.791044776119403
DILMA;22.10242587601078;5;30.18867924528302
DILMA;27.358490566037737;5;22.48062015503876
DILMA;30.63063063063063;5;29.75
DILMA;23.897058823529413;5;28.877005347593585
DILMA;27.11111111111111;5;16.363636363636363
DILMA;30.249110320284696;5;31.192660550458715
DILMA;26.875;5;20.833333333333332
DILMA;33.87096774193548;5;17.613636363636363
DILMA;29.295774647887324;5;22.595078299776286
DILMA;29.26829268292683;5;22.22222222222222
DILMA;26.693227091633467;5;20.26578073089701
DILMA;30.0;5;23.636363636363637
DILMA;27.5;5;20.0
DILMA;27.976190476190474;5;15.533980582524272
DILMA;27.40740740740741;5;27.932960893854748
DILMA;32.60188087774295;5;15.254237288135593
DILMA;25.35211267605634;5;22.105263157894736
DILMA;34.85342019543974;5;16.901408450704224
DILMA;29.702970297029704;5;24.507042253521128
DILMA;33.86581469648562;5;26.30057803468208
DILMA;45.4954954954955;5;25.460122699386503
DILMA;31.3953488372093;5;22.12121212121212
DILMA;26.01156069364162;5;16.915422885572138
DILMA;35.869565217391305;5;17.5
DILMA;27.134146341463413;5;27.688172043010752
DILMA;27.761194029850746;5;28.88283378746594
DILMA;26.349206349206348;5;27.493261455525605
DILMA;25.572519083969464;5;22.40802675585284
DILMA;28.517110266159698;5;26.87074829931973
DILMA;29.577464788732396;5;12.820512820512821
DILMA;34.20289855072464;5;12.72264631043257
DILMA;43.388429752066116;5;23.404255319148938
DILMA;22.189349112426036;5;28.534031413612567
DILMA;30.857142857142858;5;7.368421052631579
DILMA;31.446540880503143;5;43.646408839779006
DILMA;33.333333333333336;5;24.651162790697676
DILMA;33.98328690807799;5;27.166276346604217
DILMA;27.027027027027028;5;17.906976744186046
DILMA;29.41176470588235;5;23.696682464454977
DILMA;31.40495867768595;5;9.505703422053232
DILMA;38.61788617886179;5;8.171206225680933
DILMA;30.084745762711865;5;16.34980988593156
DILMA;35.44303797468354;5;5.504587155963303
DILMA;26.40449438202247;5;17.412935323383085
DILMA;35.42857142857143;5;5.641025641025641
DILMA;30.508474576271187;5;13.020833333333334
DILMA;30.92105263157895;5;20.0
DILMA;34.61538461538461;5;21.963824289405686
DILMA;30.857142857142858;5;21.44702842377261
DILMA;32.81733746130031;5;22.969187675070028
DILMA;35.09316770186335;5;27.900552486187845
DILMA;27.64857881136951;5;21.71945701357466
DILMA;24.444444444444443;5;23.451327433628318
DILMA;40.963855421686745;5;0.46511627906976744
DILMA;27.893175074183976;5;29.56989247311828
DILMA;28.011204481792717;5;20.356234096692113
DILMA;28.862973760932945;5;17.602040816326532
DILMA;33.130699088145896;5;18.852459016393443
DILMA;37.755102040816325;5;21.22641509433962
DILMA;28.01047120418848;5;24.88888888888889
DILMA;34.11078717201166;5;19.059405940594058
DILMA;31.728045325779036;5;25.37313432835821
DILMA;34.40233236151604;5;32.432432432432435
DILMA;30.76923076923077;5;34.02061855670103
DILMA;32.11678832116788;5;9.01639344262295
DILMA;29.805013927576603;5;19.64735516372796
DILMA;30.0;5;21.391752577319586
DILMA;27.92792792792793;5;25.44987146529563
DILMA;33.739837398373986;5;12.639405204460967
DILMA;22.437673130193907;5;22.35872235872236
DILMA;26.359832635983263;5;18.867924528301888
DILMA;32.244897959183675;5;13.846153846153847
DILMA;25.63176895306859;5;21.428571428571427
DILMA;24.354243542435423;5;47.61904761904762
DILMA;22.10796915167095;5;22.666666666666668
DILMA;37.94326241134752;5;19.94535519125683
DILMA;27.945205479452056;5;19.10112359550562
DILMA;26.5;5;21.973094170403588
DILMA;31.25;5;26.444444444444443
DILMA;36.29893238434164;5;35.646687697160885
DILMA;30.201342281879196;5;20.238095238095237
DILMA;25.0;5;22.22222222222222
DILMA;22.478386167146976;5;25.319693094629155
DILMA;22.123893805309734;5;20.71611253196931
DILMA;29.968454258675077;5;25.96685082872928
DILMA;37.2093023255814;5;33.51648351648352
DILMA;24.54308093994778;5;39.62703962703963
DILMA;27.15736040609137;5;17.272727272727273
DILMA;24.46808510638298;5;38.388625592417064
DILMA;28.698224852071007;5;30.581039755351682
DILMA;27.889447236180903;5;20.945945945945947
DILMA;23.79746835443038;5;28.47682119205298
DILMA;27.81954887218045;5;21.428571428571427
DILMA;20.09925558312655;5;30.580357142857142
DILMA;28.40909090909091;5;37.12871287128713
DILMA;45.32710280373832;5;18.86120996441281
DILMA;42.672413793103445;5;19.841269841269842
DILMA;45.76271186440678;5;26.567164179104477
DILMA;50.887573964497044;5;13.333333333333334
DILMA;46.22641509433962;5;33.21917808219178
DILMA;42.4390243902439;5;33.79790940766551
DILMA;48.13084112149533;5;38.26714801444043
DILMA;39.732142857142854;5;21.79930795847751
DILMA;46.57534246575342;5;12.280701754385966
DILMA;46.2962962962963;5;21.73913043478261
DILMA;45.8128078817734;5;25.34722222222222
DILMA;45.089285714285715;5;13.167259786476869
DILMA;50.48076923076923;5;21.50537634408602
DILMA;46.0;5;21.673003802281368
DILMA;48.1651376146789;5;21.45748987854251
DILMA;47.36842105263158;5;37.45704467353952
DILMA;46.496815286624205;5;37.5
DILMA;47.66839378238342;5;16.22641509433962
DILMA;41.78403755868545;5;29.12621359223301
DILMA;51.22950819672131;5;24.705882352941178
DILMA;48.18652849740933;5;24.537037037037038
DILMA;51.1520737327189;5;41.605839416058394
DILMA;46.192893401015226;5;18.79432624113475
DILMA;43.98148148148148;5;65.7439446366782
DILMA;43.56435643564357;5;24.489795918367346
DILMA;61.03896103896104;5;33.333333333333336
DILMA;88.59649122807018;5;30.08130081300813
DILMA;84.04255319148936;5;25.19083969465649
DILMA;74.26470588235294;5;30.97345132743363
DILMA;14.583333333333334;5;26.85185185185185
DILMA;49.59349593495935;5;28.235294117647058
DILMA;44.339622641509436;5;20.284697508896798
DILMA;45.2914798206278;5;14.0
DILMA;49.673202614379086;5;18.89763779527559
DILMA;52.747252747252745;5;14.054054054054054
DILMA;47.783251231527096;5;23.42007434944238
DILMA;43.01470588235294;5;15.028901734104046
DILMA;60.0;5;15.853658536585366
DILMA;56.68789808917197;5;14.84375
DILMA;44.54976303317535;5;23.026315789473685
DILMA;44.54976303317535;5;25.0814332247557
DILMA;46.33204633204633;5;21.32867132867133
DILMA;47.34848484848485;5;24.2320819112628
DILMA;30.481283422459892;5;22.22222222222222
DILMA;32.30769230769231;5;20.100502512562816
DILMA;2.2988505747126435;5;27.741935483870968
DILMA;67.29559748427673;5;29.918032786885245
DILMA;70.96774193548387;5;25.31645569620253
DILMA;31.690140845070424;5;23.15270935960591
DILMA;35.55555555555556;5;15.841584158415841
DILMA;43.66197183098591;5;15.517241379310345
DILMA;30.088495575221238;5;16.455696202531644
DILMA;36.8421052631579;5;38.35616438356164
DILMA;28.571428571428573;5;15.69620253164557
DILMA;34.91379310344828;5;20.603015075376884
DILMA;26.070038910505836;5;20.10723860589812
DILMA;25.0;5;23.9010989010989
DILMA;29.017857142857142;5;21.606648199445985
DILMA;28.270042194092827;5;21.606648199445985
DILMA;28.481012658227847;5;11.475409836065573
DILMA;31.543624161073826;5;9.795918367346939
DILMA;29.85781990521327;5;20.257234726688104
DILMA;31.884057971014492;5;23.121387283236995
DILMA;34.97536945812808;5;22.115384615384617
DILMA;35.148514851485146;5;21.153846153846153
DILMA;29.613733905579398;5;24.203821656050955
DILMA;35.43689320388349;5;23.867069486404834
DILMA;40.090090090090094;5;23.823529411764707
DILMA;34.58646616541353;5;26.737967914438503
DILMA;35.24904214559387;5;27.925531914893618
DILMA;30.0;5;22.531645569620252
DILMA;33.460076045627375;5;19.437340153452684
DILMA;28.761061946902654;5;25.19893899204244
DILMA;35.319148936170215;5;20.845070422535212
DILMA;28.51063829787234;5;22.340425531914892
DILMA;35.32608695652174;5;29.26829268292683
DILMA;31.57894736842105;5;23.224043715846996
DILMA;35.86497890295359;5;23.978201634877383
DILMA;29.26829268292683;5;22.82051282051282
DILMA;30.19607843137255;5;17.302798982188296
DILMA;26.016260162601625;5;16.36828644501279
DILMA;33.333333333333336;5;12.133891213389122
DILMA;33.333333333333336;5;10.0418410041841
DILMA;33.52601156069364;5;22.75862068965517
DILMA;30.476190476190474;5;21.44927536231884
DILMA;33.142857142857146;5;19.736842105263158
DILMA;43.75;5;30.402010050251256
DILMA;39.55223880597015;5;28.391959798994975
DILMA;46.33204633204633;5;16.120906801007557
DILMA;46.42857142857143;5;26.208651399491096
DILMA;47.72727272727273;5;25.252525252525253
DILMA;49.438202247191015;5;20.707070707070706
DILMA;48.26086956521739;5;30.555555555555557
DILMA;47.03389830508475;5;32.96398891966759
DILMA;46.5863453815261;5;28.860759493670887
DILMA;32.12996389891697;5;18.67007672634271
DILMA;46.2406015037594;5;22.84263959390863
DILMA;49.392712550607285;5;27.94871794871795
DILMA;48.91304347826087;5;31.89873417721519
DILMA;32.35294117647059;5;22.53968253968254
DILMA;33.333333333333336;5;25.40106951871658
DILMA;31.98198198198198;5;15.835777126099707
DILMA;32.18884120171674;5;22.608695652173914
DILMA;32.367149758454104;5;22.551928783382788
DILMA;55.78947368421053;5;15.2317880794702
DILMA;44.01544401544402;5;39.33161953727507
DILMA;32.330827067669176;5;17.010309278350515
DILMA;57.2463768115942;5;28.15126050420168
DILMA;36.904761904761905;5;43.309859154929576
DILMA;33.898305084745765;5;59.583333333333336
DILMA;34.27230046948357;5;65.2037617554859
DILMA;31.11111111111111;5;40.93567251461988
DILMA;50.81967213114754;5;36.40167364016737
DILMA;31.27962085308057;5;51.446945337620576
DILMA;28.365384615384617;5;62.22222222222222
DILMA;30.03802281368821;5;58.333333333333336
DILMA;24.88479262672811;5;67.6737160120846
DILMA;36.91588785046729;5;19.883040935672515
DILMA;35.294117647058826;5;40.83769633507853
DILMA;26.630434782608695;5;68.45637583892618
DILMA;55.88235294117647;5;41.26984126984127
DILMA;28.125;5;46.29156010230179
DILMA;25.90909090909091;5;64.85623003194888
DILMA;34.63414634146341;5;47.46835443037975
DILMA;55.88235294117647;5;28.270042194092827
DILMA;67.24137931034483;5;40.13157894736842
DILMA;31.11111111111111;5;16.71641791044776
DILMA;32.97872340425532;5;22.115384615384617
DILMA;32.21153846153846;5;16.76300578034682
DILMA;19.0;5;18.9873417721519
DILMA;26.55367231638418;5;17.73049645390071
DILMA;34.412955465587046;5;18.072289156626507
DILMA;26.5;5;23.69942196531792
DILMA;30.057803468208093;5;30.970149253731343
DILMA;59.39393939393939;5;22.352941176470587
DILMA;40.833333333333336;5;28.651685393258425
DILMA;53.246753246753244;5;25.441696113074205
DILMA;47.59036144578313;5;18.151815181518153
DILMA;41.666666666666664;5;16.9054441260745
DILMA;37.5;5;25.068119891008173
DILMA;27.894736842105264;5;14.566929133858268
DILMA;25.0;5;9.593023255813954
DILMA;29.333333333333332;5;18.80108991825613
DILMA;27.95275590551181;5;11.436170212765957
DILMA;27.66798418972332;5;14.50381679389313
DILMA;35.35353535353536;5;31.27962085308057
DILMA;43.005181347150256;5;28.719723183391004
DILMA;6.25;5;3.8461538461538463
DILMA;44.89795918367347;5;27.102803738317757
DILMA;35.90909090909091;5;17.183098591549296
DILMA;40.67796610169491;5;3.048780487804878
DILMA;41.54589371980676;5;20.73170731707317
DILMA;55.303030303030305;5;17.015706806282722
DILMA;59.375;5;17.5531914893617
DILMA;44.796380090497735;5;19.57831325301205
DILMA;57.59493670886076;5;27.56892230576441
DILMA;39.56043956043956;5;38.0
DILMA;42.93478260869565;5;4.40251572327044
DILMA;36.18677042801556;5;36.36363636363637
DILMA;35.24590163934426;5;16.08040201005025
DILMA;28.125;5;32.340425531914896
DILMA;35.34136546184739;5;20.579710144927535
DILMA;33.333333333333336;5;33.44709897610922
DILMA;35.507246376811594;5;16.35514018691589
DILMA;48.57142857142857;5;35.869565217391305
DILMA;47.61904761904762;5;33.85826771653543
DILMA;49.390243902439025;5;34.63203463203463
DILMA;37.5;5;14.204545454545455
DILMA;35.0;5;12.690355329949238
DILMA;41.2;5;27.565982404692082
DILMA;37.2093023255814;5;28.732394366197184
DILMA;36.99186991869919;5;34.63687150837989
DILMA;43.82022471910113;5;21.839080459770116
DILMA;40.14598540145985;5;21.0
DILMA;39.705882352941174;5;10.0
DILMA;43.65079365079365;5;9.090909090909092
DILMA;40.0;5;23.15270935960591
DILMA;37.81512605042017;5;17.97752808988764
DILMA;39.66244725738397;5;29.62962962962963
DILMA;39.21568627450981;5;21.487603305785125
DILMA;47.89272030651341;5;28.68020304568528
DILMA;31.088082901554404;5;12.595419847328245
DILMA;38.57677902621723;5;31.33903133903134
DILMA;31.25;5;22.083333333333332
DILMA;27.80269058295964;5;22.22222222222222
DILMA;33.50785340314136;5;21.73913043478261
DILMA;42.51012145748988;5;24.022346368715084
DILMA;44.921875;5;31.83023872679045
DILMA;47.34299516908212;5;38.888888888888886
DILMA;46.875;5;29.080118694362017
DILMA;47.08029197080292;5;18.3206106870229
DILMA;48.35164835164835;5;31.758530183727036
DILMA;45.418326693227094;5;32.12435233160622
DILMA;55.6420233463035;5;35.714285714285715
DILMA;40.0;5;15.862068965517242
DILMA;39.24050632911393;5;19.59287531806616
DILMA;43.02325581395349;5;19.21708185053381
DILMA;37.5;5;22.727272727272727
DILMA;52.99145299145299;5;11.578947368421053
DILMA;38.009049773755656;5;17.0
DILMA;41.63424124513619;5;31.97969543147208
DILMA;35.44303797468354;5;25.625
DILMA;34.55882352941177;5;26.4
DILMA;38.35616438356164;5;41.07744107744108
DILMA;37.93103448275862;5;25.3125
DILMA;32.231404958677686;5;31.53153153153153
DILMA;42.241379310344826;5;46.38157894736842
DILMA;26.16822429906542;5;37.327188940092164
DILMA;53.43511450381679;5;35.24804177545692
DILMA;49.45652173913044;5;19.25925925925926
DILMA;50.0;5;21.32867132867133
DILMA;41.25;5;39.795918367346935
DILMA;17.5;5;36.50190114068441
DILMA;40.229885057471265;5;22.54335260115607
DILMA;29.41176470588235;5;32.78688524590164
DILMA;35.13513513513514;5;43.54838709677419
DILMA;43.07116104868914;5;27.735368956743002
DILMA;40.09661835748792;5;5.47945205479452
DILMA;43.82022471910113;5;16.725978647686834
DILMA;38.4180790960452;5;19.93006993006993
DILMA;32.25806451612903;5;32.214765100671144
DILMA;31.12033195020747;5;36.734693877551024
DILMA;49.31506849315068;5;22.598870056497177
DILMA;39.44954128440367;5;38.27160493827161
DILMA;38.38383838383838;5;35.714285714285715
DILMA;60.674157303370784;5;28.484848484848484
DILMA;29.288702928870293;5;40.821917808219176
DILMA;34.73684210526316;5;47.43589743589744
DILMA;56.47482014388489;5;48.257372654155496
DILMA;58.26086956521739;5;46.276595744680854
DILMA;56.557377049180324;5;30.0
DILMA;37.15415019762846;5;41.44927536231884
DILMA;33.99014778325123;5;58.608058608058606
DILMA;38.36206896551724;5;37.38317757009346
DILMA;35.98326359832636;5;46.49859943977591
DILMA;32.95019157088122;5;59.12806539509537
DILMA;33.06122448979592;5;48.318042813455655
DILMA;58.65384615384615;5;56.20253164556962
DILMA;36.563876651982376;5;40.61433447098976
DILMA;26.548672566371682;5;31.446540880503143
DILMA;40.44117647058823;5;34.97409326424871
DILMA;33.333333333333336;5;50.588235294117645
DILMA;38.46153846153846;5;49.87212276214834
DILMA;47.5177304964539;5;36.15384615384615
DILMA;44.099378881987576;5;50.21459227467811
DILMA;39.23444976076555;5;55.32646048109966
DILMA;37.75100401606426;5;47.8134110787172
DILMA;39.682539682539684;5;6.578947368421052
DILMA;41.01123595505618;5;4.25531914893617
DILMA;50.79365079365079;5;40.89219330855018
DILMA;43.58974358974359;5;46.470588235294116
DILMA;46.733668341708544;5;42.04946996466431
DILMA;37.59124087591241;5;50.28735632183908
DILMA;26.785714285714285;5;40.54054054054054
DILMA;50.191570881226056;5;45.53072625698324
DILMA;32.22222222222222;5;29.805013927576603
DILMA;39.71291866028708;5;41.947565543071164
DILMA;52.83018867924528;5;24.863387978142075
DILMA;38.53658536585366;5;3.9473684210526314
DILMA;33.60655737704918;5;24.84472049689441
DILMA;51.851851851851855;5;37.2
DILMA;37.3134328358209;5;46.889952153110045
DILMA;29.24901185770751;5;49.849849849849846
DILMA;34.285714285714285;5;36.01190476190476
DILMA;45.93023255813954;5;59.48275862068966
DILMA;56.52173913043478;5;50.91863517060367
DILMA;35.39823008849557;5;28.26086956521739
DILMA;46.794871794871796;5;28.719723183391004
DILMA;36.610169491525426;5;46.42857142857143
DILMA;40.13157894736842;5;13.963963963963964
DILMA;32.79352226720648;5;44.04432132963989
DILMA;60.256410256410255;5;37.7906976744186
DILMA;31.41025641025641;5;30.17241379310345
DILMA;54.31472081218274;5;32.57328990228013
DILMA;33.333333333333336;5;42.857142857142854
DILMA;50.0;5;30.64066852367688
DILMA;28.87323943661972;5;31.527093596059114
DILMA;41.891891891891895;5;24.605678233438486
DILMA;38.52813852813853;5;31.626506024096386
DILMA;43.18181818181818;5;35.9375
DILMA;53.90625;5;32.33830845771144
DILMA;47.0;5;31.98992443324937
DILMA;56.18556701030928;5;33.793103448275865
DILMA;51.401869158878505;5;25.525525525525527
DILMA;46.93877551020408;5;32.142857142857146
DILMA;43.58974358974359;5;26.751592356687897
DILMA;81.67539267015707;5;26.073619631901842
DILMA;61.855670103092784;5;30.670926517571885
DILMA;39.91935483870968;5;48.39650145772595
DILMA;49.794238683127574;5;42.72997032640949
DILMA;41.24513618677043;5;39.24418604651163
DILMA;45.859872611464965;5;32.36363636363637
DILMA;32.18390804597701;5;36.41456582633053
DILMA;31.550802139037433;5;34.30962343096234
DILMA;36.76470588235294;5;36.08562691131498
DILMA;41.221374045801525;5;25.654450261780106
DILMA;29.032258064516128;5;29.69187675070028
DILMA;27.93522267206478;5;23.333333333333332
DILMA;33.88429752066116;5;23.270440251572328
DILMA;38.095238095238095;5;23.91304347826087
DILMA;41.36690647482014;5;27.66497461928934
DILMA;49.38775510204081;5;27.700831024930746
DILMA;36.14035087719298;5;28.8659793814433
DILMA;33.739837398373986;5;22.493224932249323
DILMA;27.510917030567686;5;27.160493827160494
DILMA;40.74074074074074;5;25.14792899408284
DILMA;35.23809523809524;5;24.74576271186441
DILMA;35.55555555555556;5;22.427440633245382
DILMA;38.732394366197184;5;20.48780487804878
DILMA;38.392857142857146;5;25.663716814159294
DILMA;38.63636363636363;5;24.050632911392405
DILMA;38.96103896103896;5;25.21246458923513
DILMA;34.82587064676617;5;20.37037037037037
DILMA;47.52066115702479;5;28.65497076023392
DILMA;33.75796178343949;5;27.049180327868854
DILMA;57.54385964912281;5;20.865139949109416
DILMA;51.401869158878505;5;34.62686567164179
DILMA;47.148288973384034;5;28.272251308900522
DILMA;33.87096774193548;5;20.579710144927535
DILMA;57.06214689265537;5;18.29268292682927
DILMA;36.36363636363637;5;28.666666666666668
DILMA;32.22222222222222;5;24.870466321243523
DILMA;48.58156028368794;5;21.98952879581152
DILMA;35.36585365853659;5;36.44444444444444
DILMA;66.66666666666667;5;31.53846153846154
DILMA;11.794871794871796;5;28.776978417266186
DILMA;45.91439688715953;5;28.64864864864865
DILMA;74.73684210526316;5;20.47244094488189
DILMA;82.46753246753246;5;27.40963855421687
DILMA;39.62264150943396;5;12.31527093596059
DILMA;47.906976744186046;5;13.442622950819672
DILMA;40.21164021164021;5;19.615384615384617
DILMA;29.23076923076923;5;39.57703927492447
DILMA;47.27272727272727;5;30.711610486891384
DILMA;32.098765432098766;5;17.251461988304094
DILMA;37.93103448275862;5;18.51851851851852
DILMA;46.902654867256636;5;16.621983914209114
DILMA;13.333333333333334;5;23.91304347826087
DILMA;63.829787234042556;5;18.095238095238095
DILMA;40.94488188976378;5;17.827298050139277
DILMA;35.44303797468354;5;18.154761904761905
DILMA;18.181818181818183;5;23.364485981308412
DILMA;36.87150837988827;5;16.27906976744186
DILMA;18.94736842105263;5;27.049180327868854
DILMA;27.950310559006212;5;29.149797570850204
DILMA;34.61538461538461;5;33.624454148471614
DILMA;46.03174603174603;5;25.40983606557377
DILMA;64.86486486486487;5;19.166666666666668
DILMA;25.94142259414226;5;19.345238095238095
DILMA;35.77235772357724;5;25.592417061611375
DILMA;51.18483412322275;5;23.214285714285715
DILMA;57.526881720430104;5;15.985130111524164
DILMA;47.00854700854701;5;27.46113989637306
DILMA;38.69047619047619;5;1.3513513513513513
DILMA;32.87671232876713;5;19.51219512195122
DILMA;88.39779005524862;5;31.6017316017316
DILMA;24.742268041237114;5;27.00729927007299
DILMA;85.08771929824562;5;21.893491124260354
DILMA;53.535353535353536;5;21.85430463576159
DILMA;37.908496732026144;5;18.13186813186813
DILMA;28.26086956521739;5;33.08270676691729
DILMA;82.25806451612904;5;25.179856115107913
DILMA;32.63157894736842;5;24.59016393442623
DILMA;50.666666666666664;5;29.533678756476682
DILMA;35.53719008264463;5;21.145374449339208
DILMA;52.205882352941174;5;23.224043715846996
DILMA;65.625;5;33.333333333333336
DILMA;35.0;5;26.717557251908396
DILMA;50.0;5;29.473684210526315
DILMA;23.28767123287671;5;29.0
DILMA;34.285714285714285;5;15.926892950391645
DILMA;32.06106870229008;5;30.113636363636363
DILMA;44.15584415584416;5;24.102564102564102
DILMA;75.33333333333333;5;30.569948186528496
DILMA;42.42424242424242;5;26.271186440677965
DILMA;39.86486486486486;5;28.251121076233183
DILMA;53.84615384615385;5;32.92181069958848
DILMA;50.0;5;30.37037037037037
DILMA;33.58490566037736;5;14.577259475218659
DILMA;41.51624548736462;5;20.520231213872833
DILMA;42.45283018867924;5;24.342105263157894
DILMA;59.23076923076923;5;30.476190476190474
DILMA;96.8;5;33.48623853211009
DILMA;46.03174603174603;5;19.39163498098859
DILMA;37.2093023255814;5;16.285714285714285
DILMA;57.54716981132076;5;27.044025157232703
DILMA;34.72222222222222;5;13.793103448275861
DILMA;50.75757575757576;5;13.333333333333334
DILMA;42.10526315789474;5;15.517241379310345
DILMA;31.645569620253166;5;15.88785046728972
DILMA;52.83018867924528;5;18.0327868852459
DILMA;38.578680203045685;5;7.051282051282051
DILMA;34.30962343096234;5;27.84090909090909
DILMA;33.830845771144276;5;32.04225352112676
DILMA;40.229885057471265;5;22.255192878338278
DILMA;38.429752066115704;5;21.428571428571427
DILMA;36.29032258064516;5;22.9607250755287
DILMA;41.201716738197426;5;22.71186440677966
DILMA;39.45945945945946;5;15.547703180212014
DILMA;36.94581280788177;5;15.957446808510639
DILMA;34.76702508960574;5;25.575447570332482
DILMA;37.99126637554585;5;22.38372093023256
DILMA;35.56485355648535;5;26.567164179104477
DILMA;37.71186440677966;5;29.376854599406528
DILMA;35.0210970464135;5;33.23353293413174
DILMA;38.8663967611336;5;36.36363636363637
DILMA;37.086092715231786;5;0.8547008547008547
DILMA;30.0;5;41.31736526946108
DILMA;38.46153846153846;5;4.40251572327044
DILMA;34.93975903614458;5;23.26530612244898
DILMA;40.57142857142857;5;18.930041152263374
DILMA;42.56198347107438;5;29.325513196480937
DILMA;40.15444015444015;5;42.13649851632047
DILMA;32.97872340425532;5;34.166666666666664
DILMA;32.16374269005848;5;3.10077519379845
DILMA;41.05691056910569;5;22.123893805309734
DILMA;37.130801687763714;5;26.608187134502923
DILMA;34.355828220858896;5;25.423728813559322
DILMA;45.0;5;10.502283105022832
DILMA;31.35593220338983;5;14.678899082568808
DILMA;34.53237410071942;5;23.902439024390244
DILMA;41.61073825503356;5;15.92039800995025
DILMA;40.0;5;18.048780487804876
DILMA;40.24896265560166;5;24.624624624624623
DILMA;39.24731182795699;5;4.195804195804196
DILMA;38.94230769230769;5;4.117647058823529
DILMA;25.43859649122807;5;15.846994535519126
DILMA;41.666666666666664;5;0.9615384615384616
DILMA;43.08300395256917;5;31.510416666666668
DILMA;49.57983193277311;5;21.13095238095238
DILMA;44.888888888888886;5;32.36151603498542
DILMA;41.42259414225941;5;25.94752186588921
DILMA;54.0084388185654;5;29.38144329896907
DILMA;53.57142857142857;5;21.818181818181817
DILMA;45.0;5;21.899736147757256
DILMA;47.27272727272727;5;26.719576719576718
DILMA;39.78102189781022;5;9.923664122137405
DILMA;46.31578947368421;5;9.187279151943462
DILMA;39.90384615384615;5;7.191780821917808
DILMA;37.98882681564246;5;13.432835820895523
DILMA;37.64705882352941;5;14.50381679389313
DILMA;40.78947368421053;5;15.2317880794702
DILMA;38.18181818181818;5;23.796033994334277
DILMA;38.41463414634146;5;26.4
DILMA;48.01980198019802;5;19.016393442622952
DILMA;46.951219512195124;5;17.59656652360515
DILMA;43.109540636042404;5;26.717557251908396
DILMA;42.33576642335766;5;25.76530612244898
DILMA;43.43891402714932;5;37.44292237442922
DILMA;42.4812030075188;5;29.591836734693878
DILMA;42.857142857142854;5;27.92207792207792
DILMA;43.96551724137931;5;20.118343195266274
DILMA;58.56353591160221;5;23.178807947019866
DILMA;55.348837209302324;5;26.993865030674847
DILMA;50.602409638554214;5;33.333333333333336
DILMA;37.07865168539326;5;26.31578947368421
DILMA;98.1981981981982;5;31.25
DILMA;64.70588235294117;5;33.333333333333336
DILMA;51.19047619047619;5;15.95330739299611
DILMA;54.40414507772021;5;10.726643598615917
DILMA;90.47619047619048;5;34.666666666666664
DILMA;55.90909090909091;5;25.477707006369428
DILMA;42.95302013422819;5;14.545454545454545
DILMA;55.38461538461539;5;19.41176470588235
DILMA;54.066985645933016;5;17.22972972972973
DILMA;73.62637362637362;5;15.447154471544716
DILMA;59.73154362416108;5;11.693548387096774
DILMA;47.857142857142854;5;7.9245283018867925
DILMA;53.191489361702125;5;28.94736842105263
DILMA;51.64835164835165;5;30.76923076923077
DILMA;54.411764705882355;5;31.493506493506494
DILMA;50.0;5;19.23076923076923
DILMA;46.56488549618321;5;7.627118644067797
DILMA;47.03196347031963;5;18.181818181818183
DILMA;52.94117647058823;5;14.345991561181435
DILMA;52.65486725663717;5;21.895424836601308
DILMA;49.18032786885246;5;19.17808219178082
DILMA;54.375;5;13.147410358565738
DILMA;52.036199095022624;5;22.22222222222222
DILMA;38.62660944206009;5;20.640569395017792
DILMA;46.32768361581921;5;21.660649819494584
DILMA;56.14035087719298;5;20.54794520547945
DILMA;48.87640449438202;5;16.271186440677965
DILMA;47.78761061946903;5;17.57188498402556
DILMA;42.857142857142854;5;15.306122448979592
DILMA;47.524752475247524;5;21.766561514195583
DILMA;59.111111111111114;5;22.26277372262774
DILMA;50.810810810810814;5;24.573378839590443
DILMA;57.34265734265734;5;19.083969465648856
DILMA;51.70454545454545;5;25.555555555555557
DILMA;56.98924731182796;5;12.969283276450511
DILMA;56.111111111111114;5;21.262458471760798
DILMA;52.747252747252745;5;29.181494661921707
DILMA;50.5;5;16.37630662020906
DILMA;57.94871794871795;5;32.65993265993266
DILMA;56.544502617801044;5;51.36986301369863
DILMA;59.68586387434555;5;29.37062937062937
DILMA;50.54347826086956;5;24.915824915824917
DILMA;56.353591160220994;5;25.08833922261484
DILMA;51.336898395721924;5;52.233676975945016
DILMA;54.45026178010471;5;44.982698961937714
DILMA;55.02958579881657;5;52.713178294573645
DILMA;53.7037037037037;5;59.48275862068966
DILMA;55.98086124401914;5;32.88135593220339
DILMA;47.59615384615385;5;25.423728813559322
DILMA;57.926829268292686;5;52.63157894736842
DILMA;48.07692307692308;5;58.17490494296578
DILMA;61.452513966480446;5;36.254980079681275
DILMA;55.729166666666664;5;20.58823529411765
DILMA;60.1123595505618;5;48.4641638225256
DILMA;57.05128205128205;5;40.22140221402214
DILMA;51.92307692307692;5;53.48837209302326
DILMA;61.111111111111114;5;48.031496062992126
DILMA;77.21518987341773;5;24.41860465116279
DILMA;70.67669172932331;5;47.601476014760145
DILMA;65.35433070866142;5;21.62162162162162
DILMA;56.60377358490566;5;35.0
DILMA;46.951219512195124;5;70.37037037037037
DILMA;48.04469273743017;5;22.545454545454547
DILMA;65.42056074766356;5;28.176795580110497
DILMA;75.5813953488372;5;44.97991967871486
DILMA;56.68789808917197;5;39.21568627450981
DILMA;64.36781609195403;5;38.15028901734104
DILMA;65.24064171122994;5;31.48148148148148
DILMA;59.09090909090909;5;37.458193979933114
DILMA;61.80555555555556;5;14.5
DILMA;57.142857142857146;5;47.651006711409394
DILMA;55.27950310559006;5;50.74074074074074
DILMA;57.59493670886076;5;34.54545454545455
DILMA;43.18181818181818;5;26.688102893890676
DILMA;46.951219512195124;5;24.206349206349206
DILMA;57.142857142857146;5;23.64864864864865
DILMA;58.94736842105263;5;25.93984962406015
DILMA;90.55555555555556;5;37.0
DILMA;88.06818181818181;5;28.095238095238095
DILMA;52.79503105590062;5;17.269076305220885
DILMA;45.39007092198582;5;21.49532710280374
DILMA;49.30232558139535;5;13.043478260869565
DILMA;55.15151515151515;5;17.24137931034483
DILMA;74.17218543046357;5;17.391304347826086
DILMA;53.225806451612904;5;35.333333333333336
DILMA;56.613756613756614;5;14.035087719298245
DILMA;55.23255813953488;5;18.213058419243985
DILMA;54.21052631578947;5;12.794612794612794
DILMA;56.21890547263681;5;14.385964912280702
DILMA;54.54545454545455;5;14.17910447761194
DILMA;51.707317073170735;5;25.078369905956112
DILMA;55.747126436781606;5;17.716535433070867
DILMA;64.8854961832061;5;17.452830188679247
DILMA;53.44827586206897;5;15.22491349480969
DILMA;47.286821705426355;5;13.26530612244898
DILMA;54.81481481481482;5;15.023474178403756
DILMA;34.946236559139784;5;19.46564885496183
DILMA;27.96934865900383;5;20.441988950276244
DILMA;57.31707317073171;5;22.22222222222222
DILMA;48.148148148148145;5;25.714285714285715
DILMA;49.26470588235294;5;23.783783783783782
DILMA;61.40350877192982;5;19.444444444444443
DILMA;59.74025974025974;5;30.373831775700936
DILMA;29.69924812030075;5;17.379679144385026
DILMA;31.896551724137932;5;21.09826589595376
DILMA;35.08064516129032;5;24.057971014492754
DILMA;85.8974358974359;5;34.54545454545455
DILMA;29.62962962962963;5;11.11111111111111
DILMA;39.436619718309856;5;16.161616161616163
DILMA;38.095238095238095;5;16.901408450704224
DILMA;39.39393939393939;5;12.5
DILMA;20.967741935483872;5;25.714285714285715
DILMA;55.81395348837209;5;16.0
DILMA;59.32203389830509;5;30.337078651685392
DILMA;36.53846153846154;5;30.508474576271187
DILMA;27.888446215139442;5;18.155619596541786
DILMA;79.36507936507937;5;19.318181818181817
DILMA;32.8719723183391;5;18.586387434554975
DILMA;38.62068965517241;5;11.822660098522167
DILMA;37.109375;5;15.680473372781066
DILMA;35.86497890295359;5;20.754716981132077
DILMA;47.26027397260274;5;16.08040201005025
DILMA;43.333333333333336;5;15.789473684210526
DILMA;35.947712418300654;5;18.137254901960784
DILMA;38.94230769230769;5;30.141843971631207
DILMA;41.41414141414141;5;33.2129963898917
DILMA;32.20338983050848;5;10.429447852760736
DILMA;30.357142857142858;5;17.475728155339805
DILMA;42.7007299270073;5;17.195767195767196
DILMA;41.87725631768953;5;20.698924731182796
DILMA;32.27272727272727;5;17.02127659574468
DILMA;30.240549828178693;5;16.071428571428573
DILMA;36.86274509803921;5;22.00557103064067
DILMA;39.38223938223938;5;19.28374655647383
DILMA;28.11244979919679;5;25.892857142857142
DILMA;38.19095477386934;5;17.573221757322177
DILMA;40.7035175879397;5;18.59504132231405
DILMA;41.851851851851855;5;18.92744479495268
DILMA;35.57046979865772;5;19.84536082474227
DILMA;39.69465648854962;5;17.940199335548172
DILMA;43.41085271317829;5;19.607843137254903
DILMA;39.55555555555556;5;14.666666666666666
DILMA;44.51219512195122;5;16.748768472906406
DILMA;33.46774193548387;5;20.172910662824208
DILMA;46.35761589403973;5;28.45528455284553
DILMA;45.30612244897959;5;36.0
DILMA;33.75796178343949;5;11.881188118811881
DILMA;37.01298701298701;5;9.30232558139535
DILMA;36.329588014981276;5;13.043478260869565
DILMA;32.92181069958848;5;20.94395280235988
DILMA;35.874439461883405;5;24.579124579124578
DILMA;31.007751937984494;5;20.46783625730994
DILMA;40.34334763948498;5;28.82562277580071
DILMA;40.93023255813954;5;6.0200668896321075
DILMA;32.945736434108525;5;16.666666666666668
DILMA;31.316725978647685;5;18.65284974093264
DILMA;29.387755102040817;5;19.41176470588235
DILMA;32.421875;5;15.988372093023257
DILMA;31.4878892733564;5;20.8
DILMA;37.97909407665505;5;13.066666666666666
DILMA;32.64604810996563;5;29.066666666666666
DILMA;37.5;5;20.0
DILMA;46.351931330472105;5;37.5
DILMA;27.74869109947644;5;25.17241379310345
DILMA;75.67567567567568;5;18.978102189781023
DILMA;35.57692307692308;5;17.79935275080906
DILMA;42.10526315789474;5;23.333333333333332
DILMA;27.428571428571427;5;23.59550561797753
DILMA;32.74021352313167;5;26.54639175257732
DILMA;39.320388349514566;5;17.49174917491749
DILMA;30.545454545454547;5;35.924932975871315
DILMA;33.08550185873606;5;34.97267759562842
DILMA;36.86274509803921;5;24.41176470588235
DILMA;40.14598540145985;5;30.327868852459016
DILMA;35.96837944664031;5;31.470588235294116
DILMA;32.98245614035088;5;21.29380053908356
DILMA;42.16867469879518;5;39.69465648854962
DILMA;39.37007874015748;5;34.20289855072464
DILMA;32.388663967611336;5;38.73873873873874
DILMA;65.21739130434783;5;20.0
DILMA;33.93665158371041;5;15.841584158415841
DILMA;37.5;5;32.04419889502763
DILMA;40.65934065934066;5;27.142857142857142
DILMA;21.73913043478261;5;22.033898305084747
DILMA;45.0;5;47.756410256410255
DILMA;35.76158940397351;5;42.24598930481283
DILMA;38.28996282527881;5;48.888888888888886
DILMA;37.5968992248062;5;48.54651162790697
DILMA;29.961089494163424;5;37.64705882352941
DILMA;73.33333333333333;5;31.17408906882591
DILMA;77.97619047619048;5;27.61904761904762
DILMA;35.602094240837694;5;15.282392026578073
DILMA;40.0;5;54.09356725146199
DILMA;44.630872483221474;5;45.98930481283423
DILMA;24.752475247524753;5;22.26277372262774
DILMA;36.65338645418327;5;59.523809523809526
DILMA;34.30232558139535;5;39.6551724137931
DILMA;39.705882352941174;5;36.56509695290859
DILMA;29.51388888888889;5;36.760925449871465
DILMA;39.25925925925926;5;37.637362637362635
DILMA;35.507246376811594;5;17.223650385604113
DILMA;34.25196850393701;5;34.593023255813954
DILMA;30.37037037037037;5;21.095890410958905
DILMA;38.914027149321264;5;26.5993265993266
DILMA;34.01639344262295;5;17.696629213483146
DILMA;39.473684210526315;5;14.525139664804469
DILMA;39.20863309352518;5;20.43010752688172
DILMA;41.53846153846154;5;16.22641509433962
DILMA;44.44444444444444;5;15.675675675675675
DILMA;45.55555555555556;5;19.047619047619047
DILMA;54.166666666666664;5;23.68421052631579
DILMA;12.977099236641221;5;29.032258064516128
DILMA;61.904761904761905;5;15.636363636363637
DILMA;52.513966480446925;5;16.342412451361866
DILMA;58.19209039548023;5;15.053763440860216
DILMA;54.09836065573771;5;15.467625899280575
DILMA;54.891304347826086;5;14.590747330960854
DILMA;52.12765957446808;5;18.411552346570396
DILMA;58.69565217391305;5;14.946619217081851
DILMA;51.70068027210884;5;6.956521739130435
DILMA;54.4973544973545;5;18.88111888111888
DILMA;55.38461538461539;5;15.328467153284672
DILMA;50.0;5;32.74021352313167
DILMA;55.11363636363637;5;12.4031007751938
DILMA;50.76142131979695;5;13.636363636363637
DILMA;52.02020202020202;5;13.409961685823754
DILMA;54.14364640883978;5;10.077519379844961
DILMA;56.024096385542165;5;16.602316602316602
DILMA;49.404761904761905;5;12.0
DILMA;48.924731182795696;5;23.30827067669173
DILMA;52.906976744186046;5;26.74418604651163
DILMA;60.810810810810814;5;24.663677130044842
DILMA;53.191489361702125;5;15.584415584415584
DILMA;63.58695652173913;5;22.69503546099291
DILMA;47.474747474747474;5;11.96911196911197
DILMA;69.10994764397905;5;10.431654676258994
DILMA;61.93181818181818;5;9.926470588235293
DILMA;51.39664804469274;5;15.467625899280575
DILMA;56.21890547263681;5;60.64981949458484
DILMA;56.19047619047619;5;39.37282229965157
DILMA;53.63128491620112;5;37.83783783783784
DILMA;57.89473684210526;5;50.602409638554214
DILMA;52.17391304347826;5;55.25423728813559
DILMA;52.06185567010309;5;62.452107279693486
DILMA;50.490196078431374;5;64.68531468531468
DILMA;55.73770491803279;5;15.708812260536398
DILMA;66.33663366336634;5;69.8961937716263
DILMA;58.76288659793814;5;58.57142857142857
DILMA;58.56353591160221;5;53.96825396825397
DILMA;45.97315436241611;5;56.016597510373444
DILMA;56.41025641025641;5;66.4259927797834
DILMA;92.06349206349206;5;32.450331125827816
DILMA;64.08450704225352;5;39.42857142857143
DILMA;78.02197802197803;5;33.734939759036145
DILMA;68.72037914691943;5;39.16083916083916
DILMA;49.46808510638298;5;32.49097472924188
DILMA;48.648648648648646;5;18.39080459770115
DILMA;51.666666666666664;5;24.253731343283583
DILMA;46.97674418604651;5;17.24137931034483
DILMA;82.0;5;34.26966292134831
DILMA;81.875;5;39.86486486486486
DILMA;48.704663212435236;5;15.658362989323843
DILMA;85.45454545454545;5;21.951219512195124
DILMA;63.888888888888886;5;17.254901960784313
DILMA;45.026178010471206;5;6.844106463878327
DILMA;50.588235294117645;5;18.253968253968253
DILMA;49.44444444444444;5;9.803921568627452
DILMA;59.58188153310105;5;13.284132841328413
DILMA;53.881278538812786;5;14.18918918918919
DILMA;84.72222222222223;5;26.490066225165563
DILMA;67.11409395973155;5;30.357142857142858
DILMA;55.55555555555556;5;27.333333333333332
DILMA;47.093023255813954;5;14.901960784313726
DILMA;91.53439153439153;5;22.123893805309734
DILMA;98.02631578947368;5;34.78260869565217
DILMA;57.42574257425743;5;17.921146953405017
DILMA;58.13953488372093;5;25.274725274725274
DILMA;51.515151515151516;5;14.285714285714286
DILMA;65.11627906976744;5;19.736842105263158
DILMA;60.0;5;11.462450592885375
DILMA;56.60377358490566;5;15.932203389830509
DILMA;52.7363184079602;5;15.140845070422536
DILMA;72.64957264957265;5;23.56687898089172
DILMA;50.89820359281437;5;12.549019607843137
DILMA;34.35114503816794;5;16.384180790960453
DILMA;34.30232558139535;5;16.386554621848738
DILMA;32.432432432432435;5;28.41726618705036
DILMA;33.06122448979592;5;28.8135593220339
DILMA;42.857142857142854;5;20.205479452054796
DILMA;28.846153846153847;5;3.4602076124567476
DILMA;21.962616822429908;5;5.0675675675675675
DILMA;23.853211009174313;5;9.797297297297296
DILMA;23.300970873786408;5;10.309278350515465
DILMA;26.470588235294116;5;27.68729641693811
DILMA;29.72972972972973;5;14.552238805970148
DILMA;24.701195219123505;5;26.973684210526315
DILMA;29.646017699115045;5;50.0
DILMA;28.877005347593585;5;43.542435424354245
DILMA;30.952380952380953;5;39.25233644859813
DILMA;31.004366812227076;5;42.90220820189275
DILMA;27.310924369747898;5;30.311614730878187
DILMA;29.6;5;37.27810650887574
DILMA;32.327586206896555;5;44.19475655430712
DILMA;27.860696517412936;5;46.0
DILMA;21.48148148148148;5;31.179775280898877
DILMA;22.026431718061673;5;28.524590163934427
DILMA;23.497267759562842;5;44.49152542372882
DILMA;24.896265560165975;5;22.977346278317153
DILMA;34.10852713178294;5;43.75
DILMA;42.857142857142854;5;53.47826086956522
DILMA;30.434782608695652;5;37.08206686930091
DILMA;43.35260115606936;5;30.29045643153527
DILMA;28.658536585365855;5;37.96296296296296
DILMA;30.042918454935624;5;40.683229813664596
DILMA;23.728813559322035;5;22.821576763485478
DILMA;31.70731707317073;5;41.791044776119406
DILMA;39.075630252100844;5;32.50883392226148
DILMA;28.79581151832461;5;45.49180327868852
DILMA;32.8125;5;28.908554572271388
DILMA;34.09090909090909;5;23.825503355704697
DILMA;27.976190476190474;5;46.12068965517241
DILMA;30.386740331491712;5;38.84297520661157
DILMA;29.493087557603687;5;32.49211356466877
DILMA;27.932960893854748;5;29.182879377431906
DILMA;41.06280193236715;5;20.52980132450331
DILMA;30.80168776371308;5;34.18079096045198
DILMA;30.27027027027027;5;24.834437086092716
DILMA;27.419354838709676;5;33.333333333333336
DILMA;28.467153284671532;5;29.0
DILMA;32.77777777777778;5;15.22633744855967
DILMA;34.5679012345679;5;12.096774193548388
DILMA;40.714285714285715;5;25.846153846153847
DILMA;25.263157894736842;5;27.125506072874494
DILMA;54.83870967741935;5;15.0
DILMA;36.75213675213675;5;17.114093959731544
DILMA;40.42553191489362;5;26.95924764890282
DILMA;34.355828220858896;5;26.08695652173913
DILMA;32.6530612244898;5;25.301204819277107
DILMA;34.92537313432836;5;17.964071856287426
DILMA;39.17197452229299;5;23.170731707317074
DILMA;30.37037037037037;5;23.125
DILMA;34.04255319148936;5;18.51851851851852
DILMA;29.385964912280702;5;13.664596273291925
DILMA;18.226600985221676;5;17.735849056603772
DILMA;31.914893617021278;5;24.404761904761905
DILMA;34.54545454545455;5;22.22222222222222
DILMA;38.99082568807339;5;22.06405693950178
DILMA;47.674418604651166;5;18.103448275862068
DILMA;32.63157894736842;5;18.852459016393443
DILMA;25.0;5;22.54901960784314
DILMA;42.51497005988024;5;17.708333333333332
DILMA;22.0125786163522;5;17.2972972972973
DILMA;33.97435897435897;5;24.675324675324674
DILMA;40.30612244897959;5;21.003134796238246
DILMA;24.271844660194176;5;21.172638436482085
DILMA;18.90547263681592;5;22.535211267605632
DILMA;23.893805309734514;5;20.774647887323944
DILMA;26.548672566371682;5;22.2972972972973
DILMA;26.923076923076923;5;25.0
DILMA;24.074074074074073;5;16.346153846153847
DILMA;30.246913580246915;5;8.144796380090497
DILMA;31.20567375886525;5;23.11111111111111
DILMA;37.5;5;17.647058823529413
DILMA;27.317073170731707;5;16.107382550335572
DILMA;30.075187969924812;5;27.868852459016395
DILMA;28.846153846153847;5;18.309859154929576
DILMA;54.54545454545455;5;28.125
DILMA;55.84415584415584;5;26.96629213483146
DILMA;22.745098039215687;5;14.87603305785124
DILMA;30.18867924528302;5;28.767123287671232
DILMA;58.208955223880594;5;24.742268041237114
DILMA;51.54639175257732;5;26.153846153846153
DILMA;32.0;5;20.091324200913242
DILMA;33.333333333333336;5;23.651452282157678
DILMA;32.16374269005848;5;11.267605633802816
DILMA;20.634920634920636;5;25.609756097560975
DILMA;26.13981762917933;5;23.076923076923077
DILMA;30.392156862745097;5;19.35483870967742
DILMA;29.81651376146789;5;21.428571428571427
DILMA;40.963855421686745;5;13.733905579399142
DILMA;29.479768786127167;5;14.229249011857707
DILMA;30.044843049327355;5;22.635135135135137
DILMA;31.0126582278481;5;18.407960199004975
DILMA;37.55868544600939;5;25.274725274725274
DILMA;29.67479674796748;5;16.08832807570978
DILMA;30.530973451327434;5;11.683848797250858
DILMA;37.5;5;17.894736842105264
DILMA;29.487179487179485;5;20.820189274447948
DILMA;34.136546184738954;5;23.61516034985423
DILMA;35.632183908045974;5;10.454545454545455
DILMA;32.28346456692913;5;19.82248520710059
DILMA;28.99628252788104;5;17.151162790697676
DILMA;31.316725978647685;5;27.22222222222222
DILMA;32.18390804597701;5;24.58100558659218
DILMA;28.820960698689955;5;30.599369085173503
DILMA;29.545454545454547;5;21.05263157894737
DILMA;27.741935483870968;5;21.86046511627907
DILMA;27.77777777777778;5;26.26865671641791
DILMA;31.818181818181817;5;8.955223880597014
DILMA;25.53191489361702;5;31.962025316455698
DILMA;38.01169590643275;5;31.799163179916317
DILMA;26.3681592039801;5;26.545454545454547
DILMA;28.14070351758794;5;22.419928825622776
DILMA;33.72093023255814;5;18.081180811808117
DILMA;21.875;5;21.195652173913043
DILMA;32.47232472324723;5;14.356435643564357
DILMA;36.898395721925134;5;13.91941391941392
DILMA;28.89908256880734;5;19.243986254295532
DILMA;28.063241106719367;5;25.24271844660194
DILMA;32.075471698113205;5;26.484018264840184
DILMA;30.06993006993007;5;21.363636363636363
DILMA;31.213872832369944;5;11.059907834101383
DILMA;32.71375464684015;5;27.272727272727273
DILMA;35.256410256410255;5;6.435643564356436
DILMA;29.26829268292683;5;25.9375
DILMA;31.60919540229885;5;38.604651162790695
DILMA;30.56768558951965;5;13.373860182370821
DILMA;32.857142857142854;5;12.543554006968641
DILMA;33.333333333333336;5;18.309859154929576
DILMA;24.2603550295858;5;25.0
DILMA;36.45320197044335;5;19.784172661870503
DILMA;31.985294117647058;5;30.90909090909091
DILMA;19.02654867256637;5;28.458498023715414
DILMA;40.42553191489362;5;9.567901234567902
DILMA;24.0;5;17.586206896551722
DILMA;24.193548387096776;5;25.185185185185187
DILMA;33.76623376623377;5;22.374429223744293
DILMA;30.76923076923077;5;17.177914110429448
DILMA;33.68983957219251;5;23.949579831932773
DILMA;20.77922077922078;5;20.093457943925234
DILMA;39.698492462311556;5;21.9672131147541
DILMA;31.34328358208955;5;28.51851851851852
DILMA;31.25;5;24.186046511627907
DILMA;28.78048780487805;5;18.43971631205674
DILMA;31.65829145728643;5;22.333333333333332
DILMA;29.661016949152543;5;15.151515151515152
DILMA;38.33865814696485;5;27.540983606557376
DILMA;35.77981651376147;5;26.28205128205128
DILMA;30.97826086956522;5;20.462046204620464
DILMA;27.751196172248804;5;23.859649122807017
DILMA;27.61904761904762;5;27.464788732394368
DILMA;41.1522633744856;5;18.373493975903614
DILMA;27.54491017964072;5;21.21212121212121
DILMA;41.58878504672897;5;16.610169491525422
DILMA;22.65193370165746;5;30.837004405286343
DILMA;31.048387096774192;5;20.70063694267516
DILMA;40.449438202247194;5;19.166666666666668
DILMA;37.7906976744186;5;26.637554585152838
DILMA;37.6425855513308;5;15.488215488215488
DILMA;28.7292817679558;5;24.137931034482758
DILMA;31.754874651810585;5;25.57603686635945
DILMA;32.520325203252035;5;22.5181598062954
DILMA;38.125;5;30.245231607629428
DILMA;28.37465564738292;5;25.679012345679013
DILMA;31.89873417721519;5;19.954648526077097
DILMA;30.693069306930692;5;18.502202643171806
DILMA;31.33903133903134;5;25.19083969465649
DILMA;35.59322033898305;5;22.8643216080402
DILMA;39.26553672316384;5;26.817042606516292
DILMA;28.426395939086294;5;17.391304347826086
DILMA;33.97790055248619;5;29.473684210526315
DILMA;30.339805825242717;5;30.32967032967033
DILMA;37.97909407665505;5;29.04191616766467
DILMA;40.71146245059288;5;23.78223495702006
DILMA;33.98692810457516;5;20.938628158844764
DILMA;37.54045307443366;5;22.991689750692522
DILMA;32.450331125827816;5;22.471910112359552
DILMA;34.74025974025974;5;22.493224932249323
DILMA;37.85488958990536;5;24.431818181818183
DILMA;27.027027027027028;5;42.97082228116711
DILMA;29.490616621983914;5;44.85294117647059
DILMA;33.61581920903955;5;26.344086021505376
DILMA;30.327868852459016;5;46.996466431095406
DILMA;31.0580204778157;5;45.3416149068323
DILMA;27.94871794871795;5;40.80717488789238
DILMA;27.77777777777778;5;50.54945054945055
DILMA;33.44481605351171;5;43.38028169014085
DILMA;30.386740331491712;5;39.20595533498759
DILMA;29.0625;5;43.13725490196079
DILMA;30.50397877984085;5;46.15384615384615
DILMA;28.88888888888889;5;46.15384615384615
DILMA;30.11049723756906;5;53.65853658536585
DILMA;41.77215189873418;5;21.863799283154123
DILMA;30.362116991643454;5;48.01980198019802
DILMA;39.44223107569721;5;28.08022922636103
DILMA;33.746130030959755;5;40.273972602739725
DILMA;32.020997375328086;5;46.98795180722892
DILMA;25.471698113207548;5;44.32432432432432
DILMA;25.54517133956386;5;48.21917808219178
DILMA;30.061349693251532;5;35.37117903930131
DILMA;34.30962343096234;5;45.195729537366546
DILMA;27.96352583586626;5;41.84782608695652
DILMA;24.022346368715084;5;52.77777777777778
DILMA;28.846153846153847;5;26.760563380281692
DILMA;30.946291560102303;5;44.21768707482993
DILMA;34.394904458598724;5;49.02506963788301
DILMA;28.481012658227847;5;48.61878453038674
DILMA;25.41899441340782;5;38.983050847457626
DILMA;30.158730158730158;5;32.88288288288288
DILMA;30.091185410334347;5;36.011080332409975
DILMA;29.829545454545453;5;47.880299251870326
DILMA;23.68421052631579;5;47.56554307116105
DILMA;27.320954907161802;5;42.622950819672134
DILMA;26.956521739130434;5;28.835978835978835
DILMA;36.36363636363637;5;25.433526011560694
DILMA;23.26139088729017;5;53.43680709534368
DILMA;25.19893899204244;5;46.81372549019608
DILMA;27.49003984063745;5;44.40559440559441
DILMA;28.1524926686217;5;41.86666666666667
DILMA;26.29757785467128;5;35.39823008849557
DILMA;29.051987767584098;5;49.157303370786515
DILMA;27.659574468085108;5;46.056782334384856
DILMA;33.098591549295776;5;45.337620578778136
DILMA;30.232558139534884;5;15.424164524421593
DILMA;26.96969696969697;5;43.08943089430894
DILMA;31.793478260869566;5;36.93693693693694
DILMA;43.624161073825505;5;39.94169096209912
DILMA;27.464788732394368;5;23.14814814814815
DILMA;30.21390374331551;5;35.34675615212528
DILMA;44.78764478764479;5;39.14373088685015
DILMA;31.27147766323024;5;53.333333333333336
DILMA;28.68217054263566;5;45.32871972318339
DILMA;28.402366863905325;5;50.656167979002625
DILMA;27.094972067039105;5;19.487179487179485
DILMA;18.181818181818183;5;30.0
DILMA;28.735632183908045;5;52.69607843137255
DILMA;30.071599045346062;5;46.73913043478261
DILMA;26.271186440677965;5;46.482412060301506
DILMA;30.252100840336134;5;56.015037593984964
DILMA;28.64864864864865;5;45.54216867469879
DILMA;24.65753424657534;5;50.717703349282296
DILMA;26.5625;5;42.78959810874704
DILMA;32.30088495575221;5;57.00934579439252
DILMA;21.904761904761905;5;42.57703081232493
DILMA;31.444759206798867;5;21.410579345088163
DILMA;24.860335195530727;5;23.284313725490197
DILMA;28.484848484848484;5;33.6986301369863
DILMA;40.476190476190474;5;28.36676217765043
DILMA;23.40966921119593;5;30.425055928411634
DILMA;26.31578947368421;5;33.333333333333336
DILMA;28.289473684210527;5;28.611898016997166
DILMA;33.333333333333336;5;32.84132841328413
DILMA;28.02547770700637;5;21.35135135135135
DILMA;26.944444444444443;5;22.14111922141119
DILMA;31.76795580110497;5;19.11764705882353
DILMA;36.33879781420765;5;18.65671641791045
DILMA;26.79045092838196;5;24.455205811138015
DILMA;35.79335793357934;5;15.548780487804878
DILMA;30.87719298245614;5;20.88235294117647
DILMA;27.67295597484277;5;17.56373937677054
DILMA;30.73394495412844;5;25.78125
DILMA;26.589595375722542;5;11.568123393316196
DILMA;32.82674772036474;5;23.369565217391305
DILMA;26.373626373626372;5;19.221411192214113
DILMA;30.65015479876161;5;19.72972972972973
DILMA;26.486486486486488;5;20.04889975550122
DILMA;39.84375;5;12.92517006802721
DILMA;26.555023923444978;5;22.7765726681128
DILMA;39.583333333333336;5;22.635135135135137
DILMA;26.74897119341564;5;23.270440251572328
DILMA;35.07462686567164;5;22.832369942196532
DILMA;25.280898876404493;5;26.419753086419753
DILMA;26.005361930294907;5;19.18465227817746
DILMA;21.823204419889503;5;19.194312796208532
DILMA;27.565982404692082;5;15.71072319201995
DILMA;30.198019801980198;5;19.91247264770241
DILMA;35.416666666666664;5;20.234604105571847
DILMA;28.32369942196532;5;23.29113924050633
DILMA;31.90661478599222;5;18.75
DILMA;27.100271002710027;5;12.590799031476998
DILMA;29.156010230179028;5;18.973214285714285
DILMA;34.146341463414636;5;23.510971786833856
DILMA;47.19626168224299;5;27.177700348432055
DILMA;25.333333333333332;5;22.144522144522146
DILMA;25.87719298245614;5;26.217228464419474
DILMA;27.87878787878788;5;17.119565217391305
DILMA;35.01483679525222;5;19.78319783197832
DILMA;24.019607843137255;5;16.88034188034188
DILMA;31.024930747922436;5;22.660098522167488
DILMA;28.136882129277566;5;20.70175438596491
DILMA;29.285714285714285;5;18.670886075949365
DILMA;24.2603550295858;5;24.189526184538654
DILMA;25.475285171102662;5;16.938110749185668
DILMA;27.530364372469634;5;26.41509433962264
DILMA;29.551451187335093;5;28.205128205128204
DILMA;29.62962962962963;5;15.48223350253807
DILMA;31.141868512110726;5;16.617210682492583
DILMA;34.166666666666664;5;23.40909090909091
DILMA;29.281767955801104;5;22.469135802469136
DILMA;44.966442953020135;5;21.686746987951807
DILMA;25.0;5;13.526570048309178
DILMA;28.862973760932945;5;18.02030456852792
DILMA;30.201342281879196;5;19.67654986522911
DILMA;24.48377581120944;5;19.457013574660632
DILMA;32.19178082191781;5;21.890547263681594
DILMA;29.081632653061224;5;22.294372294372295
DILMA;29.855072463768117;5;26.17801047120419
DILMA;26.345609065155806;5;28.88888888888889
DILMA;32.323232323232325;5;21.25984251968504
DILMA;31.802120141342755;5;20.73490813648294
DILMA;45.45454545454545;5;20.61855670103093
DILMA;30.612244897959183;5;20.75
DILMA;26.08695652173913;5;23.56020942408377
DILMA;29.41176470588235;5;21.97530864197531
DILMA;34.95145631067961;5;21.05263157894737
DILMA;33.56643356643357;5;25.609756097560975
DILMA;29.41176470588235;5;17.482517482517483
DILMA;29.347826086956523;5;34.22330097087379
DILMA;28.41823056300268;5;22.505307855626327
DILMA;31.80327868852459;5;17.098445595854923
DILMA;28.306878306878307;5;21.0989010989011
DILMA;35.549872122762146;5;22.075055187637968
DILMA;26.834862385321102;5;24.698795180722893
DILMA;32.914572864321606;5;28.80658436213992
DILMA;24.014336917562723;5;27.522935779816514
DILMA;28.571428571428573;5;27.10843373493976
DILMA;43.15068493150685;5;16.08040201005025
DILMA;31.564245810055866;5;24.019607843137255
DILMA;29.12087912087912;5;35.0
DILMA;26.666666666666668;5;27.707808564231737
DILMA;40.35087719298246;5;19.083969465648856
DILMA;26.548672566371682;5;28.463476070528966
DILMA;25.0;5;38.25
DILMA;37.5;5;25.53191489361702
DILMA;29.017857142857142;5;24.427480916030536
DILMA;30.618892508143322;5;30.74866310160428
DILMA;24.2603550295858;5;24.937027707808564
DILMA;29.380053908355794;5;25.672371638141808
DILMA;40.94488188976378;5;26.993865030674847
DILMA;24.759615384615383;5;26.961770623742456
DILMA;30.923694779116467;5;23.397435897435898
DILMA;25.666666666666668;5;22.418136020151135
DILMA;28.155339805825243;5;28.125
DILMA;38.26086956521739;5;29.197080291970803
DILMA;26.96629213483146;5;22.435897435897434
DILMA;23.770491803278688;5;29.464285714285715
DILMA;25.0;5;24.409448818897637
DILMA;20.27027027027027;5;26.436781609195403
DILMA;25.0;5;17.105263157894736
DILMA;28.74493927125506;5;27.941176470588236
DILMA;34.49781659388646;5;18.081180811808117
DILMA;32.098765432098766;5;15.625
DILMA;29.65686274509804;5;19.43231441048035
DILMA;33.014354066985646;5;15.384615384615385
DILMA;30.133333333333333;5;23.076923076923077
DILMA;26.73267326732673;5;46.08294930875576
DILMA;28.925619834710744;5;33.98533007334963
DILMA;27.574750830564785;5;22.028985507246375
DILMA;28.571428571428573;5;24.057971014492754
DILMA;30.0;5;24.566473988439306
DILMA;34.21052631578947;5;15.625
DILMA;36.70886075949367;5;28.469750889679716
DILMA;31.645569620253166;5;14.772727272727273
DILMA;26.578073089700997;5;20.809248554913296
DILMA;33.521126760563384;5;21.32132132132132
DILMA;33.16831683168317;5;19.047619047619047
DILMA;29.26829268292683;5;21.304347826086957
DILMA;32.0;5;22.30392156862745
DILMA;31.9672131147541;5;26.746987951807228
DILMA;36.95652173913044;5;22.682926829268293
DILMA;23.391812865497077;5;28.272251308900522
DILMA;32.098765432098766;5;23.783783783783782
DILMA;30.99173553719008;5;26.102941176470587
DILMA;32.01320132013201;5;30.376344086021504
DILMA;33.64779874213836;5;25.268817204301076
DILMA;36.148648648648646;5;29.781420765027324
DILMA;29.207920792079207;5;36.57142857142857
DILMA;29.959514170040485;5;25.72463768115942
DILMA;34.25196850393701;5;28.87323943661972
DILMA;36.60377358490566;5;20.60810810810811
DILMA;31.349206349206348;5;21.554770318021202
DILMA;31.753554502369667;5;9.352517985611511
DILMA;30.76923076923077;5;44.927536231884055
DILMA;27.696793002915452;5;23.75
DILMA;23.59882005899705;5;26.5
DILMA;23.142857142857142;5;22.75
DILMA;34.25076452599389;5;30.11049723756906
DILMA;36.05263157894737;5;16.470588235294116
DILMA;32.08020050125313;5;14.588235294117647
DILMA;31.13456464379947;5;14.918414918414918
DILMA;26.524390243902438;5;33.78016085790885
DILMA;32.68156424581006;5;21.980676328502415
DILMA;25.61307901907357;5;22.195121951219512
DILMA;33.333333333333336;5;25.0
DILMA;26.182965299684543;5;30.45977011494253
DILMA;32.075471698113205;5;11.888111888111888
DILMA;27.81954887218045;5;13.758389261744966
DILMA;27.43682310469314;5;17.704918032786885
DILMA;29.921259842519685;5;20.43010752688172
DILMA;23.015873015873016;5;49.8220640569395
DILMA;36.87707641196013;5;15.522388059701493
DILMA;32.78145695364238;5;18.023255813953487
DILMA;33.798882681564244;5;13.602015113350125
DILMA;30.666666666666668;5;19.23076923076923
DILMA;24.299065420560748;5;32.342007434944236
DILMA;34.72222222222222;5;31.804281345565748
DILMA;31.899641577060933;5;14.906832298136646
DILMA;30.612244897959183;5;14.634146341463415
DILMA;30.508474576271187;5;11.178247734138973
DILMA;24.22145328719723;5;38.557993730407524
DILMA;45.018450184501845;5;21.003134796238246
DILMA;29.971988795518207;5;40.67796610169491
DILMA;27.894736842105264;5;22.544642857142858
DILMA;30.27027027027027;5;26.5625
DILMA;24.427480916030536;5;27.25225225225225
DILMA;38.285714285714285;5;24.786324786324787
DILMA;32.24932249322493;5;19.801980198019802
DILMA;29.30591259640103;5;37.530266343825666
DILMA;28.994082840236686;5;23.872679045092838
DILMA;30.76923076923077;5;20.149253731343283
DILMA;28.611898016997166;5;23.45679012345679
DILMA;27.170868347338935;5;23.373493975903614
DILMA;28.30188679245283;5;11.666666666666666
DILMA;27.86377708978328;5;35.1123595505618
DILMA;30.113636363636363;5;33.65155131264916
DILMA;34.91620111731844;5;23.79862700228833
