3;100609;114967;87.5112
1;82814;95897;86.35724
2;119688;141467;84.60489
15;56178;66537;84.43122
55;63691;75673;84.166084
18;42947;51828;82.86447
22;86079;103880;82.863884
37;10721;13159;81.472755
25;18726;23042;81.26899
16;20213;24957;80.9913
19;28986;35792;80.98458
40;27227;33653;80.90512
29;15911;19686;80.82394
30;12508;15476;80.821915
36;12308;15264;80.63417
17;30969;38429;80.58758
12;8320;10337;80.48757
8;18652;23178;80.47286
28;7125;8854;80.4721
33;9474;11795;80.322174
26;25437;31726;80.17714
34;7226;9019;80.11975
43;19427;24271;80.04202
50;18406;23108;79.65207
10;49394;62060;79.59072
54;158537;199218;79.57966
49;17657;22251;79.35374
7;29348;36990;79.34036
9;28971;36552;79.25968
23;19818;25014;79.22763
5;21100;26643;79.19529
39;16448;20794;79.09974
41;4659;5919;78.71262
32;16986;21628;78.53708
21;37283;47514;78.4674
24;16879;21511;78.46683
53;15397;19627;78.44806
6;21980;28032;78.410385
11;15883;20284;78.30309
31;13855;17722;78.179665
47;16403;20991;78.14301
14;24425;31386;77.82132
52;12826;16486;77.79935
42;14554;18746;77.63789
46;14663;18902;77.5738
35;32945;42538;77.4484
44;23164;29953;77.33449
48;14330;18562;77.20073
13;29764;39031;76.25733
27;28754;37811;76.04665
51;24256;31912;76.009026
20;12013;15838;75.84922
38;11482;15154;75.768776
4;12222;16792;72.78466
45;12858;17871;71.94897
