40;118;159
35;165;158
55;121;205
14;90;128
14;120;148
2;378;51
35;174;159
10;247;54
35;6;105
54;311;11
2;408;154
10;184;196
13;91;183
51;110;31
1;34;198
35;147;11
3;407;44
3;269;149
35;33;150
4;4;30
10;256;116
44;105;1
1;10;162
10;241;62
32;69;165
10;7;166
1;193;103
1;175;155
9;188;3
55;73;206
10;313;3
13;112;11
10;214;150
25;49;99
35;150;9
35;24;123
21;401;21
55;154;141
1;133;200
1;223;175
21;122;88
35;183;37
55;65;197
35;142;174
10;314;14
10;194;90
10;11;176
11;10;73
1;2;155
14;73;86
22;353;127
35;52;164
1;512;165
35;115;159
2;166;196
35;10;136
15;216;66
35;34;10
11;85;29
3;408;23
4;122;57
1;185;144
2;409;39
1;8;170
4;5;30
4;29;22
3;387;36
35;166;144
55;83;206
35;139;176
14;121;24
54;318;12
33;45;53
10;215;135
55;47;201
10;251;197
10;8;85
21;402;1
10;248;55
1;116;181
55;56;199
35;49;164
31;98;4
55;119;207
10;243;53
13;84;184
55;150;137
55;123;207
3;157;133
10;9;91
1;513;85
14;89;63
2;338;60
19;240;2
35;107;162
4;48;12
15;220;22
10;186;195
55;156;138
35;152;164
1;357;199
10;258;99
35;143;12
10;201;98
35;8;136
1;135;200
10;207;146
10;315;31
4;132;25
22;369;130
10;276;42
44;107;2
11;62;125
35;110;173
35;35;9
27;76;177
10;252;139
2;356;104
40;132;140
1;12;148
3;409;18
1;120;164
10;249;58
10;195;84
1;423;245
35;26;82
55;75;209
55;51;199
19;213;132
1;414;143
55;67;188
11;45;74
55;157;135
4;7;50
45;35;36
2;351;56
1;187;146
4;133;2
40;70;156
22;562;20
13;106;184
10;316;1
27;134;162
3;314;150
21;170;75
2;357;179
1;121;147
55;49;199
55;61;189
19;238;3
55;85;207
1;376;176
35;36;11
1;196;147
35;96;164
35;144;12
10;253;195
1;4;143
1;235;147
10;310;2
38;52;18
10;191;84
10;317;2
35;127;160
3;405;55
9;186;6
15;213;52
35;163;139
15;222;56
3;384;81
55;71;190
10;209;91
31;95;74
1;407;234
55;53;201
21;171;72
35;187;194
55;59;189
2;259;100
10;5;167
22;167;123
10;212;196
35;145;139
10;311;3
1;119;183
2;406;1
1;14;202
35;22;160
10;188;196
10;245;75
19;239;7
10;254;238
3;159;115
55;77;208
1;191;102
55;152;139
10;281;83
35;4;83
34;74;77
55;80;209
35;28;158
4;125;14
45;36;45
3;300;148
10;308;1
4;27;64
4;30;28
1;411;184
40;108;155
1;435;229
35;173;137
35;146;124
2;164;192
36;91;33
35;5;83
36;82;83
3;406;61
55;63;189
1;198;147
4;117;47
1;237;148
10;240;55
9;187;5
35;137;174
10;198;197
46;72;9
37;45;111
55;159;149
10;255;109
14;68;87
35;41;175
32;20;167
10;213;110
1;114;151
13;63;253
13;111;182
22;168;117
55;69;189
21;121;90
1;189;154
1;183;147
15;223;43
10;312;131
46;69;323
1;6;176
11;32;148
54;316;2
27;130;165
25;51;114
40;27;151
31;96;74
