144;29685;33415;88.83735
72;41787;47295;88.35395
115;25733;29256;87.95802
143;25983;29743;87.35837
142;30161;34578;87.22598
199;53644;61541;87.16791
113;22661;26056;86.970375
71;37917;43759;86.649605
114;20625;23861;86.43812
74;8368;9691;86.34816
140;19536;22929;85.20215
44;24230;28566;84.82111
120;60997;72437;84.20696
30;31274;37169;84.14001
201;30935;36823;84.009995
183;20866;24856;83.94754
70;27657;32954;83.92608
202;42472;50619;83.90525
221;25118;29950;83.86645
80;28665;34276;83.629944
203;34040;40786;83.460014
246;76340;91472;83.45723
90;38014;45658;83.25813
122;59803;71853;83.22965
128;46856;56310;83.2108
79;72434;87052;83.20774
174;39527;47549;83.12898
91;37571;45212;83.09962
47;67482;81220;83.08545
58;6349;7657;82.917595
37;28592;34527;82.810555
230;45844;55399;82.752396
126;82336;99560;82.69988
158;40835;49397;82.66696
241;49892;60371;82.64233
69;66314;80282;82.60133
31;46551;56376;82.57237
127;70616;85521;82.57153
75;48067;58246;82.524124
194;32135;39010;82.37631
243;47745;57970;82.361565
83;50501;61421;82.22106
94;38107;46366;82.18738
104;72075;87720;82.16484
245;55207;67209;82.14227
157;73093;89068;82.06426
153;60662;73931;82.052185
53;7448;9081;82.0174
32;36322;44319;81.95582
133;53834;65705;81.932884
78;60889;74330;81.91713
234;38904;47498;81.90661
138;85943;104955;81.88557
249;39221;47903;81.87588
25;57089;69735;81.86563
40;23973;29286;81.85822
226;32769;40055;81.81001
250;36185;44233;81.80544
155;65882;80555;81.78512
102;11340;13867;81.77688
132;68920;84316;81.74012
97;9187;11253;81.64045
225;43903;53793;81.61471
151;81895;100378;81.5866
134;32059;39332;81.5087
148;71208;87476;81.4029
105;70630;86810;81.361595
131;35437;43560;81.35216
88;56958;70029;81.33488
84;94504;116192;81.33434
52;18587;22860;81.30796
238;37726;46419;81.27276
82;34109;41980;81.250595
210;35363;43536;81.22703
89;61440;75649;81.2172
56;12131;14937;81.21443
156;56060;69069;81.165215
145;42671;52587;81.14363
65;48731;60085;81.10344
152;78076;96312;81.065704
106;15239;18806;81.032646
129;50491;62319;81.02023
77;27553;34018;80.99535
125;42818;52875;80.97967
150;58034;71689;80.952446
68;42893;53008;80.91798
186;53771;66486;80.87567
76;47555;58801;80.87447
43;15909;19689;80.80146
9;84956;105231;80.732864
237;33439;41426;80.71984
23;43118;53422;80.71207
159;62399;77381;80.63866
154;55805;69206;80.63607
101;13178;16345;80.62405
233;38522;47788;80.61019
64;10669;13244;80.557236
200;34683;43054;80.55698
236;18423;22875;80.537704
182;67344;83655;80.50206
135;52325;65004;80.49505
87;52129;64787;80.46213
187;51258;63712;80.45266
137;47863;59518;80.41769
178;30272;37648;80.40799
93;57420;71446;80.36839
110;68689;85471;80.36527
255;22761;28326;80.35374
55;74191;92378;80.31241
24;50742;63191;80.29941
175;42919;53462;80.27945
244;28389;35377;80.247055
21;45916;57236;80.22224
118;34708;43268;80.216324
235;30490;38075;80.07879
176;38595;48233;80.01783
123;41630;52099;79.90556
188;37106;46438;79.90439
139;55753;69775;79.90398
231;32009;40062;79.89866
136;39377;49290;79.88841
67;34005;42586;79.85019
49;35206;44115;79.80505
103;51176;64140;79.787964
190;35184;44151;79.690155
197;28696;36014;79.68012
86;24813;31146;79.66673
119;61400;77084;79.653366
222;39183;49202;79.63701
34;32896;41334;79.585815
99;30137;37873;79.57384
39;7015;8816;79.571236
54;24807;31181;79.55807
66;29886;37585;79.51576
220;33425;42048;79.492485
36;39715;49977;79.46655
61;13044;16422;79.43003
167;56387;71005;79.41272
172;18401;23175;79.400215
141;17321;21816;79.39586
48;35011;44100;79.39002
161;66030;83293;79.27437
28;26473;33403;79.25336
180;67606;85333;79.22609
232;26248;33139;79.20577
177;38048;48088;79.12161
13;46683;59011;79.10898
216;33631;42517;79.10013
22;52368;66205;79.09977
217;39694;50233;79.01977
219;49273;62369;79.00239
98;42277;53515;79.00028
207;23540;29799;78.99594
124;25627;32445;78.98598
193;31443;39813;78.976715
209;28551;36172;78.93122
42;16740;21223;78.87669
33;6582;8348;78.84523
189;36389;46155;78.840866
149;29832;37849;78.81847
196;12227;15513;78.817764
11;34505;43822;78.73899
242;52712;67106;78.550354
168;31395;39974;78.53855
8;40218;51214;78.52931
108;11682;14878;78.518616
95;22410;28544;78.51037
195;53298;67924;78.46711
179;91017;116027;78.44467
81;28358;36151;78.4432
41;22837;29116;78.43454
100;28283;36075;78.40055
147;48410;61748;78.3993
160;33984;43354;78.38723
218;43215;55132;78.384605
116;47193;60234;78.349434
191;45244;57751;78.34323
12;17492;22347;78.27449
107;63478;81161;78.21244
111;45288;57905;78.21086
96;57114;73070;78.16341
162;34281;43863;78.15471
50;22299;28541;78.12971
192;50724;64956;78.08978
85;31732;40655;78.0519
46;27848;35699;78.00779
121;24545;31470;77.99492
14;28285;36297;77.92655
198;44036;56535;77.89157
169;40532;52047;77.87576
29;46331;59529;77.82929
59;46252;59445;77.80637
63;13257;17059;77.71265
15;27321;35169;77.68489
20;36163;46556;77.676346
2;38184;49180;77.64132
92;70422;90883;77.486435
38;43854;56605;77.473724
27;34014;43921;77.44359
256;51821;66937;77.41757
215;31455;40638;77.40292
173;28785;37190;77.39984
26;49293;63776;77.29083
185;46361;60031;77.22843
170;41651;53933;77.2273
227;33764;43724;77.22075
240;34590;44816;77.18226
117;36883;47793;77.172386
57;20536;26625;77.130516
51;13009;16875;77.09037
214;38619;50102;77.08076
10;41165;53438;77.033195
254;53239;69150;76.9906
73;5422;7045;76.96239
211;56825;74006;76.78432
19;38599;50315;76.7147
6;24661;32188;76.61551
181;16104;21030;76.57632
109;62567;81770;76.51584
208;22582;29563;76.386024
62;46834;61356;76.33157
171;31976;41907;76.30229
229;45094;59259;76.09646
4;37647;49523;76.019226
146;20473;26933;76.01456
184;60783;80067;75.91517
213;33790;44541;75.862686
60;5701;7526;75.75073
7;55025;72652;75.73776
112;16726;22152;75.5056
212;19803;26253;75.43138
228;19618;26208;74.855
35;22525;30194;74.600914
16;37453;50253;74.528885
164;23937;32128;74.505104
166;26710;36011;74.17178
17;37154;50229;73.96922
45;10310;14000;73.64286
130;26165;35844;72.99687
165;21232;29193;72.72977
3;31057;42713;72.710884
252;32852;45477;72.238716
163;32623;45273;72.0584
204;26485;36983;71.61398
206;24660;34580;71.3129
5;25665;36535;70.24771
205;21738;31513;68.98106
18;21161;30786;68.73579
1;19514;28849;67.64186
