EYMAEL;0.6451612903225806;4;5.7057057057057055
EYMAEL;0.3448275862068966;4;8.201892744479496
EYMAEL;0.2958579881656805;4;9.470752089136491
EYMAEL;0.3412969283276451;4;6.5625
EYMAEL;0.2808988764044944;4;6.947890818858561
EYMAEL;0.26881720430107525;4;4.433497536945813
EYMAEL;0.5434782608695652;4;8.771929824561404
EYMAEL;0.2717391304347826;4;6.699751861042183
EYMAEL;0.2702702702702703;4;7.980049875311721
EYMAEL;0.2680965147453083;4;5.665024630541872
EYMAEL;0.2785515320334262;4;6.8354430379746836
EYMAEL;0.2898550724637681;4;3.287671232876712
EYMAEL;0.8875739644970414;4;1.9337016574585635
EYMAEL;0.33112582781456956;4;2.6785714285714284
EYMAEL;0.33003300330033003;4;2.9940119760479043
EYMAEL;0.823045267489712;4;4.942965779467681
EYMAEL;0.25252525252525254;4;9.51276102088167
EYMAEL;0.24630541871921183;4;9.297052154195011
EYMAEL;0.373134328358209;4;5.673758865248227
EYMAEL;0.5405405405405406;4;8.040201005025125
EYMAEL;0.29239766081871343;4;8.762886597938145
EYMAEL;0.25773195876288657;4;6.888361045130641
EYMAEL;0.3508771929824561;4;5.3125
EYMAEL;0.5;4;9.750566893424036
EYMAEL;0.33557046979865773;4;7.763975155279503
EYMAEL;0.2958579881656805;4;2.459016393442623
EYMAEL;0.32362459546925565;4;7.878787878787879
EYMAEL;0.847457627118644;4;4.526748971193416
EYMAEL;0.27472527472527475;4;6.6157760814249365
EYMAEL;0.36900369003690037;4;5.1020408163265305
EYMAEL;0.40816326530612246;4;2.7027027027027026
EYMAEL;0.28901734104046245;4;9.210526315789474
EYMAEL;0.28169014084507044;4;3.723404255319149
EYMAEL;0.25906735751295334;4;4.805491990846682
EYMAEL;0.27548209366391185;4;8.854166666666666
EYMAEL;0.49504950495049505;4;7.322654462242563
EYMAEL;0.24691358024691357;4;6.651376146788991
EYMAEL;0.2557544757033248;4;5.504587155963303
EYMAEL;0.2506265664160401;4;4.128440366972477
EYMAEL;0.2347417840375587;4;8.370044052863436
EYMAEL;0.2506265664160401;4;5.133928571428571
EYMAEL;0.25773195876288657;4;4.5673076923076925
EYMAEL;0.24449877750611246;4;13.09255079006772
EYMAEL;0.26109660574412535;4;9.808612440191387
EYMAEL;0.22727272727272727;4;34.130434782608695
EYMAEL;0.26246719160104987;4;18.475750577367204
EYMAEL;0.28901734104046245;4;34.87738419618529
EYMAEL;0.24154589371980675;4;39.31818181818182
EYMAEL;0.2544529262086514;4;23.732718894009217
EYMAEL;0.2597402597402597;4;34.77272727272727
EYMAEL;0.5012531328320802;4;8.352668213457077
EYMAEL;0.22522522522522523;4;40.63157894736842
EYMAEL;0.26109660574412535;4;23.294117647058822
EYMAEL;0.5012531328320802;4;24.565217391304348
EYMAEL;0.21551724137931033;4;6.275303643724697
EYMAEL;0.4819277108433735;4;7.014028056112225
EYMAEL;0.2403846153846154;4;5.811623246492986
EYMAEL;0.2898550724637681;4;8.533333333333333
EYMAEL;0.2840909090909091;4;9.30232558139535
EYMAEL;0.37174721189591076;4;2.9220779220779223
EYMAEL;0.33783783783783783;4;4.416403785488959
EYMAEL;0.3003003003003003;4;8.152173913043478
EYMAEL;0.30120481927710846;4;7.734806629834254
EYMAEL;0.40816326530612246;4;5.555555555555555
EYMAEL;0.28169014084507044;4;8.291457286432161
EYMAEL;0.32894736842105265;4;11.314984709480122
EYMAEL;0.5102040816326531;4;5.045871559633028
EYMAEL;0.26525198938992045;4;6.382978723404255
EYMAEL;0.3831417624521073;4;10.915492957746478
EYMAEL;0.9345794392523364;4;11.475409836065573
EYMAEL;0.3787878787878788;4;7.166123778501628
EYMAEL;0.33112582781456956;4;4.594594594594595
EYMAEL;0.35842293906810035;4;8.282208588957054
EYMAEL;0.6060606060606061;4;5.555555555555555
EYMAEL;0.5434782608695652;4;12.121212121212121
EYMAEL;0.37593984962406013;4;13.544668587896254
EYMAEL;0.31545741324921134;4;4.371584699453552
EYMAEL;0.43478260869565216;4;7.042253521126761
EYMAEL;0.3816793893129771;4;19.02173913043478
EYMAEL;0.36363636363636365;4;9.289617486338798
EYMAEL;0.36900369003690037;4;10.362694300518134
EYMAEL;0.7874015748031497;4;13.609467455621301
EYMAEL;0.5714285714285714;4;17.28395061728395
EYMAEL;0.9900990099009901;4;8.333333333333334
EYMAEL;0.5434782608695652;4;9.090909090909092
EYMAEL;0.5813953488372093;4;6.2015503875969
EYMAEL;0.5263157894736842;4;3.8314176245210727
EYMAEL;0.36363636363636365;4;5.181347150259067
EYMAEL;0.3861003861003861;4;7.210031347962382
EYMAEL;1.6304347826086956;4;22.448979591836736
EYMAEL;0.3460207612456747;4;24.119241192411923
EYMAEL;0.5128205128205128;4;4.545454545454546
EYMAEL;0.6369426751592356;4;6.084656084656085
EYMAEL;0.33003300330033003;4;6.561679790026247
EYMAEL;0.625;4;12.5
EYMAEL;0.7633587786259542;4;15.151515151515152
EYMAEL;0.33003300330033003;4;6.068601583113456
EYMAEL;0.37174721189591076;4;8.64864864864865
EYMAEL;1.8181818181818181;4;22.058823529411764
EYMAEL;0.4032258064516129;4;11.986301369863014
EYMAEL;0.32362459546925565;4;10.079575596816976
EYMAEL;0.2881844380403458;4;4.072398190045249
EYMAEL;0.4424778761061947;4;0.6802721088435374
EYMAEL;0.7142857142857143;4;10.979228486646884
EYMAEL;0.38910505836575876;4;13.77245508982036
EYMAEL;0.33557046979865773;4;14.029850746268657
EYMAEL;0.45248868778280543;4;16.319444444444443
EYMAEL;0.7874015748031497;4;5.864197530864198
EYMAEL;0.36764705882352944;4;10.174418604651162
EYMAEL;0.3003003003003003;4;13.49862258953168
EYMAEL;0.35842293906810035;4;11.014492753623188
EYMAEL;0.3184713375796178;4;10.079575596816976
EYMAEL;0.26455026455026454;4;8.695652173913043
EYMAEL;0.38022813688212925;4;8.333333333333334
EYMAEL;0.5319148936170213;4;1.0309278350515463
EYMAEL;0.352112676056338;4;6.542056074766355
EYMAEL;0.25906735751295334;4;2.7906976744186047
EYMAEL;0.33003300330033003;4;9.146341463414634
EYMAEL;0.7194244604316546;4;0.9900990099009901
EYMAEL;0.38910505836575876;4;2.0833333333333335
EYMAEL;0.25773195876288657;4;8.275862068965518
EYMAEL;0.42016806722689076;4;3.076923076923077
EYMAEL;0.36764705882352944;4;6.312292358803987
EYMAEL;0.373134328358209;4;8.080808080808081
EYMAEL;0.3115264797507788;4;9.705882352941176
EYMAEL;0.3105590062111801;4;3.7735849056603774
EYMAEL;0.3367003367003367;4;12.396694214876034
EYMAEL;0.6451612903225806;4;20.481927710843372
EYMAEL;0.35842293906810035;4;10.40268456375839
EYMAEL;0.3508771929824561;4;6.862745098039215
EYMAEL;0.37174721189591076;4;3.767123287671233
EYMAEL;0.2597402597402597;4;5.47945205479452
EYMAEL;0.35335689045936397;4;13.907284768211921
EYMAEL;0.5167958656330749;4;4.587155963302752
EYMAEL;0.28735632183908044;4;2.1739130434782608
EYMAEL;0.33112582781456956;4;5.214723926380368
EYMAEL;0.3472222222222222;4;8.280254777070065
EYMAEL;0.352112676056338;4;7.619047619047619
EYMAEL;0.5181347150259067;4;7.6923076923076925
EYMAEL;0.7220216606498195;4;5.016722408026756
EYMAEL;0.3246753246753247;4;7.2507552870090635
EYMAEL;0.3472222222222222;4;9.815950920245399
EYMAEL;0.23923444976076555;4;7.889125799573561
EYMAEL;0.26455026455026454;4;11.842105263157896
EYMAEL;0.4032258064516129;4;0.7751937984496124
EYMAEL;0.823045267489712;4;6.985294117647059
EYMAEL;0.8097165991902834;4;4.676258992805756
EYMAEL;0.5181347150259067;4;5.924170616113744
EYMAEL;0.2597402597402597;4;10.138248847926267
EYMAEL;0.2564102564102564;4;9.36768149882904
EYMAEL;0.2958579881656805;4;8.672086720867208
EYMAEL;0.303951367781155;4;6.887052341597796
EYMAEL;0.33783783783783783;4;12.804878048780488
EYMAEL;0.7407407407407407;4;7.718120805369128
EYMAEL;0.35842293906810035;4;7.094594594594595
EYMAEL;0.37174721189591076;4;5.1020408163265305
EYMAEL;0.24813895781637718;4;6.392694063926941
EYMAEL;0.24937655860349128;4;6.944444444444445
EYMAEL;0.3225806451612903;4;7.988165680473373
EYMAEL;0.32679738562091504;4;9.253731343283581
EYMAEL;0.6369426751592356;4;5.232558139534884
EYMAEL;0.29673590504451036;4;2.1164021164021163
EYMAEL;0.5586592178770949;4;6.153846153846154
EYMAEL;0.28653295128939826;4;0.7874015748031497
EYMAEL;0.37735849056603776;4;8.16326530612245
EYMAEL;0.37037037037037035;4;8.843537414965986
EYMAEL;0.36496350364963503;4;9.01639344262295
EYMAEL;0.8547008547008547;4;7.142857142857143
EYMAEL;0.33003300330033003;4;11.497326203208557
EYMAEL;0.3861003861003861;4;7.967032967032967
EYMAEL;0.46296296296296297;4;10.64638783269962
EYMAEL;0.44642857142857145;4;3.488372093023256
EYMAEL;0.33783783783783783;4;6.005221932114883
EYMAEL;0.5319148936170213;4;1.3157894736842106
EYMAEL;0.32894736842105265;4;5.597964376590331
EYMAEL;0.4032258064516129;4;9.35672514619883
EYMAEL;0.49261083743842365;4;2.962962962962963
EYMAEL;0.303951367781155;4;4.774535809018568
EYMAEL;0.4329004329004329;4;7.287449392712551
EYMAEL;0.36764705882352944;4;10.0
EYMAEL;0.31645569620253167;4;11.890243902439025
EYMAEL;0.32894736842105265;4;7.430340557275541
EYMAEL;0.45454545454545453;4;9.322033898305085
EYMAEL;0.33783783783783783;4;8.012820512820513
EYMAEL;0.46296296296296297;4;8.936170212765957
EYMAEL;0.2958579881656805;4;7.909604519774011
EYMAEL;0.37593984962406013;4;13.261648745519713
EYMAEL;0.32894736842105265;4;5.555555555555555
EYMAEL;0.8955223880597015;4;25.36873156342183
EYMAEL;0.5154639175257731;4;10.55045871559633
EYMAEL;0.4975124378109453;4;4.924242424242424
EYMAEL;0.5714285714285714;4;11.155378486055778
EYMAEL;0.41841004184100417;4;9.63172804532578
EYMAEL;0.6329113924050633;4;10.232558139534884
EYMAEL;0.9090909090909091;4;11.805555555555555
EYMAEL;0.4132231404958678;4;5.555555555555555
EYMAEL;0.37453183520599254;4;4.7091412742382275
EYMAEL;0.37037037037037035;4;12.637362637362637
EYMAEL;0.5347593582887701;4;7.43801652892562
EYMAEL;0.34965034965034963;4;10.240963855421686
EYMAEL;0.4219409282700422;4;3.7288135593220337
EYMAEL;0.4672897196261682;4;6.159420289855072
EYMAEL;0.3389830508474576;4;15.053763440860216
EYMAEL;0.33783783783783783;4;8.093994778067884
EYMAEL;0.33222591362126247;4;6.7073170731707314
EYMAEL;0.44052863436123346;4;13.50210970464135
EYMAEL;0.36101083032490977;4;6.58307210031348
EYMAEL;0.3257328990228013;4;6.470588235294118
EYMAEL;0.4484304932735426;4;6.2761506276150625
EYMAEL;0.6451612903225806;4;3.801169590643275
EYMAEL;0.3215434083601286;4;7.624633431085044
EYMAEL;0.33112582781456956;4;10.434782608695652
EYMAEL;0.38022813688212925;4;6.462585034013605
EYMAEL;0.3246753246753247;4;7.826086956521739
EYMAEL;0.3448275862068966;4;14.589665653495441
EYMAEL;0.37037037037037035;4;5.084745762711864
EYMAEL;0.30959752321981426;4;15.74585635359116
EYMAEL;0.3184713375796178;4;15.18624641833811
EYMAEL;0.3105590062111801;4;30.346820809248555
EYMAEL;0.31545741324921134;4;14.005602240896359
EYMAEL;0.425531914893617;4;3.345724907063197
EYMAEL;0.32362459546925565;4;24.216524216524217
EYMAEL;0.33557046979865773;4;31.123919308357348
EYMAEL;0.3225806451612903;4;8.719346049046322
EYMAEL;0.2881844380403458;4;5.527638190954774
EYMAEL;0.31545741324921134;4;11.078717201166182
EYMAEL;0.3424657534246575;4;6.3444108761329305
EYMAEL;0.37735849056603776;4;5.762711864406779
EYMAEL;0.4830917874396135;4;4.424778761061947
EYMAEL;0.3508771929824561;4;6.41399416909621
EYMAEL;0.8130081300813008;4;15.517241379310345
EYMAEL;0.5649717514124294;4;9.95260663507109
EYMAEL;0.37735849056603776;4;15.340909090909092
EYMAEL;0.4878048780487805;4;8.058608058608058
EYMAEL;0.4784688995215311;4;7.662835249042145
EYMAEL;0.3184713375796178;4;8.418367346938776
EYMAEL;0.33112582781456956;4;5.277777777777778
EYMAEL;0.32679738562091504;4;21.78477690288714
EYMAEL;0.3333333333333333;4;9.115281501340483
EYMAEL;0.3115264797507788;4;12.090680100755668
EYMAEL;0.4807692307692308;4;4.583333333333333
EYMAEL;0.5319148936170213;4;9.178743961352657
EYMAEL;0.32786885245901637;4;11.2094395280236
EYMAEL;0.4424778761061947;4;1.8248175182481752
EYMAEL;0.78125;4;17.682926829268293
EYMAEL;0.7722007722007722;4;3.5502958579881656
EYMAEL;0.373134328358209;4;7.100591715976331
EYMAEL;0.37174721189591076;4;10.650887573964496
EYMAEL;1.5873015873015872;4;9.655172413793103
EYMAEL;0.4132231404958678;4;2.4054982817869415
EYMAEL;0.36900369003690037;4;17.82477341389728
EYMAEL;0.5586592178770949;4;0.9009009009009009
EYMAEL;0.5524861878453039;4;22.624434389140273
EYMAEL;1.7964071856287425;4;31.16883116883117
EYMAEL;2.097902097902098;4;21.0
EYMAEL;1.5384615384615385;4;9.310344827586206
EYMAEL;0.8733624454148472;4;10.932475884244372
EYMAEL;0.6756756756756757;4;5.597964376590331
EYMAEL;0.4032258064516129;4;4.545454545454546
EYMAEL;0.4291845493562232;4;11.272727272727273
EYMAEL;0.5102040816326531;4;26.666666666666668
EYMAEL;0.4329004329004329;4;13.402061855670103
EYMAEL;0.3546099290780142;4;9.826589595375722
EYMAEL;0.37593984962406013;4;23.170731707317074
EYMAEL;0.5376344086021505;4;5.109489051094891
EYMAEL;0.44052863436123346;4;9.666666666666666
EYMAEL;0.7722007722007722;4;7.60233918128655
EYMAEL;1.0101010101010102;4;3.3962264150943398
EYMAEL;0.5;4;4.83271375464684
EYMAEL;0.3003003003003003;4;8.85608856088561
EYMAEL;0.3424657534246575;4;12.345679012345679
EYMAEL;0.425531914893617;4;8.143322475570033
EYMAEL;1.4492753623188406;4;11.258278145695364
EYMAEL;0.44052863436123346;4;34.5679012345679
EYMAEL;1.0;4;40.46692607003891
EYMAEL;0.33557046979865773;4;5.81039755351682
EYMAEL;0.4807692307692308;4;3.0172413793103448
EYMAEL;0.4807692307692308;4;2.4096385542168677
EYMAEL;0.3937007874015748;4;8.152173913043478
EYMAEL;0.3861003861003861;4;4.970760233918129
EYMAEL;0.4132231404958678;4;10.588235294117647
EYMAEL;0.3875968992248062;4;9.970674486803519
EYMAEL;0.46511627906976744;4;8.4375
EYMAEL;0.4694835680751174;4;10.33210332103321
EYMAEL;0.3546099290780142;4;5.294117647058823
EYMAEL;0.5988023952095808;4;8.808290155440414
EYMAEL;0.411522633744856;4;10.35598705501618
EYMAEL;0.5524861878453039;4;4.824561403508772
EYMAEL;0.5586592178770949;4;8.791208791208792
EYMAEL;0.4219409282700422;4;10.759493670886076
EYMAEL;0.43478260869565216;4;5.929919137466308
EYMAEL;0.6329113924050633;4;15.384615384615385
EYMAEL;0.9345794392523364;4;5.508474576271187
EYMAEL;0.4672897196261682;4;7.327586206896552
EYMAEL;0.36900369003690037;4;4.518072289156627
EYMAEL;0.4032258064516129;4;9.226190476190476
EYMAEL;0.44052863436123346;4;0.9933774834437086
EYMAEL;0.49019607843137253;4;5.39568345323741
EYMAEL;0.3787878787878788;4;9.50920245398773
EYMAEL;0.4608294930875576;4;1.607717041800643
EYMAEL;0.3937007874015748;4;7.739938080495356
EYMAEL;0.37593984962406013;4;10.0
EYMAEL;0.28328611898017;4;11.377245508982035
EYMAEL;0.37037037037037035;4;7.945205479452055
EYMAEL;0.352112676056338;4;9.340659340659341
EYMAEL;0.6024096385542169;4;5.785123966942149
EYMAEL;0.5208333333333334;4;0.4424778761061947
EYMAEL;0.28169014084507044;4;5.289672544080605
EYMAEL;0.5128205128205128;4;14.741035856573705
EYMAEL;0.4975124378109453;4;10.830324909747292
EYMAEL;0.4854368932038835;4;6.719367588932807
EYMAEL;0.35714285714285715;4;12.707182320441989
EYMAEL;0.3508771929824561;4;13.881748071979434
EYMAEL;0.42016806722689076;4;7.831325301204819
EYMAEL;0.7662835249042146;4;4.848484848484849
EYMAEL;0.5952380952380952;4;1.0256410256410255
EYMAEL;0.45662100456621;4;6.270627062706271
EYMAEL;0.5405405405405406;4;8.661417322834646
EYMAEL;0.5291005291005291;4;3.7037037037037037
EYMAEL;0.625;4;8.16326530612245
EYMAEL;0.7299270072992701;4;4.605263157894737
EYMAEL;0.3367003367003367;4;6.798866855524079
EYMAEL;0.35714285714285715;4;15.10989010989011
EYMAEL;0.3105590062111801;4;14.57286432160804
EYMAEL;0.373134328358209;4;7.180851063829787
EYMAEL;0.46296296296296297;4;11.693548387096774
EYMAEL;0.3225806451612903;4;12.793733681462141
EYMAEL;0.3508771929824561;4;10.0
EYMAEL;0.4484304932735426;4;1.9841269841269842
EYMAEL;0.37174721189591076;4;8.722741433021806
EYMAEL;0.44642857142857145;4;9.580838323353293
EYMAEL;0.47619047619047616;4;2.158273381294964
EYMAEL;0.3816793893129771;4;7.331378299120234
EYMAEL;0.49504950495049505;4;18.38235294117647
EYMAEL;0.352112676056338;4;1.7857142857142858
EYMAEL;0.3105590062111801;4;7.253886010362694
EYMAEL;0.29069767441860467;4;8.150470219435737
EYMAEL;0.49504950495049505;4;7.553956834532374
EYMAEL;0.847457627118644;4;15.36144578313253
EYMAEL;0.373134328358209;4;14.673913043478262
EYMAEL;0.5780346820809249;4;6.870229007633588
EYMAEL;0.5617977528089888;4;9.541984732824428
EYMAEL;0.3105590062111801;4;16.990291262135923
EYMAEL;0.3546099290780142;4;15.027322404371585
EYMAEL;0.8849557522123894;4;7.986111111111111
EYMAEL;0.5319148936170213;4;8.171206225680933
EYMAEL;0.36363636363636365;4;6.70391061452514
EYMAEL;0.36900369003690037;4;6.70391061452514
EYMAEL;0.34965034965034963;4;8.146067415730338
EYMAEL;0.591715976331361;4;11.057692307692308
EYMAEL;0.36764705882352944;4;9.192200557103064
EYMAEL;0.42016806722689076;4;13.636363636363637
EYMAEL;0.3831417624521073;4;12.131147540983607
EYMAEL;0.3436426116838488;4;11.627906976744185
EYMAEL;0.3460207612456747;4;9.144542772861357
EYMAEL;0.7017543859649122;4;5.539358600583091
EYMAEL;0.3048780487804878;4;4.702194357366771
EYMAEL;0.34843205574912894;4;6.906906906906907
EYMAEL;0.31446540880503143;4;7.792207792207792
EYMAEL;0.4878048780487805;4;9.813084112149532
EYMAEL;0.2932551319648094;4;6.206896551724138
EYMAEL;0.3115264797507788;4;34.946236559139784
EYMAEL;0.425531914893617;4;8.914728682170542
EYMAEL;0.45662100456621;4;17.578125
EYMAEL;0.5063291139240507;4;41.68564920273349
EYMAEL;0.3831417624521073;4;4.964539007092198
EYMAEL;0.38461538461538464;4;3.237410071942446
EYMAEL;0.7272727272727273;4;5.084745762711864
EYMAEL;0.3389830508474576;4;3.8461538461538463
EYMAEL;0.6688963210702341;4;5.029585798816568
EYMAEL;0.37735849056603776;4;6.896551724137931
EYMAEL;0.34843205574912894;4;6.862745098039215
EYMAEL;0.6825938566552902;4;5.357142857142857
EYMAEL;0.2506265664160401;4;18.594104308390023
EYMAEL;0.26455026455026454;4;35.76470588235294
EYMAEL;0.47619047619047616;4;7.276507276507276
EYMAEL;0.49504950495049505;4;33.18181818181818
EYMAEL;0.25316455696202533;4;7.02576112412178
EYMAEL;0.2570694087403599;4;12.528473804100228
EYMAEL;0.24390243902439024;4;5.052631578947368
EYMAEL;0.26455026455026454;4;6.682577565632458
EYMAEL;0.25316455696202533;4;27.68878718535469
EYMAEL;0.25839793281653745;4;12.470588235294118
EYMAEL;0.27932960893854747;4;8.872901678657074
EYMAEL;0.25510204081632654;4;5.111111111111111
EYMAEL;0.7614213197969543;4;5.668934240362812
EYMAEL;0.6578947368421053;4;5.654761904761905
EYMAEL;0.2570694087403599;4;42.5
EYMAEL;0.22988505747126436;4;10.337552742616033
EYMAEL;0.3546099290780142;4;8.910891089108912
EYMAEL;0.30959752321981426;4;52.16138328530259
EYMAEL;0.25252525252525254;4;10.344827586206897
EYMAEL;0.2631578947368421;4;18.262806236080177
EYMAEL;0.24330900243309003;4;19.264069264069263
EYMAEL;0.273224043715847;4;6.25
EYMAEL;0.2638522427440633;4;8.017817371937639
EYMAEL;0.33557046979865773;4;6.811145510835913
EYMAEL;0.25839793281653745;4;9.006928406466512
EYMAEL;0.2617801047120419;4;32.638888888888886
EYMAEL;0.411522633744856;4;8.13953488372093
EYMAEL;0.24096385542168675;4;5.2521008403361344
EYMAEL;1.048951048951049;4;12.828947368421053
EYMAEL;0.34843205574912894;4;1.9230769230769231
EYMAEL;0.5076142131979695;4;29.195402298850574
EYMAEL;0.22935779816513763;4;4.0
EYMAEL;0.22624434389140272;4;2.4096385542168677
EYMAEL;0.22371364653243847;4;4.444444444444445
EYMAEL;0.4618937644341801;4;5.811623246492986
EYMAEL;0.5154639175257731;4;6.854838709677419
EYMAEL;0.4728132387706856;4;8.433734939759036
EYMAEL;0.4819277108433735;4;4.809619238476954
EYMAEL;0.22935779816513763;4;5.6
EYMAEL;0.5291005291005291;4;5.0
EYMAEL;0.23980815347721823;4;4.408817635270541
EYMAEL;0.2331002331002331;4;5.6
EYMAEL;0.273224043715847;4;5.348837209302325
EYMAEL;0.2597402597402597;4;6.864988558352403
EYMAEL;0.28901734104046245;4;10.185185185185185
EYMAEL;0.27472527472527475;4;5.568445475638051
EYMAEL;0.32051282051282054;4;4.166666666666667
EYMAEL;0.3424657534246575;4;2.7777777777777777
EYMAEL;0.704225352112676;4;3.883495145631068
EYMAEL;0.352112676056338;4;1.941747572815534
EYMAEL;0.2604166666666667;4;12.351543942992874
EYMAEL;0.2695417789757412;4;13.380281690140846
EYMAEL;0.2617801047120419;4;14.018691588785046
EYMAEL;0.34965034965034963;4;2.5806451612903225
EYMAEL;0.5249343832020997;4;12.76595744680851
EYMAEL;0.37453183520599254;4;6.333333333333333
EYMAEL;0.37593984962406013;4;6.643356643356643
EYMAEL;0.38461538461538464;4;8.12720848056537
EYMAEL;0.7117437722419929;4;1.941747572815534
EYMAEL;0.352112676056338;4;3.9087947882736156
EYMAEL;0.35714285714285715;4;2.5974025974025974
EYMAEL;0.3508771929824561;4;2.6058631921824102
EYMAEL;0.24154589371980675;4;8.760683760683762
EYMAEL;0.3597122302158273;4;0.970873786407767
EYMAEL;0.2564102564102564;4;5.727923627684964
EYMAEL;0.25316455696202533;4;34.72222222222222
EYMAEL;0.6825938566552902;4;6.984126984126984
EYMAEL;0.6993006993006993;4;2.2580645161290325
EYMAEL;0.34965034965034963;4;1.9230769230769231
EYMAEL;0.25510204081632654;4;5.800464037122969
EYMAEL;0.35587188612099646;4;1.948051948051948
EYMAEL;0.3436426116838488;4;8.794788273615636
EYMAEL;0.35335689045936397;4;8.305647840531561
EYMAEL;0.38022813688212925;4;5.2264808362369335
EYMAEL;0.5167958656330749;4;6.338028169014085
EYMAEL;0.25316455696202533;4;13.81578947368421
EYMAEL;0.2976190476190476;4;3.9473684210526314
EYMAEL;0.4219409282700422;4;10.596026490066226
EYMAEL;0.49261083743842365;4;1.5625
EYMAEL;0.44642857142857145;4;1.492537313432836
EYMAEL;0.546448087431694;4;5.629139072847682
EYMAEL;0.3067484662576687;4;11.671087533156498
EYMAEL;0.5847953216374269;4;9.047619047619047
EYMAEL;0.5681818181818182;4;7.142857142857143
EYMAEL;0.5681818181818182;4;14.285714285714286
EYMAEL;0.4830917874396135;4;19.51219512195122
EYMAEL;0.591715976331361;4;0.43859649122807015
EYMAEL;0.28901734104046245;4;13.636363636363637
EYMAEL;0.373134328358209;4;7.297297297297297
EYMAEL;0.3115264797507788;4;5.513784461152882
EYMAEL;1.2944983818770226;4;10.126582278481013
EYMAEL;0.37037037037037035;4;21.994134897360702
EYMAEL;0.6349206349206349;4;34.94897959183673
EYMAEL;0.6472491909385113;4;6.28140703517588
EYMAEL;0.37174721189591076;4;3.4482758620689653
EYMAEL;0.425531914893617;4;12.140575079872205
EYMAEL;0.411522633744856;4;9.034267912772586
EYMAEL;0.411522633744856;4;9.495548961424332
EYMAEL;0.44642857142857145;4;48.41772151898734
EYMAEL;1.345291479820628;4;9.35483870967742
EYMAEL;0.33783783783783783;4;5.851063829787234
EYMAEL;0.30120481927710846;4;11.442786069651742
EYMAEL;0.40160642570281124;4;9.243697478991596
EYMAEL;0.47393364928909953;4;9.119496855345911
EYMAEL;0.35842293906810035;4;14.444444444444445
EYMAEL;1.0810810810810811;4;13.461538461538462
EYMAEL;0.43478260869565216;4;6.756756756756757
EYMAEL;0.37174721189591076;4;3.430079155672823
EYMAEL;0.3861003861003861;4;10.385756676557863
EYMAEL;0.4854368932038835;4;4.436860068259386
EYMAEL;0.3389830508474576;4;4.511278195488722
EYMAEL;0.35842293906810035;4;7.716049382716049
EYMAEL;1.6;4;5.747126436781609
EYMAEL;0.4694835680751174;4;8.58085808580858
EYMAEL;0.3952569169960474;4;10.897435897435898
EYMAEL;0.4132231404958678;4;5.594405594405594
EYMAEL;0.4854368932038835;4;7.971014492753623
EYMAEL;0.35714285714285715;4;8.587257617728532
EYMAEL;0.38022813688212925;4;5.38243626062323
EYMAEL;0.3861003861003861;4;9.248554913294798
EYMAEL;0.34843205574912894;4;5.053191489361702
EYMAEL;0.4694835680751174;4;7.746478873239437
EYMAEL;0.390625;4;6.451612903225806
EYMAEL;0.45662100456621;4;33.850931677018636
EYMAEL;0.6920415224913494;4;3.125
EYMAEL;0.5524861878453039;4;10.043668122270743
EYMAEL;0.4032258064516129;4;16.11842105263158
EYMAEL;0.4098360655737705;4;8.783783783783784
EYMAEL;0.4098360655737705;4;1.3986013986013985
EYMAEL;1.1235955056179776;4;9.595959595959595
EYMAEL;0.303951367781155;4;9.693877551020408
EYMAEL;0.36363636363636365;4;5.509641873278237
EYMAEL;0.3875968992248062;4;18.732782369146005
EYMAEL;0.4065040650406504;4;1.4598540145985401
EYMAEL;0.3597122302158273;4;15.909090909090908
EYMAEL;0.3937007874015748;4;10.364145658263306
EYMAEL;0.546448087431694;4;10.984848484848484
EYMAEL;0.546448087431694;4;13.83399209486166
EYMAEL;0.411522633744856;4;6.557377049180328
EYMAEL;0.32362459546925565;4;10.619469026548673
EYMAEL;0.3389830508474576;4;15.425531914893616
EYMAEL;0.8064516129032258;4;4.487179487179487
EYMAEL;0.3257328990228013;4;4.3478260869565215
EYMAEL;0.3787878787878788;4;9.748427672955975
EYMAEL;0.8130081300813008;4;6.622516556291391
EYMAEL;0.3448275862068966;4;11.494252873563218
EYMAEL;0.37453183520599254;4;10.144927536231885
EYMAEL;0.3125;4;7.471264367816092
EYMAEL;0.3257328990228013;4;7.017543859649122
EYMAEL;0.6309148264984227;4;8.211143695014663
EYMAEL;0.3067484662576687;4;8.831908831908832
EYMAEL;0.3048780487804878;4;6.685236768802229
EYMAEL;0.31746031746031744;4;10.315186246418339
EYMAEL;0.32362459546925565;4;8.645533141210375
EYMAEL;0.31347962382445144;4;12.320916905444125
EYMAEL;0.30303030303030304;4;9.695290858725762
EYMAEL;0.3125;4;11.206896551724139
EYMAEL;0.2840909090909091;4;8.854166666666666
EYMAEL;0.27624309392265195;4;3.6363636363636362
EYMAEL;0.28169014084507044;4;7.8125
EYMAEL;0.3472222222222222;4;10.256410256410257
EYMAEL;0.2808988764044944;4;3.902439024390244
EYMAEL;0.26525198938992045;4;6.829268292682927
EYMAEL;0.8064516129032258;4;8.487084870848708
EYMAEL;0.554016620498615;4;5.958549222797927
EYMAEL;0.7722007722007722;4;8.24742268041237
EYMAEL;0.2597402597402597;4;9.545454545454545
EYMAEL;0.4132231404958678;4;3.474903474903475
EYMAEL;0.2631578947368421;4;5.172413793103448
EYMAEL;0.28653295128939826;4;6.544502617801047
EYMAEL;0.49019607843137253;4;7.239819004524887
EYMAEL;0.24875621890547264;4;1.7621145374449338
EYMAEL;0.30864197530864196;4;8.620689655172415
EYMAEL;0.3937007874015748;4;9.642857142857142
EYMAEL;0.3215434083601286;4;8.022922636103152
EYMAEL;0.25773195876288657;4;2.4498886414253898
EYMAEL;0.28735632183908044;4;2.278481012658228
EYMAEL;0.43103448275862066;4;1.968503937007874
EYMAEL;0.27100271002710025;4;5.637254901960785
EYMAEL;0.27472527472527475;4;5.303030303030303
EYMAEL;0.2695417789757412;4;13.54679802955665
EYMAEL;0.2702702702702703;4;7.211538461538462
EYMAEL;0.2976190476190476;4;7.065217391304348
EYMAEL;0.2840909090909091;4;14.090909090909092
EYMAEL;0.5333333333333333;4;9.523809523809524
EYMAEL;0.25316455696202533;4;18.181818181818183
EYMAEL;0.2724795640326976;4;5.825242718446602
EYMAEL;0.24875621890547264;4;10.06711409395973
EYMAEL;0.303951367781155;4;14.647887323943662
EYMAEL;0.31746031746031744;4;12.320916905444125
EYMAEL;0.21929824561403508;4;22.36842105263158
EYMAEL;0.36363636363636365;4;50.0
EYMAEL;0.28653295128939826;4;5.526315789473684
EYMAEL;0.8733624454148472;4;17.5
EYMAEL;0.25839793281653745;4;17.35159817351598
EYMAEL;0.234192037470726;4;16.985138004246284
EYMAEL;0.25906735751295334;4;40.2247191011236
EYMAEL;0.5115089514066496;4;17.35357917570499
EYMAEL;1.4388489208633093;4;10.32258064516129
EYMAEL;0.24630541871921183;4;8.441558441558442
EYMAEL;1.2048192771084338;4;8.540925266903914
EYMAEL;0.24096385542168675;4;5.982905982905983
EYMAEL;0.36496350364963503;4;6.148867313915858
EYMAEL;0.2336448598130841;4;5.846774193548387
EYMAEL;0.6976744186046512;4;5.487804878048781
EYMAEL;0.6451612903225806;4;10.326086956521738
EYMAEL;0.7653061224489796;4;5.829596412556054
EYMAEL;0.6666666666666666;4;9.785932721712538
EYMAEL;0.33003300330033003;4;9.50920245398773
EYMAEL;0.2695417789757412;4;9.443099273607748
EYMAEL;0.2717391304347826;4;9.330143540669857
EYMAEL;0.34843205574912894;4;6.333333333333333
EYMAEL;0.3257328990228013;4;8.55457227138643
EYMAEL;0.30120481927710846;4;8.967391304347826
EYMAEL;0.7194244604316546;4;4.934210526315789
EYMAEL;0.3937007874015748;4;0.7194244604316546
EYMAEL;0.27548209366391185;4;3.712871287128713
EYMAEL;0.26881720430107525;4;7.017543859649122
EYMAEL;0.5509641873278237;4;5.583756345177665
EYMAEL;0.32362459546925565;4;10.882352941176471
EYMAEL;0.32679738562091504;4;10.682492581602373
EYMAEL;0.3333333333333333;4;8.722741433021806
EYMAEL;0.2724795640326976;4;6.024096385542169
EYMAEL;0.25773195876288657;4;8.294930875576037
EYMAEL;0.26109660574412535;4;4.906542056074766
EYMAEL;0.373134328358209;4;4.195804195804196
EYMAEL;0.3968253968253968;4;6.2717770034843205
EYMAEL;0.42016806722689076;4;1.1857707509881423
EYMAEL;0.42735042735042733;4;0.38910505836575876
EYMAEL;0.5813953488372093;4;7.253886010362694
EYMAEL;0.2518891687657431;4;21.92393736017897
EYMAEL;0.6329113924050633;4;15.476190476190476
EYMAEL;0.2604166666666667;4;21.80094786729858
EYMAEL;0.398406374501992;4;20.44609665427509
EYMAEL;0.2617801047120419;4;42.59681093394077
EYMAEL;0.23529411764705882;4;11.546840958605664
EYMAEL;0.23529411764705882;4;9.224318658280922
EYMAEL;0.49261083743842365;4;5.555555555555555
EYMAEL;0.23529411764705882;4;4.646464646464646
EYMAEL;0.7109004739336493;4;4.417670682730924
EYMAEL;0.48426150121065376;4;5.61122244488978
EYMAEL;0.2242152466367713;4;5.823293172690763
EYMAEL;0.24875621890547264;4;4.819277108433735
EYMAEL;0.2881844380403458;4;4.5092838196286475
EYMAEL;0.3215434083601286;4;3.6923076923076925
EYMAEL;0.24390243902439024;4;10.714285714285714
EYMAEL;0.24813895781637718;4;5.676855895196507
EYMAEL;0.2403846153846154;4;16.035634743875278
EYMAEL;0.4444444444444444;4;2.5210084033613445
EYMAEL;0.24449877750611246;4;5.639913232104122
EYMAEL;0.2570694087403599;4;14.623655913978494
EYMAEL;0.273972602739726;4;11.691542288557214
EYMAEL;0.25906735751295334;4;14.084507042253522
EYMAEL;0.24449877750611246;4;3.938730853391685
