DILMA;25.510204081632654;1;41.31455399061033
DILMA;19.196428571428573;1;55.23012552301255
DILMA;20.833333333333332;1;55.65217391304348
DILMA;20.063694267515924;1;53.00859598853868
DILMA;16.363636363636363;1;28.688524590163933
DILMA;22.274881516587676;1;35.59322033898305
DILMA;17.171717171717173;1;47.906976744186046
DILMA;17.791411042944784;1;40.55555555555556
DILMA;21.558441558441558;1;60.09615384615385
DILMA;16.75392670157068;1;57.907542579075425
DILMA;19.047619047619047;1;51.908396946564885
DILMA;26.495726495726494;1;45.660377358490564
DILMA;27.272727272727273;1;43.0939226519337
DILMA;18.42105263157895;1;37.08920187793427
DILMA;22.362869198312236;1;51.111111111111114
DILMA;13.503649635036496;1;47.194719471947195
DILMA;17.098445595854923;1;38.679245283018865
DILMA;23.497267759562842;1;52.450980392156865
DILMA;24.15730337078652;1;43.28358208955224
DILMA;17.41741741741742;1;47.916666666666664
DILMA;17.333333333333332;1;63.86363636363637
DILMA;14.347826086956522;1;45.96774193548387
DILMA;25.980392156862745;1;51.52838427947598
DILMA;27.027027027027028;1;47.5
DILMA;17.435897435897434;1;67.20554272517322
DILMA;20.408163265306122;1;65.8256880733945
DILMA;16.071428571428573;1;70.64220183486239
DILMA;20.388349514563107;1;42.10526315789474
DILMA;18.613138686131386;1;52.317880794701985
DILMA;16.883116883116884;1;48.5207100591716
DILMA;22.68041237113402;1;32.88288288288288
DILMA;19.306930693069308;1;32.88288288288288
DILMA;20.574162679425836;1;33.484162895927604
DILMA;24.770642201834864;1;32.98429319371728
DILMA;28.91156462585034;1;59.06432748538012
DILMA;22.916666666666668;1;43.43891402714932
DILMA;17.933130699088146;1;47.31182795698925
DILMA;17.934782608695652;1;43.91534391534392
DILMA;19.672131147540984;1;60.790273556231
DILMA;21.51394422310757;1;57.19557195571956
DILMA;14.423076923076923;1;43.04932735426009
DILMA;17.307692307692307;1;38.06818181818182
DILMA;21.066666666666666;1;70.99767981438515
DILMA;24.415584415584416;1;63.37078651685393
DILMA;22.22222222222222;1;46.560846560846564
DILMA;16.526610644257705;1;60.552763819095475
DILMA;17.081850533807827;1;52.159468438538205
DILMA;17.008797653958943;1;63.1578947368421
DILMA;16.095890410958905;1;59.53757225433526
DILMA;17.22689075630252;1;77.46478873239437
DILMA;17.117117117117118;1;53.92670157068063
DILMA;14.418604651162791;1;54.26008968609865
DILMA;17.131474103585656;1;47.794117647058826
DILMA;16.145833333333332;1;57.69230769230769
DILMA;19.877675840978593;1;55.87467362924282
DILMA;17.12707182320442;1;48.148148148148145
DILMA;14.285714285714286;1;61.84971098265896
DILMA;20.975609756097562;1;54.3778801843318
DILMA;21.55388471177945;1;60.532150776053214
DILMA;19.895287958115183;1;40.18691588785047
DILMA;21.18380062305296;1;43.529411764705884
DILMA;18.507462686567163;1;63.58839050131926
DILMA;14.423076923076923;1;48.69565217391305
DILMA;20.72829131652661;1;42.07920792079208
DILMA;21.13095238095238;1;49.16201117318436
DILMA;18.13953488372093;1;62.33766233766234
DILMA;12.600536193029491;1;56.22119815668203
DILMA;21.818181818181817;1;61.31805157593123
DILMA;22.3433242506812;1;65.97222222222223
DILMA;19.81566820276498;1;48.29059829059829
DILMA;20.39660056657224;1;62.121212121212125
DILMA;22.083333333333332;1;55.90551181102362
DILMA;23.497267759562842;1;62.588235294117645
DILMA;18.34061135371179;1;52.4
DILMA;16.097560975609756;1;45.52845528455285
DILMA;23.206751054852322;1;42.96296296296296
DILMA;14.537444933920705;1;43.442622950819676
DILMA;22.83653846153846;1;66.45021645021644
DILMA;19.93127147766323;1;51.45348837209303
DILMA;19.714285714285715;1;65.3061224489796
DILMA;13.454545454545455;1;50.16722408026756
DILMA;18.99441340782123;1;46.30541871921182
DILMA;16.161616161616163;1;57.69230769230769
DILMA;15.929203539823009;1;51.417004048582996
DILMA;18.617021276595743;1;61.21951219512195
DILMA;16.955017301038062;1;51.02040816326531
DILMA;19.672131147540984;1;56.61764705882353
DILMA;17.67676767676768;1;48.611111111111114
DILMA;24.86631016042781;1;67.95454545454545
DILMA;20.218579234972676;1;61.711711711711715
DILMA;16.402116402116402;1;61.13636363636363
DILMA;17.21518987341772;1;58.14977973568282
DILMA;19.25;1;55.77777777777778
DILMA;17.70186335403727;1;56.25
DILMA;16.091954022988507;1;44.1025641025641
DILMA;19.74921630094044;1;62.857142857142854
DILMA;13.526570048309178;1;57.9646017699115
DILMA;18.911174785100286;1;61.35770234986945
DILMA;16.886543535620053;1;65.4292343387471
DILMA;15.97938144329897;1;49.282296650717704
DILMA;21.631205673758867;1;46.25
DILMA;22.71386430678466;1;69.12928759894459
DILMA;28.26086956521739;1;67.72727272727273
DILMA;15.53133514986376;1;65.29680365296804
DILMA;16.50793650793651;1;58.1267217630854
DILMA;20.0;1;60.049627791563275
DILMA;17.36842105263158;1;61.43497757847533
DILMA;14.864864864864865;1;67.80045351473923
DILMA;16.034985422740526;1;68.05194805194805
DILMA;18.681318681318682;1;65.42288557213931
DILMA;21.11111111111111;1;66.17647058823529
DILMA;15.856777493606138;1;61.8942731277533
DILMA;30.346820809248555;1;66.13333333333334
DILMA;15.584415584415584;1;61.26126126126126
DILMA;15.492957746478874;1;61.917098445595855
DILMA;19.261213720316622;1;60.9375
DILMA;13.577023498694517;1;63.45291479820628
DILMA;14.24731182795699;1;58.71559633027523
DILMA;18.351063829787233;1;64.65116279069767
DILMA;16.129032258064516;1;35.90909090909091
DILMA;29.081632653061224;1;69.16299559471365
DILMA;19.756838905775076;1;62.432432432432435
DILMA;15.601023017902813;1;63.6568848758465
DILMA;17.251461988304094;1;66.92708333333333
DILMA;23.14814814814815;1;73.15068493150685
DILMA;22.53968253968254;1;60.40609137055838
DILMA;32.20338983050848;1;58.44155844155844
DILMA;18.627450980392158;1;68.80466472303208
DILMA;22.352941176470587;1;74.74747474747475
DILMA;17.91530944625407;1;58.62068965517241
DILMA;21.717171717171716;1;48.69565217391305
DILMA;12.565445026178011;1;60.36446469248292
DILMA;24.345549738219894;1;71.36465324384787
DILMA;16.554054054054053;1;65.76576576576576
DILMA;21.31979695431472;1;62.091503267973856
DILMA;16.623376623376622;1;57.94183445190156
DILMA;15.856777493606138;1;65.67505720823799
DILMA;17.933130699088146;1;77.2378516624041
DILMA;17.105263157894736;1;69.26503340757239
DILMA;14.790996784565916;1;60.623229461756374
DILMA;20.157068062827225;1;58.651685393258425
DILMA;32.947976878612714;1;66.17647058823529
DILMA;18.068535825545172;1;81.33333333333333
DILMA;17.662337662337663;1;65.47884187082406
DILMA;16.853932584269664;1;58.91647855530474
DILMA;17.56756756756757;1;72.37163814180929
DILMA;16.778523489932887;1;65.58823529411765
DILMA;15.877437325905293;1;74.65753424657534
DILMA;10.909090909090908;1;63.919821826280625
DILMA;16.56441717791411;1;58.90052356020942
DILMA;16.358839050131927;1;67.19101123595506
DILMA;20.0;1;54.87179487179487
DILMA;20.54054054054054;1;79.11832946635731
DILMA;28.83211678832117;1;66.03174603174604
DILMA;25.55205047318612;1;73.87862796833772
DILMA;16.822429906542055;1;60.614525139664806
DILMA;21.329639889196677;1;73.34851936218679
DILMA;18.674698795180724;1;69.97455470737914
DILMA;21.05263157894737;1;56.15212527964206
DILMA;17.94871794871795;1;47.22222222222222
DILMA;21.0727969348659;1;62.10526315789474
DILMA;21.73913043478261;1;52.864583333333336
DILMA;22.10242587601078;1;56.27615062761506
DILMA;20.66115702479339;1;60.09501187648456
DILMA;20.30075187969925;1;63.05220883534137
DILMA;22.392638036809817;1;66.66666666666667
DILMA;18.932038834951456;1;58.43621399176955
DILMA;14.245014245014245;1;54.75
DILMA;17.757009345794394;1;66.18705035971223
DILMA;19.014084507042252;1;67.20321931589537
DILMA;20.384615384615383;1;53.84615384615385
DILMA;19.911504424778762;1;52.868852459016395
DILMA;22.857142857142858;1;72.8476821192053
DILMA;17.066666666666666;1;71.33182844243792
DILMA;15.894039735099337;1;58.433734939759034
DILMA;20.597014925373134;1;65.70680628272251
DILMA;23.80952380952381;1;76.52173913043478
DILMA;16.176470588235293;1;67.06827309236948
DILMA;19.047619047619047;1;62.29838709677419
DILMA;22.84263959390863;1;73.15175097276264
DILMA;15.267175572519085;1;66.875
DILMA;19.157088122605366;1;67.79141104294479
DILMA;18.385650224215247;1;46.721311475409834
DILMA;15.596330275229358;1;60.317460317460316
DILMA;16.666666666666668;1;54.651162790697676
DILMA;20.307692307692307;1;45.588235294117645
DILMA;16.53543307086614;1;58.70307167235495
DILMA;20.14388489208633;1;66.02564102564102
DILMA;23.529411764705884;1;57.92880258899677
DILMA;20.714285714285715;1;61.022364217252395
DILMA;20.072992700729927;1;64.63022508038586
DILMA;16.990291262135923;1;50.43103448275862
DILMA;22.105263157894736;1;61.075949367088604
DILMA;21.717171717171716;1;49.21348314606742
DILMA;16.071428571428573;1;57.4468085106383
DILMA;19.90950226244344;1;52.84552845528455
DILMA;18.226600985221676;1;48.67256637168141
DILMA;16.666666666666668;1;55.985915492957744
DILMA;19.047619047619047;1;63.35078534031414
DILMA;16.207951070336392;1;56.403269754768395
DILMA;15.223880597014926;1;61.67979002624672
DILMA;21.533923303834808;1;60.25
DILMA;19.213973799126638;1;50.97276264591439
DILMA;26.08695652173913;1;46.24505928853755
DILMA;22.594142259414227;1;55.21235521235521
DILMA;21.57676348547718;1;37.68115942028985
DILMA;17.180616740088105;1;51.574803149606296
DILMA;13.973799126637555;1;44.57364341085271
DILMA;20.62780269058296;1;39.148936170212764
DILMA;19.289340101522843;1;54.5045045045045
DILMA;17.48633879781421;1;52.11267605633803
DILMA;21.02803738317757;1;48.93617021276596
DILMA;22.4390243902439;1;49.34497816593886
DILMA;18.4;1;58.394160583941606
DILMA;42.435424354243544;1;62.22826086956522
DILMA;27.868852459016395;1;61.43497757847533
DILMA;18.13031161473088;1;38.775510204081634
DILMA;16.939890710382514;1;37.688442211055275
DILMA;20.218579234972676;1;38.80597014925373
DILMA;17.97752808988764;1;46.0
DILMA;17.679558011049725;1;36.8421052631579
DILMA;17.587939698492463;1;44.73684210526316
DILMA;15.044247787610619;1;51.630434782608695
DILMA;12.852664576802507;1;54.7008547008547
DILMA;16.614420062695924;1;62.95264623955432
DILMA;15.819209039548022;1;58.047493403693935
DILMA;32.234432234432234;1;63.47826086956522
DILMA;14.5;1;63.00448430493274
DILMA;12.0;1;56.41711229946524
DILMA;46.236559139784944;1;76.89969604863222
DILMA;27.531645569620252;1;75.69060773480663
DILMA;28.37837837837838;1;67.06586826347305
DILMA;18.045112781954888;1;70.78651685393258
DILMA;15.71072319201995;1;63.00448430493274
DILMA;14.855072463768115;1;63.782051282051285
DILMA;14.603174603174603;1;56.268221574344025
DILMA;10.526315789473685;1;60.18957345971564
DILMA;27.697841726618705;1;70.79646017699115
DILMA;23.61516034985423;1;64.9746192893401
DILMA;13.897280966767372;1;55.46448087431694
DILMA;16.120906801007557;1;66.5924276169265
DILMA;47.766323024054984;1;74.04371584699453
DILMA;29.714285714285715;1;64.76190476190476
DILMA;11.046511627906977;1;51.62162162162162
DILMA;12.844036697247706;1;48.611111111111114
DILMA;28.859060402684563;1;72.5609756097561
DILMA;27.946127946127945;1;66.66666666666667
DILMA;36.22047244094488;1;75.08090614886731
DILMA;27.796610169491526;1;74.49856733524355
DILMA;10.606060606060606;1;61.971830985915496
DILMA;35.49488054607509;1;78.32369942196532
DILMA;11.910669975186105;1;60.310421286031044
DILMA;17.478510028653297;1;67.2544080604534
DILMA;22.023809523809526;1;68.63636363636364
DILMA;12.181303116147308;1;55.55555555555556
DILMA;9.480122324159021;1;59.00277008310249
DILMA;16.91842900302115;1;65.45961002785515
DILMA;13.86861313868613;1;54.666666666666664
DILMA;13.119533527696793;1;56.403269754768395
DILMA;66.53543307086615;1;72.54237288135593
DILMA;14.137931034482758;1;66.77316293929712
DILMA;12.647058823529411;1;57.10455764075067
DILMA;13.10344827586207;1;59.61538461538461
DILMA;16.70886075949367;1;66.89342403628117
DILMA;19.71014492753623;1;64.12213740458016
DILMA;25.668449197860962;1;64.84018264840182
DILMA;15.652173913043478;1;61.13989637305699
DILMA;17.647058823529413;1;68.2741116751269
DILMA;12.864077669902912;1;64.12556053811659
DILMA;9.06515580736544;1;64.92146596858639
DILMA;13.333333333333334;1;50.0
DILMA;13.178294573643411;1;60.13513513513514
DILMA;29.36802973977695;1;75.14619883040936
DILMA;13.135593220338983;1;57.5875486381323
DILMA;16.615384615384617;1;64.6067415730337
DILMA;12.27621483375959;1;61.94895591647332
DILMA;13.128491620111731;1;48.46938775510204
DILMA;20.858895705521473;1;64.44444444444444
DILMA;10.199004975124378;1;57.929515418502206
DILMA;40.51094890510949;1;79.63525835866261
DILMA;10.662824207492795;1;65.03856041131105
DILMA;14.661654135338345;1;51.67785234899329
DILMA;29.807692307692307;1;76.94444444444444
DILMA;18.823529411764707;1;61.86868686868687
DILMA;28.333333333333332;1;69.38202247191012
DILMA;10.526315789473685;1;68.78172588832487
DILMA;14.540816326530612;1;70.04504504504504
DILMA;15.776081424936386;1;67.42081447963801
DILMA;14.857142857142858;1;71.53846153846153
DILMA;11.073825503355705;1;69.67930029154519
DILMA;13.506493506493506;1;66.06741573033707
DILMA;17.934782608695652;1;37.073170731707314
DILMA;11.042944785276074;1;55.6786703601108
DILMA;16.38888888888889;1;72.58883248730965
DILMA;13.170731707317072;1;63.513513513513516
DILMA;17.45562130177515;1;66.39118457300276
DILMA;21.188630490956072;1;67.56756756756756
DILMA;10.429447852760736;1;64.1304347826087
DILMA;10.204081632653061;1;68.65284974093264
DILMA;13.300492610837438;1;72.10884353741497
DILMA;35.483870967741936;1;74.50980392156863
DILMA;15.217391304347826;1;70.9251101321586
DILMA;15.168539325842696;1;36.36363636363637
DILMA;21.119592875318066;1;70.46979865771812
DILMA;12.280701754385966;1;68.45794392523365
DILMA;13.28125;1;74.0
DILMA;16.86046511627907;1;72.1938775510204
DILMA;18.289085545722713;1;77.43589743589743
DILMA;12.436548223350254;1;70.17937219730942
DILMA;11.029411764705882;1;74.74747474747475
DILMA;15.895953757225433;1;59.58549222797927
DILMA;21.03448275862069;1;64.21725239616613
DILMA;10.909090909090908;1;65.22911051212938
DILMA;17.404129793510325;1;50.0
DILMA;14.110429447852761;1;68.4065934065934
DILMA;29.15129151291513;1;81.3953488372093
DILMA;14.779874213836479;1;70.93333333333334
DILMA;18.91025641025641;1;74.63126843657817
DILMA;12.222222222222221;1;63.72549019607843
DILMA;16.164383561643834;1;70.44334975369458
DILMA;25.0;1;80.93922651933701
DILMA;17.045454545454547;1;62.56410256410256
DILMA;13.399503722084367;1;68.73614190687361
DILMA;46.64179104477612;1;71.42857142857143
DILMA;14.534883720930232;1;55.23560209424084
DILMA;29.454545454545453;1;72.32142857142857
DILMA;17.59776536312849;1;60.723514211886304
DILMA;13.105413105413106;1;72.60981912144703
DILMA;11.733333333333333;1;57.407407407407405
DILMA;31.896551724137932;1;70.86092715231788
DILMA;19.29824561403509;1;98.66666666666667
DILMA;13.846153846153847;1;58.8235294117647
DILMA;13.043478260869565;1;100.0
DILMA;13.274336283185841;1;56.46437994722955
DILMA;14.325068870523417;1;56.95876288659794
DILMA;13.68421052631579;1;53.271028037383175
DILMA;14.759036144578314;1;60.84507042253521
DILMA;12.776412776412776;1;70.46979865771812
DILMA;13.194444444444445;1;69.0909090909091
DILMA;17.58957654723127;1;69.83695652173913
DILMA;34.48275862068966;1;79.75830815709969
DILMA;19.148936170212767;1;68.21345707656613
DILMA;32.95880149812734;1;67.73162939297124
DILMA;20.05730659025788;1;72.9064039408867
DILMA;18.03713527851459;1;69.65517241379311
DILMA;14.838709677419354;1;48.348348348348345
DILMA;16.31419939577039;1;64.76964769647697
DILMA;14.882506527415144;1;77.06013363028953
DILMA;15.277777777777779;1;55.645161290322584
DILMA;18.13186813186813;1;74.09200968523002
DILMA;10.658307210031348;1;68.92655367231639
DILMA;15.0;1;64.15094339622641
DILMA;32.394366197183096;1;82.94797687861272
DILMA;17.223650385604113;1;70.0
DILMA;21.022727272727273;1;72.16981132075472
DILMA;18.181818181818183;1;49.85163204747774
DILMA;15.957446808510639;1;58.79396984924623
DILMA;15.691489361702128;1;75.45045045045045
DILMA;11.845730027548209;1;56.90866510538642
DILMA;19.946091644204852;1;70.11235955056179
DILMA;15.384615384615385;1;54.8235294117647
DILMA;14.520547945205479;1;71.01449275362319
DILMA;12.747875354107649;1;62.25
DILMA;22.22222222222222;1;65.54621848739495
DILMA;17.37704918032787;1;45.97014925373134
DILMA;15.406162464985995;1;66.0377358490566
DILMA;14.893617021276595;1;63.82428940568475
DILMA;23.36182336182336;1;73.5
DILMA;15.750915750915752;1;56.68449197860963
DILMA;12.236286919831224;1;65.45454545454545
DILMA;17.073170731707318;1;71.25382262996942
DILMA;15.568862275449101;1;59.895833333333336
DILMA;20.12578616352201;1;45.17045454545455
DILMA;18.803418803418804;1;76.51006711409396
DILMA;14.285714285714286;1;71.71717171717172
DILMA;14.50381679389313;1;70.7641196013289
DILMA;21.22905027932961;1;73.18181818181819
DILMA;13.333333333333334;1;63.333333333333336
DILMA;15.384615384615385;1;78.15533980582525
DILMA;20.408163265306122;1;73.74301675977654
DILMA;17.647058823529413;1;49.152542372881356
DILMA;18.91891891891892;1;80.0
DILMA;17.91530944625407;1;52.11267605633803
DILMA;16.459627329192546;1;62.816901408450704
DILMA;13.548387096774194;1;54.91329479768786
DILMA;39.76377952755905;1;79.14110429447852
DILMA;13.80281690140845;1;50.90909090909091
DILMA;13.978494623655914;1;48.25870646766169
DILMA;21.195652173913043;1;50.5
DILMA;17.46987951807229;1;52.41935483870968
DILMA;15.789473684210526;1;48.77384196185286
DILMA;14.733542319749215;1;49.86522911051213
DILMA;9.701492537313433;1;46.82274247491639
DILMA;11.02661596958175;1;48.97959183673469
DILMA;17.428571428571427;1;51.282051282051285
DILMA;16.80911680911681;1;44.274809160305345
DILMA;40.225563909774436;1;77.50759878419453
DILMA;8.55457227138643;1;57.59162303664922
DILMA;16.75977653631285;1;39.473684210526315
DILMA;14.024390243902438;1;58.011049723756905
DILMA;14.805194805194805;1;51.16279069767442
DILMA;17.28723404255319;1;51.99063231850117
DILMA;18.666666666666668;1;46.74418604651163
DILMA;14.824797843665769;1;55.687203791469194
DILMA;16.182572614107883;1;42.58555133079848
DILMA;19.758064516129032;1;42.023346303501945
DILMA;14.893617021276595;1;45.627376425855516
DILMA;29.26829268292683;1;45.87155963302752
DILMA;13.66120218579235;1;49.75124378109453
DILMA;20.670391061452513;1;38.97435897435897
DILMA;14.525139664804469;1;44.791666666666664
DILMA;17.197452229299362;1;44.11764705882353
DILMA;15.451895043731778;1;50.90439276485788
DILMA;15.44943820224719;1;54.00516795865633
DILMA;18.26625386996904;1;53.78151260504202
DILMA;18.84498480243161;1;51.93370165745856
DILMA;14.285714285714286;1;57.69230769230769
DILMA;12.121212121212121;1;57.9646017699115
DILMA;36.8421052631579;1;46.97674418604651
DILMA;11.594202898550725;1;62.365591397849464
DILMA;16.573033707865168;1;53.9440203562341
DILMA;18.591549295774648;1;52.80612244897959
DILMA;18.181818181818183;1;48.08743169398907
DILMA;16.923076923076923;1;46.22641509433962
DILMA;17.112299465240643;1;62.22222222222222
DILMA;19.104477611940297;1;70.54455445544555
DILMA;19.273743016759777;1;65.67164179104478
DILMA;20.22792022792023;1;67.56756756756756
DILMA;17.045454545454547;1;60.13745704467354
DILMA;29.10958904109589;1;62.568306010928964
DILMA;13.150684931506849;1;46.59949622166247
DILMA;16.486486486486488;1;44.07216494845361
DILMA;17.052023121387283;1;47.55784061696658
DILMA;14.112903225806452;1;47.21189591078067
DILMA;13.623978201634877;1;55.77395577395578
DILMA;10.526315789473685;1;45.660377358490564
DILMA;15.725806451612904;1;55.38461538461539
DILMA;10.839160839160838;1;56.16883116883117
DILMA;12.544802867383513;1;53.74149659863946
DILMA;15.104166666666666;1;62.22222222222222
DILMA;26.440677966101696;1;74.59016393442623
DILMA;16.358839050131927;1;61.348314606741575
DILMA;15.0;1;62.780269058295964
DILMA;18.367346938775512;1;66.22222222222223
DILMA;19.52054794520548;1;63.722397476340696
DILMA;16.666666666666668;1;60.11904761904762
DILMA;11.656441717791411;1;60.68376068376068
DILMA;14.16184971098266;1;57.033248081841435
DILMA;13.994169096209912;1;57.033248081841435
DILMA;18.495297805642632;1;63.25966850828729
DILMA;29.41176470588235;1;77.74725274725274
DILMA;13.26530612244898;1;52.913752913752916
DILMA;15.656565656565656;1;57.5
DILMA;12.88659793814433;1;58.76777251184834
DILMA;27.761194029850746;1;66.66666666666667
DILMA;12.56281407035176;1;62.83783783783784
DILMA;11.380145278450364;1;68.43267108167771
DILMA;12.745098039215685;1;55.84415584415584
DILMA;10.591133004926109;1;57.8125
DILMA;12.466124661246612;1;54.95049504950495
DILMA;39.63963963963964;1;57.65124555160142
DILMA;35.16949152542373;1;72.61904761904762
DILMA;34.92063492063492;1;75.82089552238806
DILMA;43.50282485875706;1;77.77777777777777
DILMA;43.111111111111114;1;78.76712328767124
DILMA;36.69724770642202;1;77.00348432055749
DILMA;44.01709401709402;1;84.47653429602889
DILMA;36.24454148471616;1;83.73702422145328
DILMA;39.473684210526315;1;80.35087719298245
DILMA;40.43478260869565;1;87.29096989966555
DILMA;37.96296296296296;1;83.68055555555556
DILMA;35.111111111111114;1;53.736654804270465
DILMA;42.731277533039645;1;86.37992831541219
DILMA;38.13953488372093;1;79.84790874524715
DILMA;42.857142857142854;1;84.61538461538461
DILMA;47.32142857142857;1;83.50515463917526
DILMA;36.21621621621622;1;81.57894736842105
DILMA;39.42307692307692;1;81.88679245283019
DILMA;38.17427385892116;1;85.11326860841424
DILMA;47.808764940239044;1;82.3529411764706
DILMA;40.09661835748792;1;83.79629629629629
DILMA;40.43478260869565;1;84.30656934306569
DILMA;40.0;1;64.8936170212766
DILMA;34.32203389830509;1;86.159169550173
DILMA;36.986301369863014;1;82.99319727891157
DILMA;58.333333333333336;1;88.37209302325581
DILMA;82.67716535433071;1;83.73983739837398
DILMA;73.39449541284404;1;81.6793893129771
DILMA;70.71428571428571;1;64.60176991150442
DILMA;14.285714285714286;1;72.22222222222223
DILMA;45.16129032258065;1;64.70588235294117
DILMA;40.56603773584906;1;61.20996441281139
DILMA;39.34426229508197;1;88.0
DILMA;48.76543209876543;1;81.88976377952756
DILMA;43.61702127659574;1;83.24324324324324
DILMA;44.97607655502392;1;68.77323420074349
DILMA;31.756756756756758;1;86.70520231213872
DILMA;50.72463768115942;1;85.36585365853658
DILMA;57.05521472392638;1;83.59375
DILMA;39.38053097345133;1;71.71052631578948
DILMA;36.563876651982376;1;70.35830618892508
DILMA;37.30769230769231;1;71.67832167832168
DILMA;37.102473498233216;1;72.0136518771331
DILMA;29.611650485436893;1;83.33333333333333
DILMA;24.025974025974026;1;84.17085427135679
DILMA;6.722689075630252;1;96.12903225806451
DILMA;50.0;1;91.80327868852459
DILMA;48.57142857142857;1;87.34177215189874
DILMA;19.375;1;77.33990147783251
DILMA;22.746781115879827;1;91.08910891089108
DILMA;35.741444866920155;1;87.64367816091954
DILMA;22.55639097744361;1;82.9113924050633
DILMA;49.18032786885246;1;87.67123287671232
DILMA;20.714285714285715;1;85.31645569620254
DILMA;25.78397212543554;1;84.17085427135679
DILMA;21.428571428571427;1;82.84182305630027
DILMA;21.245421245421245;1;84.89010989010988
DILMA;25.096525096525095;1;79.77839335180056
DILMA;21.691176470588236;1;85.31855955678671
DILMA;24.456521739130434;1;70.08196721311475
DILMA;23.295454545454547;1;73.87755102040816
DILMA;23.70689655172414;1;73.31189710610933
DILMA;24.41860465116279;1;78.32369942196532
DILMA;29.46058091286307;1;80.44871794871794
DILMA;26.956521739130434;1;73.3974358974359
DILMA;22.65625;1;67.8343949044586
DILMA;26.970954356846473;1;79.45619335347432
DILMA;30.223880597014926;1;80.29411764705883
DILMA;23.728813559322035;1;79.94652406417113
DILMA;26.35135135135135;1;77.65957446808511
DILMA;25.080385852090032;1;75.18987341772151
DILMA;24.333333333333332;1;76.47058823529412
DILMA;20.689655172413794;1;81.6976127320955
DILMA;31.203007518796994;1;79.15492957746478
DILMA;21.568627450980394;1;79.7872340425532
DILMA;28.37837837837838;1;80.48780487804878
DILMA;26.053639846743295;1;80.05464480874316
DILMA;28.928571428571427;1;77.65667574931881
DILMA;22.340425531914892;1;82.82051282051282
DILMA;21.908127208480565;1;82.18829516539441
DILMA;24.573378839590443;1;79.02813299232737
DILMA;28.8135593220339;1;73.22175732217573
DILMA;25.146198830409357;1;74.89539748953975
DILMA;28.436018957345972;1;76.20689655172414
DILMA;26.778242677824267;1;81.44927536231884
DILMA;27.31958762886598;1;72.69736842105263
DILMA;31.80327868852459;1;81.90954773869346
DILMA;33.440514469453376;1;85.678391959799
DILMA;42.508710801393725;1;81.86397984886649
DILMA;35.85526315789474;1;83.96946564885496
DILMA;40.549828178694156;1;82.57575757575758
DILMA;36.271186440677965;1;82.82828282828282
DILMA;39.23076923076923;1;85.83333333333333
DILMA;36.462093862815884;1;89.75069252077563
DILMA;40.67796610169491;1;90.63291139240506
DILMA;26.79127725856698;1;86.70076726342711
DILMA;41.666666666666664;1;88.83248730964468
DILMA;41.355932203389834;1;87.43589743589743
DILMA;42.532467532467535;1;86.32911392405063
DILMA;26.200873362445414;1;88.25396825396825
DILMA;22.68041237113402;1;87.96791443850267
DILMA;27.40740740740741;1;87.09677419354838
DILMA;24.344569288389515;1;83.76811594202898
DILMA;18.62348178137652;1;82.49258160237389
DILMA;43.24324324324324;1;88.74172185430463
DILMA;41.666666666666664;1;91.77377892030849
DILMA;25.752508361204015;1;87.88659793814433
DILMA;35.84905660377358;1;91.59663865546219
DILMA;24.154589371980677;1;86.61971830985915
DILMA;24.257425742574256;1;87.08333333333333
DILMA;23.228346456692915;1;92.47648902821317
DILMA;24.0;1;83.91812865497076
DILMA;35.256410256410255;1;94.97907949790795
DILMA;23.694779116465863;1;88.42443729903538
DILMA;23.10924369747899;1;90.15873015873017
DILMA;23.417721518987342;1;93.18181818181819
DILMA;20.233463035019454;1;92.14501510574019
DILMA;27.309236947791163;1;78.94736842105263
DILMA;23.25581395348837;1;94.50261780104712
DILMA;29.914529914529915;1;94.96644295302013
DILMA;40.64748201438849;1;88.88888888888889
DILMA;23.076923076923077;1;90.79283887468031
DILMA;19.76284584980237;1;90.41533546325878
DILMA;24.409448818897637;1;84.81012658227849
DILMA;37.01298701298701;1;88.60759493670886
DILMA;21.363636363636363;1;99.01315789473684
DILMA;23.134328358208954;1;84.77611940298507
DILMA;28.755364806866954;1;89.1025641025641
DILMA;31.40495867768595;1;75.43352601156069
DILMA;18.75;1;89.24050632911393
DILMA;18.502202643171806;1;85.1063829787234
DILMA;29.721362229102166;1;90.36144578313252
DILMA;18.218623481781375;1;85.26011560693641
DILMA;24.056603773584907;1;89.92537313432835
DILMA;48.1981981981982;1;92.54901960784314
DILMA;32.5;1;87.64044943820225
DILMA;26.96629213483146;1;98.23321554770318
DILMA;36.13861386138614;1;93.72937293729373
DILMA;39.11290322580645;1;88.82521489971347
DILMA;27.77777777777778;1;70.84468664850137
DILMA;19.047619047619047;1;87.79527559055119
DILMA;21.804511278195488;1;89.82558139534883
DILMA;26.460481099656356;1;94.27792915531334
DILMA;21.694915254237287;1;89.36170212765957
DILMA;19.488817891373802;1;89.56743002544529
DILMA;29.677419354838708;1;98.5781990521327
DILMA;9.852216748768473;1;98.26989619377163
DILMA;5.555555555555555;1;100.0
DILMA;46.753246753246756;1;96.72897196261682
DILMA;31.407942238267147;1;93.2394366197183
DILMA;37.903225806451616;1;52.4390243902439
DILMA;35.80246913580247;1;82.3170731707317
DILMA;51.14754098360656;1;89.79057591623037
DILMA;55.921052631578945;1;92.2872340425532
DILMA;44.97991967871486;1;88.55421686746988
DILMA;54.51807228915663;1;86.71679197994987
DILMA;33.50253807106599;1;88.0
DILMA;37.56613756613756;1;81.13207547169812
DILMA;24.91103202846975;1;89.48863636363636
DILMA;25.714285714285715;1;74.87437185929649
DILMA;28.40909090909091;1;89.36170212765957
DILMA;28.67924528301887;1;87.2463768115942
DILMA;22.175732217573223;1;81.56996587030717
DILMA;28.571428571428573;1;78.50467289719626
DILMA;49.280575539568346;1;93.20652173913044
DILMA;50.88339222614841;1;94.48818897637796
DILMA;39.548022598870055;1;92.20779220779221
DILMA;30.8411214953271;1;81.25
DILMA;39.37007874015748;1;74.61928934010152
DILMA;31.135531135531135;1;90.02932551319648
DILMA;28.15884476534296;1;88.16901408450704
DILMA;28.35820895522388;1;88.8268156424581
DILMA;35.678391959798994;1;89.65517241379311
DILMA;30.76923076923077;1;87.5
DILMA;31.65137614678899;1;90.0
DILMA;45.76271186440678;1;91.44385026737967
DILMA;32.89473684210526;1;87.19211822660098
DILMA;32.56704980842912;1;78.37078651685393
DILMA;32.377049180327866;1;80.47138047138047
DILMA;30.0;1;93.80165289256199
DILMA;50.34722222222222;1;94.41624365482234
DILMA;34.69387755102041;1;87.40458015267176
DILMA;30.47945205479452;1;85.18518518518519
DILMA;36.206896551724135;1;95.0
DILMA;27.480916030534353;1;78.70370370370371
DILMA;26.976744186046513;1;82.97101449275362
DILMA;37.827715355805246;1;80.72625698324022
DILMA;46.09665427509294;1;91.51193633952255
DILMA;46.22641509433962;1;95.09803921568627
DILMA;50.0;1;94.3620178041543
DILMA;37.74834437086093;1;97.20101781170483
DILMA;48.63013698630137;1;95.01312335958005
DILMA;45.55160142348755;1;93.78238341968913
DILMA;54.13793103448276;1;93.12169312169313
DILMA;36.633663366336634;1;78.62068965517241
DILMA;35.22727272727273;1;89.31297709923665
DILMA;36.597938144329895;1;86.47686832740213
DILMA;32.870370370370374;1;88.81118881118881
DILMA;55.79710144927536;1;88.94736842105263
DILMA;42.016806722689076;1;85.33333333333333
DILMA;43.1438127090301;1;90.35532994923858
DILMA;29.365079365079364;1;85.3125
DILMA;25.503355704697988;1;84.26666666666667
DILMA;32.6271186440678;1;86.86868686868686
DILMA;29.515418502202643;1;77.1875
DILMA;29.6875;1;92.7927927927928
DILMA;38.22393822393823;1;78.28947368421052
DILMA;47.69230769230769;1;97.6958525345622
DILMA;52.84280936454849;1;90.07832898172323
DILMA;48.18652849740933;1;93.33333333333333
DILMA;40.95238095238095;1;95.8041958041958
DILMA;54.93827160493827;1;95.91836734693878
DILMA;13.836477987421384;1;93.5361216730038
DILMA;54.09836065573771;1;95.95375722543352
DILMA;32.298136645962735;1;88.93442622950819
DILMA;29.04564315352697;1;89.35483870967742
DILMA;36.655948553054664;1;90.07633587786259
DILMA;33.0188679245283;1;52.054794520547944
DILMA;41.74757281553398;1;88.96797153024912
DILMA;37.56345177664975;1;91.25874125874125
DILMA;43.36734693877551;1;90.26845637583892
DILMA;23.346303501945524;1;90.67055393586006
DILMA;52.54237288135593;1;93.22033898305085
DILMA;31.95020746887967;1;83.33333333333333
DILMA;32.42009132420091;1;91.42857142857143
DILMA;52.94117647058823;1;89.6969696969697
DILMA;32.103321033210335;1;89.04109589041096
DILMA;24.623115577889447;1;90.17094017094017
DILMA;54.75409836065574;1;93.83378016085791
DILMA;66.66666666666667;1;90.42553191489361
DILMA;52.4822695035461;1;96.5
DILMA;31.182795698924732;1;90.43478260869566
DILMA;30.476190476190474;1;90.10989010989012
DILMA;32.342007434944236;1;87.22741433021807
DILMA;26.666666666666668;1;89.91596638655462
DILMA;24.738675958188153;1;89.9182561307902
DILMA;29.80392156862745;1;92.04892966360856
DILMA;51.77514792899408;1;90.37974683544304
DILMA;35.80246913580247;1;90.78498293515358
DILMA;27.966101694915253;1;85.53459119496856
DILMA;36.87707641196013;1;88.08290155440415
DILMA;26.492537313432837;1;86.76470588235294
DILMA;36.177474402730375;1;91.56010230179028
DILMA;41.34615384615385;1;96.15384615384616
DILMA;35.44973544973545;1;93.13304721030043
DILMA;26.905829596412556;1;81.44329896907216
DILMA;34.55882352941177;1;88.62973760932945
DILMA;32.69230769230769;1;53.28947368421053
DILMA;28.88888888888889;1;53.90070921985816
DILMA;47.417840375586856;1;91.44981412639405
DILMA;54.54545454545455;1;94.11764705882354
DILMA;47.24770642201835;1;96.46643109540636
DILMA;37.71043771043771;1;83.62068965517241
DILMA;29.661016949152543;1;75.67567567567568
DILMA;50.90252707581227;1;90.22346368715084
DILMA;27.551020408163264;1;77.99442896935933
DILMA;37.5;1;91.01123595505618
DILMA;66.66666666666667;1;93.98907103825137
DILMA;30.70175438596491;1;69.07894736842105
DILMA;20.930232558139537;1;86.64596273291926
DILMA;41.29353233830846;1;83.2
DILMA;38.9937106918239;1;93.30143540669856
DILMA;28.01556420233463;1;88.88888888888889
DILMA;27.96934865900383;1;90.17857142857143
DILMA;42.10526315789474;1;89.65517241379311
DILMA;53.57142857142857;1;93.43832020997375
DILMA;54.42176870748299;1;90.76086956521739
DILMA;52.94117647058823;1;91.00346020761246
DILMA;33.439490445859875;1;90.05102040816327
DILMA;32.075471698113205;1;68.01801801801801
DILMA;34.716981132075475;1;90.30470914127424
DILMA;62.608695652173914;1;86.04651162790698
DILMA;23.333333333333332;1;84.91379310344827
DILMA;56.09756097560975;1;96.74267100977198
DILMA;42.857142857142854;1;87.5
DILMA;61.39705882352941;1;96.10027855153203
DILMA;34.177215189873415;1;87.19211822660098
DILMA;42.916666666666664;1;84.22712933753944
DILMA;40.40816326530612;1;88.25301204819277
DILMA;36.75213675213675;1;93.75
DILMA;47.142857142857146;1;95.02487562189054
DILMA;56.64739884393064;1;92.44332493702771
DILMA;59.48275862068966;1;90.6896551724138
DILMA;54.13533834586466;1;83.18318318318319
DILMA;50.22831050228311;1;83.57142857142857
DILMA;40.963855421686745;1;94.26751592356688
DILMA;24.242424242424242;1;97.54601226993866
DILMA;52.70935960591133;1;99.36102236421725
DILMA;32.967032967032964;1;89.21282798833819
DILMA;48.84615384615385;1;90.20771513353115
DILMA;30.181818181818183;1;79.94186046511628
DILMA;44.680851063829785;1;91.63636363636364
DILMA;22.99651567944251;1;84.31372549019608
DILMA;30.303030303030305;1;79.07949790794979
DILMA;36.08695652173913;1;91.74311926605505
DILMA;52.44755244755245;1;99.47643979057591
DILMA;22.09737827715356;1;86.27450980392157
DILMA;23.828125;1;90.0
DILMA;41.1764705882353;1;84.90566037735849
DILMA;27.941176470588236;1;63.768115942028984
DILMA;48.125;1;91.11675126903553
DILMA;49.26470588235294;1;93.07479224376732
DILMA;36.7003367003367;1;88.91752577319588
DILMA;29.537366548042705;1;85.63685636856368
DILMA;21.25;1;71.60493827160494
DILMA;31.294964028776977;1;86.68639053254438
DILMA;25.862068965517242;1;76.94915254237289
DILMA;30.103806228373703;1;84.43271767810026
DILMA;36.58536585365854;1;83.90243902439025
DILMA;30.76923076923077;1;87.61061946902655
DILMA;31.666666666666668;1;78.48101265822785
DILMA;37.2093023255814;1;86.11898016997168
DILMA;32.45614035087719;1;86.29629629629629
DILMA;47.31182795698925;1;88.59649122807018
DILMA;34.857142857142854;1;91.80327868852459
DILMA;54.15384615384615;1;87.53180661577608
DILMA;61.570247933884296;1;84.77611940298507
DILMA;49.501661129568106;1;93.45549738219896
DILMA;28.14814814814815;1;89.27536231884058
DILMA;51.01010101010101;1;86.17886178861788
DILMA;33.027522935779814;1;75.33333333333333
DILMA;29.365079365079364;1;94.30051813471502
DILMA;48.0;1;88.21989528795811
DILMA;55.223880597014926;1;95.11111111111111
DILMA;68.32579185520362;1;88.84615384615384
DILMA;26.818181818181817;1;93.88489208633094
DILMA;47.602739726027394;1;89.72972972972973
DILMA;69.33962264150944;1;88.97637795275591
DILMA;78.81619937694704;1;90.36144578313252
DILMA;29.447852760736197;1;80.78817733990148
DILMA;47.111111111111114;1;97.70491803278688
DILMA;24.352331606217618;1;72.6923076923077
DILMA;37.391304347826086;1;80.36253776435045
DILMA;52.15311004784689;1;90.2621722846442
DILMA;32.6241134751773;1;83.91812865497076
DILMA;37.755102040816325;1;90.12345679012346
DILMA;42.16867469879518;1;92.76139410187668
DILMA;12.941176470588236;1;89.1304347826087
DILMA;67.6056338028169;1;100.0
DILMA;24.46808510638298;1;90.80779944289694
DILMA;30.501930501930502;1;86.30952380952381
DILMA;34.285714285714285;1;99.06542056074767
DILMA;23.529411764705884;1;68.21705426356588
DILMA;23.076923076923077;1;82.78688524590164
DILMA;17.97752808988764;1;79.35222672064778
DILMA;54.5;1;90.39301310043668
DILMA;51.207729468599034;1;90.1639344262295
DILMA;55.913978494623656;1;92.5
DILMA;24.81203007518797;1;88.98809523809524
DILMA;46.57534246575342;1;92.8909952606635
DILMA;60.58091286307054;1;88.69047619047619
DILMA;64.97695852534562;1;90.33457249070632
DILMA;59.310344827586206;1;86.01036269430051
DILMA;28.32369942196532;1;53.37837837837838
DILMA;36.7816091954023;1;78.04878048780488
DILMA;21.21212121212121;1;100.0
DILMA;13.68421052631579;1;98.26839826839827
DILMA;31.132075471698112;1;83.21167883211679
DILMA;85.15625;1;84.02366863905326
DILMA;50.0;1;88.0794701986755
DILMA;36.53846153846154;1;78.02197802197803
DILMA;33.333333333333336;1;69.17293233082707
DILMA;75.38461538461539;1;91.36690647482014
DILMA;52.525252525252526;1;86.06557377049181
DILMA;63.06818181818182;1;93.78238341968913
DILMA;27.40740740740741;1;62.11453744493392
DILMA;55.483870967741936;1;92.07650273224044
DILMA;75.0;1;94.02985074626865
DILMA;32.11009174311926;1;82.44274809160305
DILMA;75.75757575757575;1;97.89473684210526
DILMA;61.904761904761905;1;86.0
DILMA;27.062706270627064;1;85.37859007832898
DILMA;34.86842105263158;1;95.45454545454545
DILMA;51.14942528735632;1;93.84615384615384
DILMA;75.625;1;89.63730569948187
DILMA;44.0;1;86.44067796610169
DILMA;37.5;1;75.7847533632287
DILMA;60.3448275862069;1;92.5925925925926
DILMA;48.51485148514851;1;96.29629629629629
DILMA;27.335640138408305;1;87.46355685131195
DILMA;33.44827586206897;1;73.98843930635839
DILMA;52.0;1;95.39473684210526
DILMA;55.34591194968554;1;84.28571428571429
DILMA;7.299270072992701;1;99.08256880733946
DILMA;45.018450184501845;1;91.63498098859316
DILMA;32.720588235294116;1;85.71428571428571
DILMA;54.91803278688525;1;85.53459119496856
DILMA;28.75;1;88.96551724137932
DILMA;52.20338983050848;1;90.72463768115942
DILMA;43.037974683544306;1;87.93103448275862
DILMA;26.666666666666668;1;81.30841121495327
DILMA;48.07692307692308;1;86.88524590163935
DILMA;30.62200956937799;1;80.76923076923077
DILMA;29.850746268656717;1;70.45454545454545
DILMA;28.436018957345972;1;76.05633802816901
DILMA;27.941176470588236;1;78.93175074183976
DILMA;28.625954198473284;1;76.78571428571429
DILMA;29.32330827067669;1;76.73716012084593
DILMA;24.793388429752067;1;76.27118644067797
DILMA;33.65853658536585;1;81.62544169611307
DILMA;32.870370370370374;1;84.39716312056737
DILMA;35.034013605442176;1;85.16624040920716
DILMA;28.630705394190873;1;73.54651162790698
DILMA;28.01556420233463;1;76.11940298507463
DILMA;31.3953488372093;1;76.8545994065282
DILMA;28.957528957528957;1;80.23952095808383
DILMA;27.81954887218045;1;89.39393939393939
DILMA;27.976190476190474;1;85.47008547008546
DILMA;18.250950570342205;1;86.52694610778443
DILMA;31.73076923076923;1;62.893081761006286
DILMA;30.939226519337016;1;77.55102040816327
DILMA;35.38461538461539;1;81.48148148148148
DILMA;29.64426877470356;1;80.64516129032258
DILMA;34.04255319148936;1;80.41543026706232
DILMA;30.612244897959183;1;78.33333333333333
DILMA;30.939226519337016;1;52.713178294573645
DILMA;32.20973782771536;1;83.1858407079646
DILMA;32.196969696969695;1;83.91812865497076
DILMA;36.612021857923494;1;89.40677966101696
DILMA;37.2093023255814;1;71.23287671232876
DILMA;25.19685039370079;1;74.77064220183486
DILMA;33.333333333333336;1;81.95121951219512
DILMA;29.11392405063291;1;77.11442786069652
DILMA;34.78260869565217;1;72.1951219512195
DILMA;29.545454545454547;1;84.68468468468468
DILMA;29.533678756476682;1;78.32167832167832
DILMA;29.577464788732396;1;48.8235294117647
DILMA;23.387096774193548;1;84.42622950819673
DILMA;36.170212765957444;1;86.53846153846153
DILMA;41.851851851851855;1;94.27083333333333
DILMA;48.78048780487805;1;90.17857142857143
DILMA;42.5531914893617;1;91.83673469387755
DILMA;39.11290322580645;1;90.37900874635568
DILMA;53.90334572490706;1;93.81443298969072
DILMA;54.729729729729726;1;92.46753246753246
DILMA;45.149253731343286;1;89.9736147757256
DILMA;33.87978142076503;1;49.65034965034965
DILMA;45.833333333333336;1;84.92063492063492
DILMA;38.225255972696246;1;84.2239185750636
DILMA;38.888888888888886;1;85.15901060070671
DILMA;40.08810572687225;1;76.36986301369863
DILMA;40.104166666666664;1;82.83582089552239
DILMA;32.77777777777778;1;83.96946564885496
DILMA;40.08438818565401;1;79.47019867549669
DILMA;34.859154929577464;1;71.671388101983
DILMA;38.46153846153846;1;82.0
DILMA;32.88590604026846;1;61.83206106870229
DILMA;47.55555555555556;1;78.68852459016394
DILMA;42.22222222222222;1;70.81545064377683
DILMA;37.89808917197452;1;85.49618320610686
DILMA;39.333333333333336;1;86.73469387755102
DILMA;42.69230769230769;1;89.49771689497717
DILMA;44.70198675496689;1;84.94897959183673
DILMA;42.42424242424242;1;85.71428571428571
DILMA;40.07936507936508;1;84.91124260355029
DILMA;44.04145077720207;1;79.80132450331126
DILMA;53.55648535564853;1;87.73006134969326
DILMA;39.15343915343915;1;91.66666666666667
DILMA;5.747126436781609;1;95.48872180451127
DILMA;85.33333333333333;1;69.48529411764706
DILMA;69.51219512195122;1;67.47967479674797
DILMA;44.05940594059406;1;91.43968871595331
DILMA;54.7085201793722;1;92.73356401384083
DILMA;85.96491228070175;1;89.33333333333333
DILMA;49.586776859504134;1;82.80254777070064
DILMA;38.857142857142854;1;95.45454545454545
DILMA;47.916666666666664;1;86.47058823529412
DILMA;41.97530864197531;1;91.55405405405405
DILMA;68.26923076923077;1;90.2439024390244
DILMA;54.49438202247191;1;91.53225806451613
DILMA;56.70103092783505;1;92.83018867924528
DILMA;45.23809523809524;1;82.23684210526316
DILMA;42.99516908212561;1;88.46153846153847
DILMA;45.6140350877193;1;74.02597402597402
DILMA;44.134078212290504;1;81.15384615384616
DILMA;39.86486486486486;1;72.45762711864407
DILMA;41.276595744680854;1;80.13468013468014
DILMA;43.19526627218935;1;73.83966244725738
DILMA;48.10126582278481;1;80.3921568627451
DILMA;46.733668341708544;1;79.45205479452055
DILMA;47.61904761904762;1;73.70517928286853
DILMA;43.69747899159664;1;83.80952380952381
DILMA;36.6412213740458;1;78.64768683274022
DILMA;43.81443298969072;1;82.67148014440433
DILMA;51.26903553299493;1;81.5068493150685
DILMA;38.94230769230769;1;87.11864406779661
DILMA;40.2390438247012;1;87.53993610223642
DILMA;38.095238095238095;1;90.81632653061224
DILMA;44.29223744292238;1;91.4826498422713
DILMA;50.40983606557377;1;91.97080291970804
DILMA;48.78048780487805;1;75.08532423208192
DILMA;43.82022471910113;1;92.74809160305344
DILMA;42.131979695431475;1;92.96296296296296
DILMA;46.07843137254902;1;89.76109215017065
DILMA;46.788990825688074;1;96.01328903654485
DILMA;49.04761904761905;1;89.6797153024911
DILMA;41.55251141552512;1;94.07665505226481
DILMA;46.08294930875576;1;87.54208754208754
DILMA;54.62555066079295;1;96.23287671232876
DILMA;53.42465753424658;1;96.15384615384616
DILMA;41.08910891089109;1;73.4006734006734
DILMA;51.196172248803826;1;94.34628975265018
DILMA;50.69124423963134;1;93.47079037800687
DILMA;45.893719806763286;1;94.4636678200692
DILMA;45.91836734693877;1;94.57364341085271
DILMA;46.408839779005525;1;91.37931034482759
DILMA;44.72573839662447;1;92.20338983050847
DILMA;44.53781512605042;1;91.86440677966101
DILMA;53.723404255319146;1;95.1417004048583
DILMA;44.166666666666664;1;91.63498098859316
DILMA;59.35828877005348;1;94.02390438247012
DILMA;52.293577981651374;1;88.88888888888889
DILMA;57.74647887323944;1;94.19795221843003
DILMA;53.475935828877006;1;91.88191881918819
DILMA;43.51464435146443;1;94.35215946843854
DILMA;55.68181818181818;1;94.09448818897638
DILMA;70.05988023952096;1;94.57364341085271
DILMA;65.54054054054055;1;88.92988929889299
DILMA;58.641975308641975;1;91.89189189189189
DILMA;58.267716535433074;1;95.0
DILMA;49.20634920634921;1;95.47325102880659
DILMA;41.578947368421055;1;84.36363636363636
DILMA;71.25;1;86.74033149171271
DILMA;72.41379310344827;1;85.94377510040161
DILMA;54.54545454545455;1;83.33333333333333
DILMA;71.70731707317073;1;90.17341040462428
DILMA;64.07766990291262;1;90.74074074074075
DILMA;10.407239819004525;1;94.31438127090301
DILMA;11.764705882352942;1;99.0
DILMA;44.93927125506073;1;91.2751677852349
DILMA;50.24154589371981;1;92.96296296296296
DILMA;47.71573604060914;1;92.0
DILMA;41.02564102564103;1;77.17041800643086
DILMA;43.1578947368421;1;87.6984126984127
DILMA;51.81818181818182;1;90.20270270270271
DILMA;57.2093023255814;1;90.97744360902256
DILMA;60.19417475728155;1;84.0
DILMA;78.03468208092485;1;90.95238095238095
DILMA;38.048780487804876;1;87.95180722891567
DILMA;44.24242424242424;1;92.5233644859813
DILMA;47.389558232931726;1;92.64214046822742
DILMA;51.48514851485149;1;88.12260536398468
DILMA;70.55555555555556;1;90.0
DILMA;50.46296296296296;1;80.66666666666667
DILMA;53.21888412017167;1;92.28070175438596
DILMA;52.72727272727273;1;91.75257731958763
DILMA;48.917748917748916;1;94.94949494949495
DILMA;59.130434782608695;1;91.2280701754386
DILMA;46.04651162790697;1;93.28358208955224
DILMA;49.09090909090909;1;87.14733542319749
DILMA;44.33497536945813;1;88.58267716535433
DILMA;55.0;1;91.50943396226415
DILMA;48.648648648648646;1;93.0795847750865
DILMA;32.86713286713287;1;89.28571428571429
DILMA;53.374233128834355;1;94.36619718309859
DILMA;30.102040816326532;1;69.8473282442748
DILMA;22.535211267605632;1;75.69060773480663
DILMA;57.7639751552795;1;79.83539094650206
DILMA;42.5531914893617;1;75.23809523809524
DILMA;52.083333333333336;1;86.48648648648648
DILMA;56.390977443609025;1;84.72222222222223
DILMA;52.25806451612903;1;98.13084112149532
DILMA;18.835616438356166;1;82.3529411764706
DILMA;22.727272727272727;1;78.61271676300578
DILMA;24.81203007518797;1;82.02898550724638
DILMA;63.73626373626374;1;99.0909090909091
DILMA;29.82456140350877;1;68.25396825396825
DILMA;34.899328859060404;1;72.72727272727273
DILMA;22.388059701492537;1;60.563380281690144
DILMA;50.68493150684932;1;77.5
DILMA;18.0327868852459;1;68.57142857142857
DILMA;58.42696629213483;1;61.0
DILMA;42.592592592592595;1;98.87640449438203
DILMA;35.294117647058826;1;94.91525423728814
DILMA;21.818181818181817;1;88.47262247838617
DILMA;81.66666666666667;1;87.5
DILMA;26.984126984126984;1;80.6282722513089
DILMA;30.344827586206897;1;68.96551724137932
DILMA;34.36293436293436;1;81.06508875739645
DILMA;32.015810276679844;1;86.79245283018868
DILMA;43.44827586206897;1;66.33165829145729
DILMA;33.54430379746835;1;63.63636363636363
DILMA;37.735849056603776;1;72.54901960784314
DILMA;33.035714285714285;1;82.26950354609929
DILMA;34.09090909090909;1;80.86642599277978
DILMA;31.30081300813008;1;77.91411042944786
DILMA;28.448275862068964;1;77.66990291262135
DILMA;42.013888888888886;1;80.42328042328042
DILMA;36.55172413793103;1;73.11827956989248
DILMA;26.609442060085836;1;75.88652482269504
DILMA;24.398625429553263;1;70.66326530612245
DILMA;33.83458646616541;1;74.3732590529248
DILMA;37.89473684210526;1;70.24793388429752
DILMA;18.21561338289963;1;71.72619047619048
DILMA;32.82828282828283;1;66.10878661087867
DILMA;40.20100502512563;1;69.00826446280992
DILMA;40.87591240875913;1;62.14511041009464
DILMA;29.487179487179485;1;75.0
DILMA;41.886792452830186;1;56.478405315614616
DILMA;45.09803921568628;1;61.76470588235294
DILMA;30.21276595744681;1;83.33333333333333
DILMA;34.285714285714285;1;76.84729064039409
DILMA;27.547169811320753;1;83.28530259365995
DILMA;46.103896103896105;1;78.86178861788618
DILMA;43.31983805668016;1;71.33333333333333
DILMA;30.285714285714285;1;72.27722772277228
DILMA;31.736526946107784;1;77.67441860465117
DILMA;23.29749103942652;1;72.7536231884058
DILMA;28.46153846153846;1;83.77581120943952
DILMA;28.51063829787234;1;77.44107744107744
DILMA;20.077220077220076;1;74.26900584795321
DILMA;40.16393442622951;1;69.03914590747331
DILMA;30.837004405286343;1;76.92307692307692
DILMA;26.79245283018868;1;77.94117647058823
DILMA;24.50980392156863;1;74.09326424870466
DILMA;20.149253731343283;1;75.58823529411765
DILMA;24.814814814814813;1;68.02325581395348
DILMA;23.202614379084967;1;76.0
DILMA;33.68055555555556;1;76.26666666666667
DILMA;21.895424836601308;1;76.0
DILMA;24.705882352941178;1;81.76470588235294
DILMA;45.18828451882845;1;75.0
DILMA;27.555555555555557;1;65.51724137931035
DILMA;66.66666666666667;1;79.56204379562044
DILMA;34.74178403755869;1;70.55016181229773
DILMA;42.7710843373494;1;68.0952380952381
DILMA;30.65326633165829;1;66.85393258426966
DILMA;20.80536912751678;1;79.63917525773196
DILMA;35.55555555555556;1;81.84818481848185
DILMA;25.925925925925927;1;84.1823056300268
DILMA;22.635135135135137;1;85.24590163934427
DILMA;31.501831501831504;1;87.05882352941177
DILMA;35.294117647058826;1;91.80327868852459
DILMA;22.5;1;86.17647058823529
DILMA;26.688102893890676;1;74.39353099730458
DILMA;40.76246334310851;1;78.37150127226464
DILMA;29.197080291970803;1;82.89855072463769
DILMA;25.0;1;90.990990990991
DILMA;53.42465753424658;1;71.76470588235294
DILMA;29.361702127659573;1;73.92739273927393
DILMA;34.64052287581699;1;72.92817679558011
DILMA;32.78688524590164;1;74.28571428571429
DILMA;23.711340206185568;1;67.79661016949153
DILMA;43.75;1;77.88461538461539
DILMA;35.504885993485345;1;80.21390374331551
DILMA;36.51877133105802;1;91.38888888888889
DILMA;33.21799307958477;1;82.55813953488372
DILMA;19.858156028368793;1;85.88235294117646
DILMA;72.636815920398;1;82.5910931174089
DILMA;77.35849056603773;1;83.33333333333333
DILMA;33.02325581395349;1;74.4186046511628
DILMA;33.57664233576642;1;85.38011695906432
DILMA;37.98701298701299;1;77.54010695187166
DILMA;18.01801801801802;1;83.94160583941606
DILMA;34.21052631578947;1;86.30952380952381
DILMA;28.415300546448087;1;84.91379310344827
DILMA;37.03703703703704;1;91.13573407202216
DILMA;24.67948717948718;1;82.26221079691517
DILMA;35.273972602739725;1;82.14285714285714
DILMA;33.11897106109325;1;78.66323907455013
DILMA;31.428571428571427;1;88.66279069767442
DILMA;23.75886524822695;1;73.42465753424658
DILMA;40.66390041493776;1;76.0942760942761
DILMA;32.967032967032964;1;82.02247191011236
DILMA;38.38028169014085;1;85.47486033519553
DILMA;31.986531986531986;1;81.72043010752688
DILMA;38.118811881188115;1;87.54716981132076
DILMA;35.8974358974359;1;65.94594594594595
DILMA;36.53846153846154;1;74.60317460317461
DILMA;54.335260115606935;1;84.21052631578948
DILMA;9.23076923076923;1;63.225806451612904
DILMA;49.029126213592235;1;77.45454545454545
DILMA;46.07843137254902;1;76.65369649805447
DILMA;48.421052631578945;1;75.62724014336918
DILMA;46.42857142857143;1;72.3021582733813
DILMA;46.3768115942029;1;74.37722419928825
DILMA;43.65482233502538;1;73.28519855595668
DILMA;49.029126213592235;1;69.03914590747331
DILMA;46.666666666666664;1;72.6086956521739
DILMA;45.58139534883721;1;79.02097902097903
DILMA;51.207729468599034;1;78.10218978102189
DILMA;42.5;1;77.58007117437722
DILMA;48.205128205128204;1;76.74418604651163
DILMA;47.417840375586856;1;73.10606060606061
DILMA;41.395348837209305;1;73.1800766283525
DILMA;43.43434343434343;1;75.5813953488372
DILMA;44.61538461538461;1;80.6949806949807
DILMA;46.15384615384615;1;80.4
DILMA;48.5;1;76.69172932330827
DILMA;48.108108108108105;1;73.25581395348837
DILMA;48.80952380952381;1;80.71748878923766
DILMA;50.943396226415096;1;80.51948051948052
DILMA;52.15311004784689;1;78.72340425531915
DILMA;40.19138755980861;1;76.06177606177606
DILMA;53.5;1;76.2589928057554
DILMA;50.96153846153846;1;75.36764705882354
DILMA;47.29064039408867;1;84.89208633093526
DILMA;49.107142857142854;1;87.36462093862816
DILMA;57.6036866359447;1;86.41114982578397
DILMA;46.96969696969697;1;82.62548262548262
DILMA;53.09278350515464;1;91.16465863453816
DILMA;45.416666666666664;1;90.84745762711864
DILMA;50.23474178403756;1;87.35632183908046
DILMA;46.18834080717489;1;89.5104895104895
DILMA;50.0;1;80.84291187739464
DILMA;65.78947368421052;1;90.65743944636678
DILMA;59.04761904761905;1;90.35714285714286
DILMA;50.73170731707317;1;92.46031746031746
DILMA;42.6865671641791;1;87.13692946058092
DILMA;52.48868778280543;1;90.97472924187726
DILMA;87.26415094339623;1;57.615894039735096
DILMA;63.2183908045977;1;65.14285714285714
DILMA;81.13207547169812;1;66.86746987951807
DILMA;62.60504201680672;1;89.5104895104895
DILMA;54.09090909090909;1;85.92057761732852
DILMA;43.43434343434343;1;80.84291187739464
DILMA;44.60093896713615;1;84.70149253731343
DILMA;40.67796610169491;1;87.93103448275862
DILMA;79.0909090909091;1;49.438202247191015
DILMA;75.64102564102564;1;52.027027027027025
DILMA;46.902654867256636;1;89.6797153024911
DILMA;62.5;1;90.2439024390244
DILMA;61.951219512195124;1;88.23529411764706
DILMA;42.20183486238532;1;94.67680608365019
DILMA;42.78350515463917;1;78.96825396825396
DILMA;43.61702127659574;1;68.62745098039215
DILMA;53.250773993808046;1;86.71586715867159
DILMA;47.755102040816325;1;87.16216216216216
DILMA;12.121212121212121;1;100.0
DILMA;66.04938271604938;1;84.82142857142857
DILMA;8.333333333333334;1;100.0
DILMA;41.8848167539267;1;64.70588235294117
DILMA;29.12621359223301;1;79.64601769911505
DILMA;88.19444444444444;1;61.95652173913044
DILMA;53.44827586206897;1;83.15412186379929
DILMA;60.204081632653065;1;60.43956043956044
DILMA;50.427350427350426;1;85.71428571428571
DILMA;56.89655172413793;1;85.52631578947368
DILMA;45.30386740331492;1;70.75098814229248
DILMA;53.2520325203252;1;86.44067796610169
DILMA;47.234042553191486;1;87.67605633802818
DILMA;37.956204379562045;1;56.68789808917197
DILMA;51.351351351351354;1;75.29411764705883
DILMA;27.33812949640288;1;72.31638418079096
DILMA;23.626373626373628;1;65.96638655462185
DILMA;28.21576763485477;1;74.46043165467626
DILMA;29.739776951672862;1;67.79661016949153
DILMA;38.392857142857146;1;59.24657534246575
DILMA;19.736842105263158;1;58.13148788927336
DILMA;20.982142857142858;1;59.7972972972973
DILMA;17.467248908296945;1;64.86486486486487
DILMA;19.469026548672566;1;68.38487972508591
DILMA;22.0532319391635;1;75.2442996742671
DILMA;21.890547263681594;1;66.7910447761194
DILMA;17.803030303030305;1;74.01315789473684
DILMA;20.717131474103585;1;85.33333333333333
DILMA;20.54794520547945;1;80.81180811808117
DILMA;25.0;1;86.44859813084112
DILMA;18.03921568627451;1;85.8044164037855
DILMA;27.238805970149254;1;74.78753541076487
DILMA;23.79182156133829;1;80.76923076923077
DILMA;27.77777777777778;1;71.91011235955057
DILMA;18.51851851851852;1;81.6
DILMA;18.88111888111888;1;81.74157303370787
DILMA;16.26984126984127;1;79.34426229508196
DILMA;24.870466321243523;1;69.0677966101695
DILMA;21.40077821011673;1;72.49190938511327
DILMA;31.985294117647058;1;75.0
DILMA;36.312849162011176;1;69.1304347826087
DILMA;28.96825396825397;1;65.65349544072949
DILMA;33.673469387755105;1;72.19917012448133
DILMA;20.218579234972676;1;81.48148148148148
DILMA;20.689655172413794;1;77.01863354037268
DILMA;25.925925925925927;1;70.53941908713693
DILMA;17.71217712177122;1;85.07462686567165
DILMA;32.94117647058823;1;66.43109540636043
DILMA;22.0;1;74.18032786885246
DILMA;23.381294964028775;1;80.23598820058997
DILMA;29.48207171314741;1;64.76510067114094
DILMA;22.22222222222222;1;78.87931034482759
DILMA;23.115577889447238;1;80.16528925619835
DILMA;15.625;1;81.70347003154573
DILMA;23.618090452261306;1;70.03891050583658
DILMA;30.434782608695652;1;69.5364238410596
DILMA;28.79377431906615;1;74.85875706214689
DILMA;38.75598086124402;1;72.51655629139073
DILMA;24.107142857142858;1;74.91039426523298
DILMA;30.065359477124183;1;71.5
DILMA;28.037383177570092;1;63.37448559670782
DILMA;16.49484536082474;1;70.16129032258064
DILMA;32.78145695364238;1;68.0
DILMA;23.15270935960591;1;68.01619433198381
DILMA;45.588235294117645;1;68.125
DILMA;28.048780487804876;1;47.31543624161074
DILMA;41.554054054054056;1;72.10031347962382
DILMA;34.065934065934066;1;67.14975845410628
DILMA;22.878228782287824;1;72.28915662650603
DILMA;28.651685393258425;1;58.08383233532934
DILMA;36.65689149560117;1;63.109756097560975
DILMA;34.437086092715234;1;71.875
DILMA;33.65384615384615;1;57.03703703703704
DILMA;20.3125;1;71.42857142857143
DILMA;20.361990950226243;1;55.84905660377358
DILMA;28.368794326241133;1;62.5
DILMA;32.20338983050848;1;56.94444444444444
DILMA;36.8;1;65.48042704626334
DILMA;39.42307692307692;1;74.13793103448276
DILMA;24.170616113744074;1;65.57377049180327
DILMA;16.071428571428573;1;64.2156862745098
DILMA;40.23668639053255;1;66.66666666666667
DILMA;15.294117647058824;1;54.054054054054056
DILMA;30.726256983240223;1;66.23376623376623
DILMA;21.25;1;74.60815047021944
DILMA;16.205533596837945;1;84.36482084690553
DILMA;14.163090128755364;1;79.5774647887324
DILMA;18.59504132231405;1;76.05633802816901
DILMA;20.58823529411765;1;61.148648648648646
DILMA;15.246636771300448;1;62.916666666666664
DILMA;20.081967213114755;1;81.08974358974359
DILMA;22.598870056497177;1;76.01809954751131
DILMA;30.81761006289308;1;58.666666666666664
DILMA;33.443708609271525;1;69.0537084398977
DILMA;24.770642201834864;1;73.8255033557047
DILMA;13.422818791946309;1;67.75956284153006
DILMA;18.77133105802048;1;85.21126760563381
DILMA;45.45454545454545;1;66.66666666666667
DILMA;63.095238095238095;1;58.42696629213483
DILMA;20.068027210884352;1;90.35812672176309
DILMA;31.25;1;61.64383561643836
DILMA;49.333333333333336;1;63.91752577319588
DILMA;45.714285714285715;1;68.46153846153847
DILMA;18.674698795180724;1;70.31963470319634
DILMA;25.380710659898476;1;76.76348547717842
DILMA;25.668449197860962;1;77.93427230046949
DILMA;12.949640287769784;1;69.51219512195122
DILMA;17.29106628242075;1;82.41758241758242
DILMA;18.597560975609756;1;69.89247311827957
DILMA;20.070422535211268;1;100.0
DILMA;16.883116883116884;1;92.85714285714286
DILMA;31.52173913043478;1;78.11158798283262
DILMA;23.83419689119171;1;60.07905138339921
DILMA;18.72340425531915;1;61.82432432432432
DILMA;21.08433734939759;1;59.701492537313435
DILMA;28.37837837837838;1;68.4981684981685
DILMA;23.166023166023166;1;68.13880126182966
DILMA;18.410041841004183;1;59.450171821305844
DILMA;20.388349514563107;1;63.50877192982456
DILMA;18.0;1;74.44794952681389
DILMA;22.265625;1;75.80174927113703
DILMA;24.858757062146893;1;60.45454545454545
DILMA;18.49056603773585;1;63.905325443786985
DILMA;16.725978647686834;1;63.08139534883721
DILMA;23.728813559322035;1;74.44444444444444
DILMA;21.64179104477612;1;69.83240223463687
DILMA;19.747899159663866;1;74.13249211356467
DILMA;22.926829268292682;1;70.52631578947368
DILMA;14.201183431952662;1;71.16279069767442
DILMA;14.785992217898833;1;69.85074626865672
DILMA;23.170731707317074;1;75.62189054726367
DILMA;14.624505928853756;1;79.11392405063292
DILMA;23.076923076923077;1;79.07949790794979
DILMA;25.112107623318387;1;70.9090909090909
DILMA;16.05504587155963;1;76.86832740213524
DILMA;24.102564102564102;1;64.57564575645756
DILMA;21.58273381294964;1;59.23913043478261
DILMA;24.496644295302012;1;70.29702970297029
DILMA;22.325581395348838;1;74.72527472527473
DILMA;22.127659574468087;1;69.41580756013745
DILMA;17.343173431734318;1;74.27184466019418
DILMA;21.54696132596685;1;82.64840182648402
DILMA;17.94871794871795;1;76.36363636363636
DILMA;16.939890710382514;1;76.036866359447
DILMA;21.708185053380785;1;71.29186602870813
DILMA;21.55688622754491;1;74.25742574257426
DILMA;14.84375;1;85.3125
DILMA;18.99441340782123;1;84.65116279069767
DILMA;27.93522267206478;1;61.702127659574465
DILMA;25.210084033613445;1;57.8397212543554
DILMA;19.08713692946058;1;76.7605633802817
DILMA;18.88888888888889;1;80.55555555555556
DILMA;30.90909090909091;1;63.669064748201436
DILMA;21.140939597315437;1;67.27272727272727
DILMA;15.2;1;67.58893280632411
DILMA;37.6;1;62.65432098765432
DILMA;14.166666666666666;1;81.03448275862068
DILMA;17.78846153846154;1;77.03703703703704
DILMA;23.03370786516854;1;73.51598173515981
DILMA;31.40495867768595;1;62.88343558282209
DILMA;23.195876288659793;1;73.10924369747899
DILMA;13.186813186813186;1;65.88785046728972
DILMA;38.497652582159624;1;71.14754098360656
DILMA;23.004694835680752;1;76.66666666666667
DILMA;28.125;1;77.20930232558139
DILMA;17.272727272727273;1;80.85106382978724
DILMA;37.55458515283843;1;70.33333333333333
DILMA;30.48780487804878;1;56.06060606060606
DILMA;35.51401869158879;1;57.049180327868854
DILMA;27.155172413793103;1;78.52564102564102
DILMA;34.70319634703196;1;66.996699669967
DILMA;18.46846846846847;1;81.05263157894737
DILMA;18.303571428571427;1;77.8169014084507
DILMA;35.094339622641506;1;58.734939759036145
DILMA;29.775280898876403;1;61.47186147186147
DILMA;37.11790393013101;1;53.559322033898304
DILMA;21.428571428571427;1;53.30396475770925
DILMA;19.54022988505747;1;79.93630573248407
DILMA;32.30769230769231;1;60.0
DILMA;36.75675675675676;1;63.75545851528384
DILMA;28.735632183908045;1;58.58585858585859
DILMA;25.0;1;76.72413793103448
DILMA;21.311475409836067;1;64.51612903225806
DILMA;23.056300268096514;1;59.32203389830509
DILMA;26.099706744868037;1;63.21525885558583
DILMA;13.066666666666666;1;46.17283950617284
DILMA;17.17948717948718;1;60.54421768707483
DILMA;16.949152542372882;1;58.81057268722467
DILMA;19.55922865013774;1;63.3587786259542
DILMA;19.060773480662984;1;59.04522613065327
DILMA;21.35135135135135;1;60.150375939849624
DILMA;17.557251908396946;1;61.52173913043478
DILMA;14.722222222222221;1;40.0
DILMA;14.663461538461538;1;56.7032967032967
DILMA;33.11258278145695;1;62.5748502994012
DILMA;35.46099290780142;1;60.74498567335244
DILMA;25.24590163934426;1;58.12274368231047
DILMA;22.429906542056074;1;62.880886426592795
DILMA;17.741935483870968;1;63.20224719101124
DILMA;20.87227414330218;1;65.85365853658537
DILMA;19.814241486068113;1;65.05681818181819
DILMA;16.86390532544379;1;52.51989389920424
DILMA;15.633423180592992;1;51.22549019607843
DILMA;18.75;1;50.0
DILMA;26.37795275590551;1;69.96466431095406
DILMA;17.263843648208468;1;58.38509316770186
DILMA;16.541353383458645;1;57.847533632286996
DILMA;15.223880597014926;1;62.91208791208791
DILMA;24.444444444444443;1;68.45070422535211
DILMA;17.56756756756757;1;61.29032258064516
DILMA;24.390243902439025;1;60.78431372549019
DILMA;18.635170603674542;1;56.49038461538461
DILMA;20.098039215686274;1;59.502262443438916
DILMA;13.136729222520108;1;56.829268292682926
DILMA;30.76923076923077;1;64.51612903225806
DILMA;16.032608695652176;1;54.20792079207921
DILMA;35.687732342007436;1;61.891117478510026
DILMA;22.22222222222222;1;66.84931506849315
DILMA;18.229166666666668;1;61.44578313253012
DILMA;12.874251497005988;1;61.62162162162162
DILMA;10.975609756097562;1;59.178082191780824
DILMA;29.166666666666668;1;78.60262008733625
DILMA;26.48221343873518;1;75.44483985765125
DILMA;12.537313432835822;1;61.68478260869565
DILMA;14.444444444444445;1;68.18181818181819
DILMA;15.384615384615385;1;50.70422535211268
DILMA;21.85929648241206;1;61.224489795918366
DILMA;22.424242424242426;1;68.80222841225627
DILMA;17.771084337349397;1;62.98342541436464
DILMA;19.25133689839572;1;60.53268765133172
DILMA;15.365239294710328;1;58.55855855855856
DILMA;21.661721068249257;1;65.37396121883657
DILMA;12.668463611859838;1;60.598503740648376
DILMA;12.288135593220339;1;52.80898876404494
DILMA;12.953367875647668;1;59.01639344262295
DILMA;10.893854748603353;1;54.232804232804234
DILMA;18.92744479495268;1;48.84393063583815
DILMA;11.722488038277511;1;61.19733924611973
DILMA;12.16931216931217;1;55.88235294117647
DILMA;10.344827586206897;1;55.94405594405595
DILMA;15.864022662889518;1;72.0
DILMA;14.429530201342281;1;54.86725663716814
DILMA;13.414634146341463;1;53.651685393258425
DILMA;15.254237288135593;1;67.82334384858044
DILMA;21.428571428571427;1;65.91639871382637
DILMA;17.478510028653297;1;65.03856041131105
DILMA;15.662650602409638;1;59.078590785907856
DILMA;21.40921409214092;1;63.96396396396396
DILMA;31.715210355987054;1;76.38483965014578
DILMA;35.256410256410255;1;76.85185185185185
DILMA;19.430051813471504;1;61.52125279642058
DILMA;34.163701067615655;1;63.608562691131496
DILMA;19.34426229508197;1;66.96969696969697
DILMA;18.560606060606062;1;59.515570934256054
DILMA;14.044943820224718;1;70.60367454068242
DILMA;15.0;1;68.46153846153847
DILMA;9.67741935483871;1;91.66666666666667
DILMA;18.282548476454295;1;63.970588235294116
DILMA;14.42080378250591;1;68.26086956521739
DILMA;17.92717086834734;1;66.83417085427136
DILMA;17.768595041322314;1;61.278195488721806
DILMA;15.263157894736842;1;62.40963855421687
DILMA;11.528150134048257;1;59.569377990430624
DILMA;10.824742268041238;1;61.22931442080378
DILMA;20.0;1;67.75700934579439
DILMA;10.060975609756097;1;72.26890756302521
DILMA;14.084507042253522;1;53.14861460957179
DILMA;13.941018766756033;1;59.80392156862745
DILMA;12.094395280235988;1;68.21917808219177
DILMA;43.542435424354245;1;67.3352435530086
DILMA;14.322250639386189;1;59.060402684563755
DILMA;13.872832369942197;1;66.16161616161617
DILMA;18.322981366459626;1;68.55524079320114
DILMA;26.068376068376068;1;77.12177121771218
DILMA;13.803680981595091;1;60.810810810810814
DILMA;16.844919786096256;1;65.20681265206812
DILMA;19.565217391304348;1;68.38235294117646
DILMA;23.463687150837988;1;50.24875621890547
DILMA;14.322916666666666;1;68.03874092009686
DILMA;28.72340425531915;1;72.2560975609756
DILMA;21.21212121212121;1;76.17647058823529
DILMA;16.40378548895899;1;68.55524079320114
DILMA;21.076233183856502;1;65.625
DILMA;15.934065934065934;1;82.51928020565553
DILMA;22.15568862275449;1;67.3913043478261
DILMA;14.361702127659575;1;72.50608272506082
DILMA;16.71641791044776;1;70.8108108108108
DILMA;13.6;1;63.56968215158924
DILMA;30.827067669172934;1;50.68027210884354
DILMA;11.241217798594848;1;49.0238611713666
DILMA;39.3574297188755;1;75.33783783783784
DILMA;25.19083969465649;1;61.0062893081761
DILMA;25.0;1;69.94219653179191
DILMA;12.011173184357542;1;61.48148148148148
DILMA;14.921465968586388;1;70.50359712230215
DILMA;11.26005361930295;1;63.507109004739334
DILMA;18.87905604719764;1;74.06483790523691
DILMA;13.221153846153847;1;66.73960612691467
DILMA;31.1864406779661;1;66.27565982404693
DILMA;15.864022662889518;1;67.59493670886076
DILMA;17.153284671532848;1;45.138888888888886
DILMA;13.157894736842104;1;69.24939467312349
DILMA;16.08040201005025;1;71.20535714285714
DILMA;22.55639097744361;1;75.23510971786834
DILMA;44.72573839662447;1;67.24738675958189
DILMA;13.648293963254593;1;58.74125874125874
DILMA;13.852813852813853;1;61.79775280898876
DILMA;20.34383954154728;1;67.3913043478261
DILMA;24.624624624624623;1;58.265582655826556
DILMA;12.652068126520682;1;66.88034188034187
DILMA;12.430939226519337;1;61.576354679802954
DILMA;12.595419847328245;1;48.771929824561404
DILMA;19.310344827586206;1;75.0
DILMA;15.517241379310345;1;67.08229426433915
DILMA;18.345323741007196;1;72.63843648208469
DILMA;17.269076305220885;1;57.735849056603776
DILMA;11.023622047244094;1;57.34265734265734
DILMA;15.0997150997151;1;74.36548223350253
DILMA;32.0;1;59.9406528189911
DILMA;21.05263157894737;1;78.86363636363636
DILMA;18.233618233618234;1;56.2962962962963
DILMA;53.37837837837838;1;69.87951807228916
DILMA;14.285714285714286;1;69.08212560386474
DILMA;15.819209039548022;1;62.18274111675127
DILMA;17.515923566878982;1;71.96765498652292
DILMA;13.58695652173913;1;81.67420814479638
DILMA;24.698795180722893;1;68.1592039800995
DILMA;15.025906735751295;1;68.61471861471861
DILMA;14.887640449438202;1;62.82722513089005
DILMA;14.594594594594595;1;57.53086419753087
DILMA;24.770642201834864;1;66.14173228346456
DILMA;25.0814332247557;1;80.05249343832021
DILMA;39.50617283950617;1;67.01030927835052
DILMA;15.536723163841808;1;63.5
DILMA;14.545454545454545;1;71.72774869109948
DILMA;16.292134831460675;1;64.44444444444444
DILMA;21.406727828746178;1;68.42105263157895
DILMA;19.333333333333332;1;60.36585365853659
DILMA;31.40495867768595;1;77.62237762237763
DILMA;15.217391304347826;1;55.8252427184466
DILMA;17.819148936170212;1;67.94055201698514
DILMA;24.47129909365559;1;79.01554404145078
DILMA;16.455696202531644;1;60.0
DILMA;24.04092071611253;1;69.75717439293598
DILMA;13.51981351981352;1;57.028112449799195
DILMA;26.903553299492387;1;69.95884773662551
DILMA;10.48951048951049;1;59.9388379204893
DILMA;17.884130982367758;1;68.47389558232932
DILMA;35.625;1;66.83417085427136
DILMA;15.633423180592992;1;55.14705882352941
DILMA;19.047619047619047;1;63.57142857142857
DILMA;16.95906432748538;1;67.50629722921914
DILMA;31.496062992125985;1;59.541984732824424
DILMA;12.612612612612613;1;58.94206549118388
DILMA;9.090909090909092;1;46.75
DILMA;27.058823529411764;1;62.765957446808514
DILMA;15.021459227467812;1;56.10687022900763
DILMA;17.391304347826086;1;61.22994652406417
DILMA;15.536723163841808;1;66.24685138539043
DILMA;14.47721179624665;1;52.07823960880196
DILMA;33.587786259541986;1;76.07361963190183
DILMA;11.694510739856803;1;64.78873239436619
DILMA;20.155038759689923;1;72.11538461538461
DILMA;19.696969696969695;1;76.0705289672544
DILMA;21.62162162162162;1;68.75
DILMA;40.0;1;57.66423357664234
DILMA;12.99638989169675;1;44.87179487179487
DILMA;10.9375;1;53.57142857142857
DILMA;14.018691588785046;1;55.118110236220474
DILMA;14.473684210526315;1;70.11494252873563
DILMA;14.285714285714286;1;72.36842105263158
DILMA;12.698412698412698;1;45.955882352941174
DILMA;29.23728813559322;1;63.837638376383765
DILMA;19.19191919191919;1;57.8125
DILMA;16.08040201005025;1;52.620087336244545
DILMA;17.452830188679247;1;51.13122171945702
DILMA;15.706806282722512;1;56.25
DILMA;13.744075829383887;1;55.76036866359447
DILMA;16.486486486486488;1;57.946210268948654
DILMA;14.516129032258064;1;52.17391304347826
DILMA;17.05685618729097;1;56.231884057971016
DILMA;17.034700315457414;1;58.092485549132945
DILMA;20.74074074074074;1;45.833333333333336
DILMA;29.365079365079364;1;70.1067615658363
DILMA;13.375796178343949;1;43.18181818181818
DILMA;12.580645161290322;1;52.60115606936416
DILMA;17.174515235457065;1;42.94294294294294
DILMA;17.452830188679247;1;46.32034632034632
DILMA;13.043478260869565;1;37.82608695652174
DILMA;15.774647887323944;1;43.38235294117647
DILMA;15.300546448087431;1;43.373493975903614
DILMA;18.03713527851459;1;44.390243902439025
DILMA;13.609467455621301;1;37.17277486910995
DILMA;22.941176470588236;1;35.13513513513514
DILMA;29.2;1;63.23529411764706
DILMA;23.25581395348837;1;62.634408602150536
DILMA;18.61198738170347;1;55.10752688172043
DILMA;21.451104100946374;1;64.48087431693989
DILMA;22.897196261682243;1;61.142857142857146
DILMA;19.838056680161944;1;52.89855072463768
DILMA;20.622568093385215;1;54.225352112676056
DILMA;23.42007434944238;1;58.78378378378378
DILMA;22.56809338521401;1;56.890459363957596
DILMA;18.13953488372093;1;33.093525179856115
DILMA;22.265625;1;67.3913043478261
DILMA;13.52112676056338;1;58.0
DILMA;14.16184971098266;1;57.5
DILMA;10.422535211267606;1;57.5
DILMA;21.068249258160236;1;57.73480662983425
DILMA;17.52577319587629;1;47.529411764705884
DILMA;13.520408163265307;1;56.705882352941174
DILMA;18.205128205128204;1;49.65034965034965
DILMA;10.755813953488373;1;58.1769436997319
DILMA;16.57608695652174;1;56.52173913043478
DILMA;16.445623342175065;1;56.09756097560975
DILMA;29.71698113207547;1;72.38805970149254
DILMA;14.19939577039275;1;50.28735632183908
DILMA;14.12639405204461;1;51.3986013986014
DILMA;15.555555555555555;1;45.63758389261745
DILMA;13.058419243986254;1;48.19672131147541
DILMA;19.23076923076923;1;44.44444444444444
DILMA;13.358778625954198;1;46.263345195729535
DILMA;17.15210355987055;1;51.343283582089555
DILMA;22.044728434504794;1;58.72093023255814
DILMA;18.91891891891892;1;67.2544080604534
DILMA;16.721311475409838;1;55.02958579881657
DILMA;26.52173913043478;1;73.23420074349443
DILMA;21.91780821917808;1;65.4434250764526
DILMA;17.647058823529413;1;50.62111801242236
DILMA;16.107382550335572;1;46.951219512195124
DILMA;13.201320132013201;1;49.848942598187314
DILMA;11.186440677966102;1;47.96238244514107
DILMA;31.59722222222222;1;61.755485893416925
DILMA;11.748633879781421;1;53.51089588377724
DILMA;19.68503937007874;1;64.28571428571429
DILMA;19.346049046321525;1;60.9375
DILMA;14.814814814814815;1;54.27927927927928
DILMA;33.50253807106599;1;71.36752136752136
DILMA;13.404825737265416;1;52.227722772277225
DILMA;12.182741116751268;1;52.300242130750604
DILMA;16.422287390029325;1;52.254641909814325
DILMA;19.65811965811966;1;56.21890547263681
DILMA;16.42651296829971;1;62.71604938271605
DILMA;15.342465753424657;1;59.036144578313255
DILMA;17.073170731707318;1;61.666666666666664
DILMA;16.666666666666668;1;54.49438202247191
DILMA;16.890080428954423;1;59.427207637231504
DILMA;22.802197802197803;1;64.07322654462243
