NULO;3.5714285714285716;2;48.82629107981221
NULO;2.6785714285714284;2;52.30125523012552
NULO;4.166666666666667;2;44.05797101449275
NULO;3.1847133757961785;2;43.26647564469914
NULO;1.8181818181818181;2;61.47540983606557
NULO;3.7914691943127963;2;57.6271186440678
NULO;3.5353535353535355;2;46.04651162790697
NULO;3.6809815950920246;2;47.77777777777778
NULO;2.5974025974025974;2;43.50961538461539
NULO;1.0471204188481675;2;46.228710462287104
NULO;6.0606060606060606;2;44.656488549618324
NULO;1.2820512820512822;2;49.43396226415094
NULO;3.6363636363636362;2;44.751381215469614
NULO;2.6315789473684212;2;39.906103286384976
NULO;5.485232067510548;2;47.407407407407405
NULO;0.36496350364963503;2;44.554455445544555
NULO;4.1450777202072535;2;54.716981132075475
NULO;2.73224043715847;2;55.3921568627451
NULO;2.808988764044944;2;50.24875621890547
NULO;4.504504504504505;2;45.833333333333336
NULO;5.333333333333333;2;51.36363636363637
NULO;3.4782608695652173;2;45.564516129032256
NULO;0.9803921568627451;2;48.90829694323144
NULO;3.6036036036036037;2;47.5
NULO;1.794871794871795;2;47.11316397228637
NULO;3.061224489795918;2;45.642201834862384
NULO;1.530612244897959;2;51.14678899082569
NULO;1.941747572815534;2;53.94736842105263
NULO;2.5547445255474455;2;44.370860927152314
NULO;2.272727272727273;2;50.59171597633136
NULO;3.0927835051546393;2;50.0
NULO;2.9702970297029703;2;48.648648648648646
NULO;0.4784688995215311;2;41.6289592760181
NULO;3.9755351681957185;2;51.832460732984295
NULO;5.442176870748299;2;55.55555555555556
NULO;1.5625;2;47.51131221719457
NULO;4.86322188449848;2;51.075268817204304
NULO;1.0869565217391304;2;47.61904761904762
NULO;4.262295081967213;2;52.27963525835866
NULO;1.9920318725099602;2;47.23247232472325
NULO;2.8846153846153846;2;52.91479820627803
NULO;2.8846153846153846;2;51.13636363636363
NULO;9.066666666666666;2;48.02784222737819
NULO;1.0389610389610389;2;46.741573033707866
NULO;2.3391812865497075;2;46.03174603174603
NULO;3.641456582633053;2;45.7286432160804
NULO;2.1352313167259784;2;44.85049833887043
NULO;5.865102639296188;2;47.63157894736842
NULO;2.3972602739726026;2;43.641618497109825
NULO;1.680672268907563;2;49.647887323943664
NULO;1.8018018018018018;2;49.21465968586387
NULO;1.8604651162790697;2;43.946188340807176
NULO;2.7888446215139444;2;47.794117647058826
NULO;4.6875;2;46.15384615384615
NULO;1.2232415902140672;2;41.514360313315926
NULO;1.1049723756906078;2;51.32275132275132
NULO;1.5873015873015872;2;52.02312138728324
NULO;2.4390243902439024;2;50.23041474654378
NULO;2.506265664160401;2;46.34146341463415
NULO;2.094240837696335;2;46.26168224299065
NULO;2.1806853582554515;2;48.8235294117647
NULO;2.985074626865672;2;42.480211081794195
NULO;2.4038461538461537;2;52.608695652173914
NULO;1.4005602240896358;2;45.04950495049505
NULO;1.4880952380952381;2;39.10614525139665
NULO;6.976744186046512;2;39.82683982683983
NULO;4.557640750670242;2;41.935483870967744
NULO;6.363636363636363;2;47.277936962750715
NULO;4.087193460490464;2;46.2962962962963
NULO;2.304147465437788;2;52.56410256410256
NULO;3.9660056657223794;2;42.92929292929293
NULO;0.8333333333333334;2;40.94488188976378
NULO;2.73224043715847;2;48.0
NULO;2.183406113537118;2;50.4
NULO;1.4634146341463414;2;52.03252032520325
NULO;2.9535864978902953;2;51.111111111111114
NULO;1.3215859030837005;2;44.67213114754098
NULO;3.125;2;49.35064935064935
NULO;3.4364261168384878;2;49.7093023255814
NULO;2.857142857142857;2;45.1530612244898
NULO;1.4545454545454546;2;46.82274247491639
NULO;2.793296089385475;2;48.76847290640394
NULO;3.0303030303030303;2;55.32544378698225
NULO;1.7699115044247788;2;53.036437246963565
NULO;2.127659574468085;2;47.5609756097561
NULO;3.8062283737024223;2;45.481049562682216
NULO;2.459016393442623;2;41.1764705882353
NULO;2.525252525252525;2;50.0
NULO;5.882352941176471;2;46.36363636363637
NULO;2.73224043715847;2;45.72072072072072
NULO;2.6455026455026456;2;49.54545454545455
NULO;3.037974683544304;2;48.89867841409691
NULO;0.5;2;50.22222222222222
NULO;4.3478260869565215;2;48.29545454545455
NULO;2.8735632183908044;2;43.58974358974359
NULO;2.5078369905956115;2;51.142857142857146
NULO;3.864734299516908;2;50.0
NULO;2.292263610315186;2;43.08093994778068
NULO;3.9577836411609497;2;48.49187935034803
NULO;0.5154639175257731;2;42.10526315789474
NULO;2.8368794326241136;2;41.25
NULO;2.6548672566371683;2;46.70184696569921
NULO;2.4456521739130435;2;48.18181818181818
NULO;3.8147138964577656;2;47.03196347031963
NULO;2.857142857142857;2;47.65840220385675
NULO;1.917808219178082;2;41.19106699751861
NULO;2.3684210526315788;2;48.20627802690583
NULO;5.675675675675675;2;48.07256235827664
NULO;2.3323615160349855;2;48.311688311688314
NULO;3.021978021978022;2;53.482587064676615
NULO;1.6666666666666667;2;44.85294117647059
NULO;4.092071611253197;2;42.731277533039645
NULO;3.468208092485549;2;49.06666666666667
NULO;2.857142857142857;2;48.873873873873876
NULO;3.380281690140845;2;48.44559585492228
NULO;5.54089709762533;2;47.99107142857143
NULO;2.6109660574412534;2;48.4304932735426
NULO;3.225806451612903;2;45.18348623853211
NULO;5.585106382978723;2;44.41860465116279
NULO;3.225806451612903;2;43.63636363636363
NULO;3.826530612244898;2;42.731277533039645
NULO;3.951367781155015;2;44.32432432432432
NULO;5.115089514066496;2;45.82392776523702
NULO;2.3391812865497075;2;39.84375
NULO;4.62962962962963;2;46.02739726027397
NULO;3.1746031746031744;2;48.223350253807105
NULO;3.0508474576271185;2;54.87012987012987
NULO;2.6143790849673203;2;50.43731778425656
NULO;2.3529411764705883;2;51.01010101010101
NULO;4.234527687296417;2;48.5632183908046
NULO;3.0303030303030303;2;44.34782608695652
NULO;4.712041884816754;2;46.01366742596811
NULO;3.4031413612565444;2;46.97986577181208
NULO;3.3783783783783785;2;47.747747747747745
NULO;3.045685279187817;2;49.23747276688453
NULO;2.857142857142857;2;45.19015659955257
NULO;4.3478260869565215;2;48.05491990846682
NULO;2.43161094224924;2;50.63938618925831
NULO;2.8947368421052633;2;49.44320712694878
NULO;4.180064308681672;2;44.19263456090651
NULO;3.4031413612565444;2;45.168539325842694
NULO;4.046242774566474;2;52.94117647058823
NULO;2.1806853582554515;2;46.13333333333333
NULO;3.116883116883117;2;49.88864142538976
NULO;5.337078651685394;2;47.62979683972912
NULO;4.324324324324325;2;44.49877750611247
NULO;2.684563758389262;2;44.705882352941174
NULO;1.6713091922005572;2;48.17351598173516
NULO;2.3376623376623376;2;47.88418708240535
NULO;2.147239263803681;2;45.026178010471206
NULO;3.430079155672823;2;45.168539325842694
NULO;1.1428571428571428;2;35.8974358974359
NULO;3.5135135135135136;2;51.04408352668214
NULO;5.839416058394161;2;48.57142857142857
NULO;4.416403785488959;2;41.952506596306065
NULO;5.607476635514018;2;42.17877094972067
NULO;3.3240997229916895;2;48.9749430523918
NULO;2.710843373493976;2;47.07379134860051
NULO;1.8421052631578947;2;48.54586129753915
NULO;8.11965811965812;2;43.25396825396825
NULO;8.42911877394636;2;52.63157894736842
NULO;2.608695652173913;2;47.916666666666664
NULO;2.6954177897574123;2;47.07112970711297
NULO;3.0303030303030303;2;40.61757719714964
NULO;5.513784461152882;2;40.36144578313253
NULO;6.441717791411043;2;39.39393939393939
NULO;1.941747572815534;2;45.67901234567901
NULO;1.9943019943019944;2;52.0
NULO;5.607476635514018;2;58.273381294964025
NULO;4.929577464788732;2;41.24748490945674
NULO;0.7692307692307693;2;52.7972027972028
NULO;7.964601769911504;2;56.557377049180324
NULO;1.4285714285714286;2;37.086092715231786
NULO;3.2;2;43.566591422121896
NULO;3.3112582781456954;2;53.01204819277108
NULO;2.985074626865672;2;42.40837696335078
NULO;2.857142857142857;2;36.52173913043478
NULO;4.166666666666667;2;47.99196787148595
NULO;4.260651629072682;2;51.20967741935484
NULO;5.583756345177665;2;51.36186770428016
NULO;2.2900763358778624;2;51.25
NULO;3.4482758620689653;2;50.306748466257666
NULO;4.0358744394618835;2;54.09836065573771
NULO;3.669724770642202;2;46.82539682539682
NULO;9.090909090909092;2;56.97674418604651
NULO;1.5384615384615385;2;47.05882352941177
NULO;1.968503937007874;2;45.051194539249146
NULO;4.676258992805756;2;42.94871794871795
NULO;6.25;2;44.983818770226534
NULO;3.5714285714285716;2;47.284345047923324
NULO;2.18978102189781;2;50.80385852090032
NULO;3.883495145631068;2;55.172413793103445
NULO;2.807017543859649;2;46.835443037974684
NULO;2.272727272727273;2;52.80898876404494
NULO;4.910714285714286;2;48.08510638297872
NULO;1.3574660633484164;2;47.5609756097561
NULO;2.955665024630542;2;42.0353982300885
NULO;2.032520325203252;2;48.943661971830984
NULO;4.166666666666667;2;50.78534031413613
NULO;3.363914373088685;2;48.77384196185286
NULO;2.985074626865672;2;48.55643044619423
NULO;3.2448377581120944;2;44.75
NULO;3.493449781659389;2;42.023346303501945
NULO;1.7391304347826086;2;43.08300395256917
NULO;2.928870292887029;2;39.38223938223938
NULO;2.074688796680498;2;56.52173913043478
NULO;3.9647577092511015;2;47.24409448818898
NULO;3.493449781659389;2;46.89922480620155
NULO;2.690582959641256;2;45.95744680851064
NULO;3.553299492385787;2;47.747747747747745
NULO;3.278688524590164;2;43.1924882629108
NULO;3.2710280373831777;2;44.255319148936174
NULO;5.853658536585366;2;42.35807860262009
NULO;2.0;2;47.08029197080292
NULO;6.273062730627307;2;56.52173913043478
NULO;3.278688524590164;2;49.775784753363226
NULO;4.53257790368272;2;42.3469387755102
NULO;2.73224043715847;2;51.256281407035175
NULO;2.73224043715847;2;44.27860696517413
NULO;3.3707865168539324;2;38.5
NULO;6.629834254143646;2;41.05263157894737
NULO;3.0150753768844223;2;43.1578947368421
NULO;1.4749262536873156;2;44.29347826086956
NULO;0.6269592476489029;2;45.01424501424501
NULO;3.4482758620689653;2;44.84679665738162
NULO;1.9774011299435028;2;47.75725593667546
NULO;6.95970695970696;2;56.231884057971016
NULO;2.25;2;47.08520179372197
NULO;2.0;2;48.663101604278076
NULO;4.659498207885305;2;47.72036474164134
NULO;1.5822784810126582;2;48.06629834254144
NULO;5.405405405405405;2;47.30538922155689
NULO;3.2581453634085213;2;43.37078651685393
NULO;4.488778054862843;2;42.37668161434978
NULO;1.4492753623188406;2;50.0
NULO;1.2698412698412698;2;49.85422740524781
NULO;1.5789473684210527;2;44.54976303317535
NULO;6.474820143884892;2;51.91740412979351
NULO;3.498542274052478;2;54.06091370558376
NULO;1.5105740181268883;2;45.08196721311475
NULO;2.2670025188916876;2;42.53897550111358
NULO;4.810996563573883;2;54.91803278688525
NULO;4.0;2;55.23809523809524
NULO;0.872093023255814;2;47.83783783783784
NULO;2.4464831804281344;2;43.888888888888886
NULO;4.697986577181208;2;55.48780487804878
NULO;2.6936026936026938;2;48.11594202898551
NULO;5.511811023622047;2;57.605177993527505
NULO;2.711864406779661;2;58.16618911174785
NULO;1.5151515151515151;2;45.63380281690141
NULO;3.4129692832764507;2;49.421965317919074
NULO;2.4813895781637716;2;47.006651884700666
NULO;1.4326647564469914;2;44.08060453400504
NULO;6.5476190476190474;2;50.45454545454545
NULO;1.4164305949008498;2;45.799457994579946
NULO;0.9174311926605505;2;46.26038781163435
NULO;2.416918429003021;2;50.69637883008357
NULO;1.4598540145985401;2;49.0
NULO;1.1661807580174928;2;42.77929155313352
NULO;6.299212598425197;2;54.23728813559322
NULO;3.4482758620689653;2;43.13099041533546
NULO;1.7647058823529411;2;43.69973190348526
NULO;1.7241379310344827;2;47.756410256410255
NULO;1.518987341772152;2;43.53741496598639
NULO;4.057971014492754;2;46.81933842239186
NULO;5.080213903743315;2;44.06392694063927
NULO;3.7681159420289854;2;47.66839378238342
NULO;8.529411764705882;2;41.11675126903553
NULO;0.24271844660194175;2;43.497757847533634
NULO;3.1161473087818696;2;43.97905759162304
NULO;2.2222222222222223;2;50.66225165562914
NULO;2.842377260981912;2;48.1981981981982
NULO;5.947955390334572;2;48.24561403508772
NULO;1.694915254237288;2;42.023346303501945
NULO;1.5384615384615385;2;42.41573033707865
NULO;2.557544757033248;2;47.33178654292343
NULO;3.910614525139665;2;44.89795918367347
NULO;4.9079754601226995;2;51.94444444444444
NULO;1.9900497512437811;2;47.57709251101321
NULO;4.37956204379562;2;52.58358662613982
NULO;4.322766570605188;2;48.84318766066838
NULO;2.6315789473684212;2;46.644295302013425
NULO;3.2051282051282053;2;51.666666666666664
NULO;4.705882352941177;2;40.90909090909091
NULO;9.333333333333334;2;58.70786516853933
NULO;1.10803324099723;2;44.41624365482234
NULO;1.7857142857142858;2;48.1981981981982
NULO;2.035623409669211;2;40.04524886877828
NULO;5.142857142857143;2;50.51282051282051
NULO;1.6778523489932886;2;48.97959183673469
NULO;3.896103896103896;2;44.49438202247191
NULO;3.260869565217391;2;48.78048780487805
NULO;1.2269938650306749;2;45.983379501385045
NULO;1.6666666666666667;2;46.954314720812185
NULO;2.1951219512195124;2;42.11711711711712
NULO;0.8875739644970414;2;46.83195592286501
NULO;2.842377260981912;2;41.666666666666664
NULO;2.7607361963190185;2;42.391304347826086
NULO;2.3323615160349855;2;46.373056994818654
NULO;1.9704433497536946;2;48.52607709750567
NULO;6.854838709677419;2;54.57516339869281
NULO;1.6908212560386473;2;46.25550660792952
NULO;1.6853932584269662;2;44.94949494949495
NULO;3.3078880407124682;2;44.29530201342282
NULO;2.0050125313283207;2;39.018691588785046
NULO;4.6875;2;40.888888888888886
NULO;2.9069767441860463;2;42.857142857142854
NULO;1.1799410029498525;2;48.46153846153846
NULO;2.284263959390863;2;47.309417040358746
NULO;1.4705882352941178;2;44.78114478114478
NULO;1.1560693641618498;2;45.59585492227979
NULO;2.0689655172413794;2;42.49201277955272
NULO;4.242424242424242;2;46.3611859838275
NULO;2.6548672566371683;2;43.91534391534392
NULO;4.601226993865031;2;40.38461538461539
NULO;2.952029520295203;2;45.93023255813954
NULO;2.830188679245283;2;44.0
NULO;2.8846153846153846;2;44.24778761061947
NULO;1.1111111111111112;2;43.627450980392155
NULO;3.835616438356164;2;41.37931034482759
NULO;2.848101265822785;2;49.447513812154696
NULO;2.5568181818181817;2;44.87179487179487
NULO;1.7369727047146402;2;46.78492239467849
NULO;8.955223880597014;2;51.482479784366575
NULO;2.9069767441860463;2;43.455497382198956
NULO;6.181818181818182;2;49.70238095238095
NULO;1.3966480446927374;2;41.86046511627907
NULO;4.843304843304844;2;42.11886304909561
NULO;1.6;2;44.70899470899471
NULO;7.758620689655173;2;48.34437086092715
NULO;1.7543859649122806;2;84.0
NULO;3.3846153846153846;2;45.938375350140056
NULO;8.695652173913043;2;98.64864864864865
NULO;2.359882005899705;2;41.16094986807388
NULO;3.0303030303030303;2;45.36082474226804
NULO;1.5789473684210527;2;36.44859813084112
NULO;3.9156626506024095;2;40.28169014084507
NULO;1.2285012285012284;2;44.742729306487696
NULO;3.4722222222222223;2;39.39393939393939
NULO;0.6514657980456026;2;40.76086956521739
NULO;4.980842911877395;2;52.56797583081571
NULO;3.723404255319149;2;35.266821345707655
NULO;4.119850187265918;2;51.757188498402556
NULO;4.584527220630372;2;47.53694581280788
NULO;6.10079575596817;2;42.06896551724138
NULO;1.6129032258064515;2;42.64264264264264
NULO;3.9274924471299095;2;47.15447154471545
NULO;2.349869451697128;2;48.99777282850779
NULO;3.611111111111111;2;41.666666666666664
NULO;1.3736263736263736;2;44.30992736077482
NULO;2.5078369905956115;2;44.35028248587571
NULO;1.6666666666666667;2;40.0
NULO;4.577464788732394;2;52.02312138728324
NULO;4.627249357326479;2;41.16279069767442
NULO;2.840909090909091;2;52.35849056603774
NULO;0.6493506493506493;2;43.323442136498514
NULO;2.393617021276596;2;35.92964824120603
NULO;2.393617021276596;2;40.090090090090094
NULO;1.1019283746556474;2;44.730679156908664
NULO;2.1563342318059298;2;48.764044943820224
NULO;2.1220159151193636;2;38.11764705882353
NULO;2.73972602739726;2;49.27536231884058
NULO;0.8498583569405099;2;48.75
NULO;3.864734299516908;2;42.016806722689076
NULO;2.622950819672131;2;47.16417910447761
NULO;3.361344537815126;2;45.283018867924525
NULO;1.8237082066869301;2;47.54521963824289
NULO;2.849002849002849;2;44.75
NULO;2.5641025641025643;2;50.26737967914438
NULO;2.0905923344947737;2;44.03669724770642
NULO;1.1976047904191616;2;38.020833333333336
NULO;3.1446540880503147;2;49.43181818181818
NULO;1.9943019943019944;2;50.33557046979866
NULO;5.4945054945054945;2;42.42424242424242
NULO;1.9083969465648856;2;44.18604651162791
NULO;3.910614525139665;2;50.45454545454545
NULO;2.2222222222222223;2;36.666666666666664
NULO;5.9171597633136095;2;48.54368932038835
NULO;4.081632653061225;2;45.81005586592179
NULO;1.8575851393188854;2;47.175141242937855
NULO;8.108108108108109;2;50.526315789473685
NULO;2.9315960912052117;2;46.19718309859155
NULO;2.1739130434782608;2;44.7887323943662
NULO;1.2903225806451613;2;48.554913294797686
NULO;6.692913385826771;2;56.441717791411044
NULO;0.8450704225352113;2;48.484848484848484
NULO;2.150537634408602;2;45.27363184079602
NULO;0.5434782608695652;2;48.5
NULO;1.5060240963855422;2;51.61290322580645
NULO;2.046783625730994;2;49.59128065395095
NULO;0.6269592476489029;2;50.67385444743935
NULO;0.746268656716418;2;47.491638795986624
NULO;1.9011406844106464;2;41.83673469387755
NULO;0.5714285714285714;2;43.07692307692308
NULO;2.2792022792022792;2;41.475826972010175
NULO;5.2631578947368425;2;62.006079027355625
NULO;2.0648967551622417;2;41.62303664921466
NULO;5.58659217877095;2;46.8421052631579
NULO;4.2682926829268295;2;54.14364640883978
NULO;2.5974025974025974;2;45.81395348837209
NULO;3.4574468085106385;2;45.19906323185012
NULO;4.0;2;47.906976744186046
NULO;3.7735849056603774;2;48.5781990521327
NULO;1.6597510373443984;2;46.38783269961977
NULO;0.8064516129032258;2;48.249027237354085
NULO;2.5531914893617023;2;47.148288973384034
NULO;4.878048780487805;2;58.71559633027523
NULO;2.185792349726776;2;45.27363184079602
NULO;3.910614525139665;2;47.69230769230769
NULO;3.910614525139665;2;44.270833333333336
NULO;1.2738853503184713;2;51.76470588235294
NULO;2.623906705539359;2;45.21963824289406
NULO;3.0898876404494384;2;48.83720930232558
NULO;1.5479876160990713;2;45.938375350140056
NULO;2.43161094224924;2;45.85635359116022
NULO;3.116883116883117;2;46.380090497737555
NULO;2.7777777777777777;2;45.13274336283186
NULO;5.847953216374269;2;59.06976744186046
NULO;3.7681159420289854;2;46.774193548387096
NULO;3.651685393258427;2;43.76590330788804
NULO;2.2535211267605635;2;42.857142857142854
NULO;3.0303030303030303;2;42.89617486338798
NULO;3.076923076923077;2;49.528301886792455
NULO;5.080213903743315;2;41.333333333333336
NULO;4.776119402985074;2;50.0
NULO;3.0726256983240225;2;45.52238805970149
NULO;4.5584045584045585;2;44.96314496314496
NULO;5.681818181818182;2;51.89003436426117
NULO;7.191780821917808;2;54.6448087431694
NULO;2.4657534246575343;2;45.340050377833755
NULO;1.6216216216216217;2;47.422680412371136
NULO;0.5780346820809249;2;48.329048843187664
NULO;3.225806451612903;2;52.41635687732342
NULO;2.4523160762942777;2;47.174447174447174
NULO;2.42914979757085;2;50.56603773584906
NULO;1.6129032258064515;2;54.61538461538461
NULO;2.097902097902098;2;47.72727272727273
NULO;1.4336917562724014;2;44.89795918367347
NULO;2.0833333333333335;2;40.22222222222222
NULO;4.067796610169491;2;52.459016393442624
NULO;3.6939313984168867;2;45.61797752808989
NULO;2.0;2;42.82511210762332
NULO;4.336734693877551;2;47.77777777777778
NULO;4.109589041095891;2;43.84858044164038
NULO;2.6143790849673203;2;45.535714285714285
NULO;2.4539877300613497;2;45.2991452991453
NULO;4.913294797687861;2;45.26854219948849
NULO;2.9154518950437316;2;47.570332480818415
NULO;5.015673981191223;2;50.0
NULO;3.7151702786377707;2;54.67032967032967
NULO;2.295918367346939;2;48.25174825174825
NULO;5.05050505050505;2;46.59090909090909
NULO;2.8350515463917527;2;46.91943127962085
NULO;5.074626865671642;2;53.211009174311926
NULO;2.512562814070352;2;46.62162162162162
NULO;1.937046004842615;2;50.33112582781457
NULO;3.1862745098039214;2;45.887445887445885
NULO;1.7241379310344827;2;40.848214285714285
NULO;1.897018970189702;2;44.801980198019805
NULO;4.504504504504505;2;49.11032028469751
NULO;9.745762711864407;2;55.55555555555556
NULO;6.349206349206349;2;57.61194029850746
NULO;1.694915254237288;2;60.0
NULO;1.7777777777777777;2;55.47945205479452
NULO;8.256880733944953;2;53.31010452961672
NULO;2.5641025641025643;2;54.151624548736464
NULO;4.366812227074236;2;53.63321799307958
NULO;6.140350877192983;2;53.68421052631579
NULO;4.782608695652174;2;52.17391304347826
NULO;4.166666666666667;2;56.94444444444444
NULO;6.666666666666667;2;49.11032028469751
NULO;3.5242290748898677;2;52.32974910394265
NULO;3.255813953488372;2;54.752851711026615
NULO;5.627705627705628;2;57.08502024291498
NULO;3.125;2;54.982817869415804
NULO;4.324324324324325;2;55.921052631578945
NULO;5.769230769230769;2;56.60377358490566
NULO;4.564315352697095;2;50.16181229773463
NULO;5.179282868525896;2;48.23529411764706
NULO;6.763285024154589;2;55.55555555555556
NULO;6.521739130434782;2;51.09489051094891
NULO;5.365853658536586;2;50.709219858156025
NULO;5.932203389830509;2;52.59515570934256
NULO;9.58904109589041;2;54.08163265306123
NULO;7.051282051282051;2;60.46511627906977
NULO;7.086614173228346;2;60.97560975609756
NULO;8.256880733944953;2;59.541984732824424
NULO;2.857142857142857;2;55.75221238938053
NULO;5.1020408163265305;2;57.407407407407405
NULO;7.258064516129032;2;61.1764705882353
NULO;5.660377358490566;2;49.4661921708185
NULO;2.459016393442623;2;42.0
NULO;8.024691358024691;2;39.37007874015748
NULO;3.723404255319149;2;54.5945945945946
NULO;5.741626794258373;2;49.07063197026022
NULO;2.027027027027027;2;50.28901734104046
NULO;5.797101449275362;2;39.02439024390244
NULO;4.9079754601226995;2;40.625
NULO;3.0973451327433628;2;47.03947368421053
NULO;7.048458149779735;2;47.88273615635179
NULO;5.769230769230769;2;53.14685314685315
NULO;4.946996466431095;2;46.41638225255973
NULO;5.339805825242719;2;49.65277777777778
NULO;4.545454545454546;2;50.0
NULO;33.61344537815126;2;48.38709677419355
NULO;4.591836734693878;2;55.32786885245902
NULO;7.142857142857143;2;56.962025316455694
NULO;6.25;2;48.76847290640394
NULO;5.579399141630901;2;46.53465346534654
NULO;1.520912547528517;2;51.4367816091954
NULO;3.007518796992481;2;44.30379746835443
NULO;3.278688524590164;2;57.534246575342465
NULO;5.714285714285714;2;53.67088607594937
NULO;5.2264808362369335;2;53.015075376884425
NULO;5.442176870748299;2;55.76407506702413
NULO;7.6923076923076925;2;52.1978021978022
NULO;6.563706563706564;2;49.307479224376735
NULO;7.352941176470588;2;48.199445983379505
NULO;4.891304347826087;2;55.73770491803279
NULO;5.681818181818182;2;56.326530612244895
NULO;4.741379310344827;2;45.659163987138264
NULO;5.038759689922481;2;54.335260115606935
NULO;5.394190871369295;2;56.73076923076923
NULO;3.9130434782608696;2;46.794871794871796
NULO;7.8125;2;54.45859872611465
NULO;4.564315352697095;2;52.56797583081571
NULO;11.194029850746269;2;51.1764705882353
NULO;5.084745762711864;2;52.94117647058823
NULO;2.7027027027027026;2;50.0
NULO;5.466237942122186;2;49.620253164556964
NULO;6.0;2;52.94117647058823
NULO;8.045977011494253;2;58.09018567639257
NULO;5.639097744360902;2;50.140845070422536
NULO;8.235294117647058;2;53.723404255319146
NULO;3.6036036036036037;2;51.21951219512195
NULO;7.2796934865900385;2;52.459016393442624
NULO;4.285714285714286;2;46.59400544959128
NULO;2.127659574468085;2;55.12820512820513
NULO;4.946996466431095;2;49.61832061068702
NULO;5.1194539249146755;2;50.63938618925831
NULO;5.084745762711864;2;54.39330543933055
NULO;8.771929824561404;2;55.23012552301255
NULO;5.213270142180095;2;56.89655172413793
NULO;5.857740585774058;2;53.333333333333336
NULO;6.701030927835052;2;51.973684210526315
NULO;5.245901639344262;2;48.994974874371856
NULO;5.144694533762058;2;54.2713567839196
NULO;7.317073170731708;2;52.141057934508815
NULO;3.289473684210526;2;53.43511450381679
NULO;3.7800687285223367;2;51.26262626262626
NULO;4.745762711864407;2;48.98989898989899
NULO;8.461538461538462;2;57.22222222222222
NULO;9.025270758122744;2;55.124653739612185
NULO;5.762711864406779;2;50.12658227848101
NULO;3.426791277258567;2;50.12787723785166
NULO;7.666666666666667;2;57.10659898477157
NULO;2.3728813559322033;2;57.43589743589744
NULO;3.5714285714285716;2;56.962025316455694
NULO;5.676855895196507;2;51.111111111111114
NULO;4.4673539518900345;2;52.94117647058823
NULO;3.3333333333333335;2;53.37243401759531
NULO;5.992509363295881;2;48.11594202898551
NULO;7.6923076923076925;2;50.445103857566764
NULO;8.108108108108109;2;55.29801324503311
NULO;7.0;2;57.326478149100254
NULO;6.688963210702341;2;52.31958762886598
NULO;7.547169811320755;2;55.04201680672269
NULO;11.11111111111111;2;42.25352112676056
NULO;3.9603960396039604;2;49.583333333333336
NULO;3.543307086614173;2;52.03761755485893
NULO;3.6363636363636362;2;48.24561403508772
NULO;13.461538461538462;2;54.81171548117155
NULO;4.819277108433735;2;41.80064308681672
NULO;7.142857142857143;2;45.07936507936508
NULO;2.848101265822785;2;54.54545454545455
NULO;3.501945525291829;2;49.546827794561935
NULO;4.016064257028113;2;49.707602339181285
NULO;2.6578073089700998;2;46.596858638743456
NULO;1.2820512820512822;2;46.644295302013425
NULO;5.39568345323741;2;50.79365079365079
NULO;2.5641025641025643;2;54.21994884910486
NULO;3.5573122529644268;2;46.325878594249204
NULO;3.937007874015748;2;48.734177215189874
NULO;9.090909090909092;2;56.962025316455694
NULO;4.545454545454546;2;50.6578947368421
NULO;4.104477611940299;2;51.04477611940298
NULO;3.4334763948497855;2;51.282051282051285
NULO;4.132231404958677;2;50.578034682080926
NULO;5.0;2;45.56962025316456
NULO;3.5242290748898677;2;56.737588652482266
NULO;4.3343653250774;2;44.97991967871486
NULO;5.668016194331984;2;46.53179190751445
NULO;3.30188679245283;2;48.507462686567166
NULO;1.3513513513513513;2;54.509803921568626
NULO;5.714285714285714;2;44.38202247191011
NULO;0.5617977528089888;2;45.22968197879859
NULO;11.386138613861386;2;48.51485148514851
NULO;4.838709677419355;2;53.29512893982808
NULO;7.407407407407407;2;49.04632152588556
NULO;1.9047619047619047;2;47.63779527559055
NULO;2.255639097744361;2;49.127906976744185
NULO;3.7800687285223367;2;43.869209809264305
NULO;3.389830508474576;2;43.88297872340426
NULO;2.8753993610223643;2;51.653944020356235
NULO;12.903225806451612;2;39.81042654028436
NULO;4.433497536945813;2;50.51903114186851
NULO;7.142857142857143;2;57.47663551401869
NULO;3.2490974729241877;2;51.83098591549296
NULO;4.032258064516129;2;46.951219512195124
NULO;4.526748971193416;2;53.048780487804876
NULO;6.229508196721311;2;48.952879581151834
NULO;2.3026315789473686;2;44.9468085106383
NULO;2.4096385542168677;2;50.30120481927711
NULO;9.036144578313253;2;52.13032581453634
NULO;2.5380710659898478;2;46.0
NULO;2.6455026455026456;2;53.459119496855344
NULO;2.491103202846975;2;45.45454545454545
NULO;6.428571428571429;2;57.78894472361809
NULO;1.7045454545454546;2;50.212765957446805
NULO;1.8867924528301887;2;49.27536231884058
NULO;2.092050209205021;2;50.85324232081911
NULO;1.2987012987012987;2;54.67289719626168
NULO;3.597122302158273;2;60.59782608695652
NULO;3.5335689045936394;2;53.018372703412076
NULO;3.389830508474576;2;51.515151515151516
NULO;4.672897196261682;2;48.86363636363637
NULO;3.937007874015748;2;50.253807106598984
NULO;3.663003663003663;2;49.56011730205279
NULO;2.888086642599278;2;48.16901408450704
NULO;1.492537313432836;2;49.720670391061454
NULO;3.5175879396984926;2;55.747126436781606
NULO;1.3986013986013985;2;51.0
NULO;0.9174311926605505;2;45.0
NULO;3.389830508474576;2;50.80213903743316
NULO;1.9736842105263157;2;55.172413793103445
NULO;4.980842911877395;2;47.19101123595506
NULO;2.0491803278688523;2;47.474747474747474
NULO;9.090909090909092;2;51.65289256198347
NULO;4.861111111111111;2;50.0
NULO;4.591836734693878;2;53.81679389312977
NULO;4.109589041095891;2;48.433048433048434
NULO;6.0344827586206895;2;50.0
NULO;2.6717557251908395;2;45.370370370370374
NULO;5.5813953488372094;2;53.6231884057971
NULO;1.8726591760299625;2;42.737430167597765
NULO;5.5762081784386615;2;51.45888594164456
NULO;4.716981132075472;2;50.65359477124183
NULO;2.5641025641025643;2;48.07121661721068
NULO;0.9933774834437086;2;59.541984732824424
NULO;2.73972602739726;2;57.74278215223097
NULO;4.98220640569395;2;55.95854922279793
NULO;3.4482758620689653;2;48.94179894179894
NULO;3.9603960396039604;2;54.48275862068966
NULO;4.545454545454546;2;51.399491094147585
NULO;5.154639175257732;2;53.02491103202847
NULO;5.555555555555555;2;50.0
NULO;8.695652173913043;2;57.89473684210526
NULO;2.100840336134454;2;48.0
NULO;2.6755852842809364;2;51.26903553299493
NULO;3.9682539682539684;2;51.25
NULO;4.026845637583893;2;49.333333333333336
NULO;2.542372881355932;2;46.8013468013468
NULO;5.286343612334802;2;55.3125
NULO;0.390625;2;53.753753753753756
NULO;1.1583011583011582;2;50.328947368421055
NULO;2.3076923076923075;2;53.91705069124424
NULO;0.33444816053511706;2;51.697127937336816
NULO;1.5544041450777202;2;54.44444444444444
NULO;5.238095238095238;2;56.29370629370629
NULO;0.6172839506172839;2;55.10204081632653
NULO;3.7735849056603774;2;60.456273764258555
NULO;5.737704918032787;2;64.16184971098266
NULO;9.316770186335404;2;47.950819672131146
NULO;1.6597510373443984;2;54.193548387096776
NULO;2.572347266881029;2;53.43511450381679
NULO;2.830188679245283;2;47.26027397260274
NULO;3.883495145631068;2;51.60142348754449
NULO;5.0761421319796955;2;51.74825174825175
NULO;2.0408163265306123;2;55.033557046979865
NULO;2.3346303501945527;2;50.14577259475219
NULO;3.389830508474576;2;51.41242937853107
NULO;1.6597510373443984;2;50.30864197530864
NULO;2.73972602739726;2;58.214285714285715
NULO;1.680672268907563;2;53.93939393939394
NULO;4.428044280442805;2;45.205479452054796
NULO;2.512562814070352;2;50.0
NULO;3.278688524590164;2;53.35120643431635
NULO;2.0833333333333335;2;55.851063829787236
NULO;4.25531914893617;2;53.5
NULO;2.150537634408602;2;46.666666666666664
NULO;1.9047619047619047;2;50.18315018315018
NULO;2.6022304832713754;2;52.33644859813084
NULO;2.7450980392156863;2;49.299719887955185
NULO;2.0905923344947737;2;49.59128065395095
NULO;1.5686274509803921;2;50.45871559633027
NULO;2.366863905325444;2;48.607594936708864
NULO;2.05761316872428;2;50.85324232081911
NULO;1.694915254237288;2;48.42767295597484
NULO;3.3222591362126246;2;49.48186528497409
NULO;2.2388059701492535;2;48.529411764705884
NULO;2.3890784982935154;2;50.38363171355499
NULO;1.2820512820512822;2;54.87179487179487
NULO;6.349206349206349;2;57.93991416309013
NULO;1.7937219730941705;2;47.07903780068729
NULO;1.1029411764705883;2;49.85422740524781
NULO;6.730769230769231;2;53.28947368421053
NULO;6.111111111111111;2;46.09929078014184
NULO;2.816901408450704;2;53.90334572490706
NULO;6.363636363636363;2;58.23529411764706
NULO;1.834862385321101;2;51.9434628975265
NULO;1.6835016835016836;2;49.13793103448276
NULO;2.542372881355932;2;50.0
NULO;3.6101083032490973;2;48.324022346368714
NULO;3.061224489795918;2;42.618384401114206
NULO;2.6785714285714284;2;43.82022471910113
NULO;3.5947712418300655;2;51.63934426229508
NULO;4.824561403508772;2;43.421052631578945
NULO;3.10077519379845;2;48.75776397515528
NULO;2.487562189054726;2;46.8
NULO;2.5157232704402515;2;55.98086124401914
NULO;0.7782101167315175;2;53.453453453453456
NULO;2.2988505747126435;2;52.976190476190474
NULO;1.0526315789473684;2;53.44827586206897
NULO;3.2467532467532467;2;54.59317585301837
NULO;2.7210884353741496;2;59.78260869565217
NULO;0.45248868778280543;2;53.63321799307958
NULO;2.229299363057325;2;50.51020408163265
NULO;3.7735849056603774;2;45.04504504504504
NULO;2.2641509433962264;2;47.9224376731302
NULO;1.7391304347826086;2;48.25581395348837
NULO;3.902439024390244;2;53.420195439739416
NULO;1.838235294117647;2;47.63231197771588
NULO;2.5316455696202533;2;52.216748768472904
NULO;2.0833333333333335;2;41.00946372239748
NULO;4.489795918367347;2;47.89156626506024
NULO;0.8547008547008547;2;50.520833333333336
NULO;5.0;2;50.24875621890547
NULO;2.023121387283237;2;48.11083123425693
NULO;7.327586206896552;2;51.37931034482759
NULO;6.390977443609023;2;49.249249249249246
NULO;1.82648401826484;2;56.07142857142857
NULO;3.6144578313253013;2;47.77070063694268
NULO;1.7316017316017316;2;53.987730061349694
NULO;4.926108374384237;2;53.03514376996805
NULO;0.7326007326007326;2;50.72886297376093
NULO;4.615384615384615;2;46.58753709198813
NULO;3.6363636363636362;2;48.83720930232558
NULO;5.319148936170213;2;51.27272727272727
NULO;2.4390243902439024;2;49.01960784313726
NULO;3.0303030303030303;2;46.44351464435147
NULO;9.130434782608695;2;47.09480122324159
NULO;2.097902097902098;2;49.21465968586387
NULO;2.6217228464419478;2;47.61904761904762
NULO;1.5625;2;49.09090909090909
NULO;2.9411764705882355;2;45.283018867924525
NULO;2.9411764705882355;2;37.68115942028985
NULO;1.875;2;50.253807106598984
NULO;2.2058823529411766;2;54.84764542936288
NULO;2.6936026936026938;2;50.0
NULO;1.7793594306049823;2;44.986449864498645
NULO;0.4166666666666667;2;47.22222222222222
NULO;1.7985611510791366;2;44.97041420118343
NULO;3.4482758620689653;2;44.40677966101695
NULO;1.3840830449826989;2;50.13192612137203
NULO;6.097560975609756;2;45.853658536585364
NULO;1.6194331983805668;2;45.13274336283186
NULO;2.7777777777777777;2;47.46835443037975
NULO;6.2015503875969;2;47.02549575070822
NULO;2.192982456140351;2;52.96296296296296
NULO;2.867383512544803;2;42.39766081871345
NULO;9.714285714285714;2;43.85245901639344
NULO;1.2307692307692308;2;49.36386768447837
NULO;11.983471074380166;2;48.059701492537314
NULO;3.3222591362126246;2;51.832460732984295
NULO;3.7037037037037037;2;47.82608695652174
NULO;1.5151515151515151;2;44.71544715447155
NULO;2.7522935779816513;2;52.666666666666664
NULO;3.1746031746031744;2;47.15025906735751
NULO;3.0;2;43.19371727748691
NULO;1.492537313432836;2;51.55555555555556
NULO;4.524886877828054;2;47.30769230769231
NULO;0.45454545454545453;2;53.597122302158276
NULO;5.136986301369863;2;48.648648648648646
NULO;4.245283018867925;2;44.488188976377955
NULO;1.2461059190031152;2;54.81927710843374
NULO;2.4539877300613497;2;48.76847290640394
NULO;1.7777777777777777;2;57.049180327868854
NULO;3.626943005181347;2;49.61538461538461
NULO;9.130434782608695;2;53.47432024169184
NULO;4.784688995215311;2;51.68539325842696
NULO;1.7730496453900708;2;48.83040935672515
NULO;2.0408163265306123;2;51.851851851851855
NULO;3.6144578313253013;2;56.83646112600536
NULO;2.3529411764705883;2;46.3768115942029
NULO;1.408450704225352;2;57.142857142857146
NULO;2.8368794326241136;2;50.69637883008357
NULO;1.9305019305019304;2;49.404761904761905
NULO;4.285714285714286;2;58.87850467289719
NULO;3.7433155080213902;2;48.83720930232558
NULO;3.8461538461538463;2;46.721311475409834
NULO;2.808988764044944;2;51.417004048582996
NULO;3.0;2;52.40174672489083
NULO;2.4154589371980677;2;50.81967213114754
NULO;1.075268817204301;2;50.0
NULO;2.6315789473684212;2;49.107142857142854
NULO;3.4246575342465753;2;51.18483412322275
NULO;6.639004149377594;2;51.19047619047619
NULO;6.912442396313364;2;50.55762081784387
NULO;2.7586206896551726;2;52.33160621761658
NULO;5.780346820809249;2;48.648648648648646
NULO;5.747126436781609;2;43.90243902439025
NULO;3.1578947368421053;2;47.18614718614719
NULO;2.830188679245283;2;55.47445255474452
NULO;3.90625;2;47.928994082840234
NULO;4.237288135593221;2;52.980132450331126
NULO;4.487179487179487;2;50.54945054945055
NULO;2.0833333333333335;2;44.3609022556391
NULO;4.040404040404041;2;49.18032786885246
NULO;2.272727272727273;2;48.704663212435236
NULO;2.2222222222222223;2;51.541850220264315
NULO;2.5806451612903225;2;43.442622950819676
NULO;4.2682926829268295;2;54.22885572139303
NULO;9.090909090909092;2;53.68421052631579
NULO;8.333333333333334;2;55.0
NULO;2.9702970297029703;2;49.08616187989556
NULO;8.045977011494253;2;49.23076923076923
NULO;0.625;2;51.81347150259067
NULO;2.0;2;52.54237288135593
NULO;1.875;2;52.46636771300449
NULO;2.2988505747126435;2;55.96707818930041
NULO;9.900990099009901;2;58.51851851851852
NULO;1.7301038062283738;2;48.10495626822158
NULO;3.793103448275862;2;47.10982658959538
NULO;1.6;2;50.6578947368421
NULO;0.6289308176100629;2;53.333333333333336
NULO;8.75912408759124;2;49.08256880733945
NULO;4.428044280442805;2;47.52851711026616
NULO;3.3088235294117645;2;47.714285714285715
NULO;7.377049180327869;2;43.39622641509434
NULO;4.375;2;49.6551724137931
NULO;4.067796610169491;2;47.53623188405797
NULO;1.2658227848101267;2;44.827586206896555
NULO;1.1111111111111112;2;57.00934579439252
NULO;5.769230769230769;2;55.73770491803279
NULO;1.9138755980861244;2;49.35897435897436
NULO;2.2388059701492535;2;51.13636363636363
NULO;1.8957345971563981;2;45.774647887323944
NULO;2.9411764705882355;2;50.14836795252226
NULO;2.6717557251908395;2;48.80952380952381
NULO;1.8796992481203008;2;48.338368580060425
NULO;1.2396694214876034;2;46.440677966101696
NULO;1.4634146341463414;2;51.590106007067135
NULO;2.7777777777777777;2;48.58156028368794
NULO;2.7210884353741496;2;57.54475703324808
NULO;2.904564315352697;2;47.674418604651166
NULO;2.7237354085603114;2;45.07462686567164
NULO;2.3255813953488373;2;50.445103857566764
NULO;2.7027027027027026;2;46.706586826347305
NULO;1.5037593984962405;2;47.57575757575758
NULO;8.333333333333334;2;57.26495726495727
NULO;3.802281368821293;2;50.29940119760479
NULO;3.8461538461538463;2;47.16981132075472
NULO;1.6574585635359116;2;49.38775510204081
NULO;1.5384615384615385;2;43.62139917695473
NULO;3.1620553359683794;2;49.853372434017594
NULO;1.7730496453900708;2;47.47774480712166
NULO;2.0408163265306123;2;52.083333333333336
NULO;6.077348066298343;2;48.83720930232558
NULO;1.8726591760299625;2;48.08259587020649
NULO;2.272727272727273;2;45.32163742690059
NULO;3.278688524590164;2;55.08474576271186
NULO;9.30232558139535;2;45.662100456621005
NULO;7.086614173228346;2;49.08256880733945
NULO;3.5460992907801416;2;46.34146341463415
NULO;6.962025316455696;2;45.77114427860697
NULO;1.2422360248447204;2;41.951219512195124
NULO;1.893939393939394;2;43.84384384384384
NULO;1.5544041450777202;2;41.25874125874126
NULO;2.816901408450704;2;45.88235294117647
NULO;12.903225806451612;2;54.6448087431694
NULO;8.51063829787234;2;53.84615384615385
NULO;5.185185185185185;2;54.427083333333336
NULO;4.878048780487805;2;54.166666666666664
NULO;3.8297872340425534;2;55.97667638483965
NULO;4.838709677419355;2;55.97667638483965
NULO;2.973977695167286;2;48.1958762886598
NULO;4.054054054054054;2;51.94805194805195
NULO;7.08955223880597;2;54.617414248021106
NULO;3.278688524590164;2;38.46153846153846
NULO;3.4722222222222223;2;52.38095238095238
NULO;6.143344709897611;2;52.67175572519084
NULO;4.62962962962963;2;47.70318021201413
NULO;3.0837004405286343;2;52.054794520547944
NULO;2.0833333333333335;2;51.492537313432834
NULO;2.7777777777777777;2;56.10687022900763
NULO;4.219409282700422;2;48.01324503311258
NULO;2.464788732394366;2;49.57507082152974
NULO;2.197802197802198;2;50.4
NULO;5.369127516778524;2;49.61832061068702
NULO;0.8888888888888888;2;51.14754098360656
NULO;3.3333333333333335;2;55.36480686695279
NULO;4.777070063694268;2;44.783715012722645
NULO;5.0;2;47.704081632653065
NULO;3.4615384615384617;2;52.96803652968037
NULO;1.3245033112582782;2;48.46938775510204
NULO;4.329004329004329;2;54.54545454545455
NULO;3.1746031746031744;2;48.81656804733728
NULO;10.362694300518134;2;56.62251655629139
NULO;3.3472803347280333;2;57.05521472392638
NULO;8.994708994708995;2;50.0
NULO;1.3333333333333333;2;51.470588235294116
NULO;9.75609756097561;2;52.03252032520325
NULO;0.49504950495049505;2;46.69260700389105
NULO;2.690582959641256;2;50.173010380622834
NULO;7.017543859649122;2;57.333333333333336
NULO;6.198347107438017;2;47.452229299363054
NULO;1.7142857142857142;2;50.0
NULO;4.861111111111111;2;51.1764705882353
NULO;2.4691358024691357;2;52.7027027027027
NULO;4.8076923076923075;2;52.84552845528455
NULO;5.617977528089888;2;50.806451612903224
NULO;5.154639175257732;2;49.81132075471698
NULO;7.142857142857143;2;50.0
NULO;5.314009661835748;2;55.12820512820513
NULO;6.140350877192983;2;47.72727272727273
NULO;4.4692737430167595;2;59.61538461538461
NULO;6.756756756756757;2;60.16949152542373
NULO;10.638297872340425;2;52.861952861952865
NULO;8.284023668639053;2;50.21097046413502
NULO;5.485232067510548;2;52.287581699346404
NULO;8.040201005025125;2;46.917808219178085
NULO;4.166666666666667;2;50.99601593625498
NULO;7.563025210084033;2;53.65079365079365
NULO;7.633587786259542;2;49.4661921708185
NULO;3.6082474226804124;2;49.458483754512635
NULO;8.121827411167512;2;50.68493150684932
NULO;7.6923076923076925;2;42.3728813559322
NULO;7.968127490039841;2;52.07667731629393
NULO;5.238095238095238;2;61.224489795918366
NULO;9.132420091324201;2;58.04416403785489
NULO;3.278688524590164;2;56.934306569343065
NULO;5.365853658536586;2;49.14675767918089
NULO;6.179775280898877;2;52.67175572519084
NULO;4.060913705583756;2;50.370370370370374
NULO;4.411764705882353;2;56.31399317406143
NULO;2.7522935779816513;2;55.48172757475083
NULO;4.285714285714286;2;48.39857651245551
NULO;7.762557077625571;2;52.26480836236934
NULO;3.225806451612903;2;52.861952861952865
NULO;3.0837004405286343;2;54.10958904109589
NULO;4.109589041095891;2;55.59440559440559
NULO;7.425742574257426;2;48.148148148148145
NULO;6.220095693779904;2;56.890459363957596
NULO;6.451612903225806;2;59.79381443298969
NULO;10.628019323671497;2;49.48096885813149
NULO;8.16326530612245;2;49.6124031007752
NULO;3.867403314917127;2;44.39655172413793
NULO;2.9535864978902953;2;57.28813559322034
NULO;5.46218487394958;2;55.59322033898305
NULO;5.851063829787234;2;47.77327935222672
NULO;6.25;2;56.653992395437264
NULO;7.4866310160427805;2;46.613545816733065
NULO;8.715596330275229;2;48.03921568627451
NULO;7.511737089201878;2;54.60750853242321
NULO;4.278074866310161;2;49.81549815498155
NULO;4.602510460251046;2;52.49169435215947
NULO;7.386363636363637;2;59.05511811023622
NULO;11.377245508982035;2;60.46511627906977
NULO;3.3783783783783785;2;51.291512915129154
NULO;3.0864197530864197;2;57.65765765765766
NULO;3.1496062992125986;2;62.083333333333336
NULO;4.761904761904762;2;54.32098765432099
NULO;9.473684210526315;2;48.72727272727273
NULO;5.416666666666667;2;57.4585635359116
NULO;9.852216748768473;2;53.81526104417671
NULO;5.555555555555555;2;58.333333333333336
NULO;12.682926829268293;2;55.49132947976879
NULO;1.4563106796116505;2;53.333333333333336
NULO;1.3574660633484164;2;51.17056856187291
NULO;2.9411764705882355;2;47.5
NULO;3.6437246963562755;2;49.328859060402685
NULO;4.3478260869565215;2;52.592592592592595
NULO;5.583756345177665;2;53.81818181818182
NULO;6.410256410256411;2;56.59163987138264
NULO;6.315789473684211;2;46.82539682539682
NULO;7.2727272727272725;2;51.351351351351354
NULO;5.116279069767442;2;48.49624060150376
NULO;6.796116504854369;2;55.0
NULO;1.7341040462427746;2;51.904761904761905
NULO;2.4390243902439024;2;53.01204819277108
NULO;0.6060606060606061;2;52.33644859813084
NULO;3.21285140562249;2;49.83277591973244
NULO;6.930693069306931;2;50.57471264367816
NULO;5.555555555555555;2;59.130434782608695
NULO;5.092592592592593;2;50.666666666666664
NULO;3.6363636363636362;2;45.70446735395189
NULO;2.1645021645021645;2;46.8013468013468
NULO;0.8695652173913043;2;44.91228070175438
NULO;5.116279069767442;2;45.8955223880597
NULO;7.2727272727272725;2;50.470219435736674
NULO;3.4482758620689653;2;43.7007874015748
NULO;4.375;2;50.471698113207545
NULO;5.405405405405405;2;49.48096885813149
NULO;2.4539877300613497;2;51.64319248826291
NULO;2.5510204081632653;2;53.05343511450382
NULO;3.8732394366197185;2;49.171270718232044
NULO;7.453416149068323;2;58.02469135802469
NULO;6.382978723404255;2;59.04761904761905
NULO;4.861111111111111;2;54.5945945945946
NULO;0.7518796992481203;2;54.861111111111114
NULO;3.870967741935484;2;48.598130841121495
NULO;2.0547945205479454;2;47.32620320855615
NULO;3.0303030303030303;2;47.10982658959538
NULO;6.015037593984962;2;47.53623188405797
NULO;13.186813186813186;2;58.18181818181818
NULO;8.771929824561404;2;60.317460317460316
NULO;4.026845637583893;2;48.98989898989899
NULO;4.477611940298507;2;54.929577464788736
NULO;2.73972602739726;2;48.75
NULO;1.639344262295082;2;52.857142857142854
NULO;2.247191011235955;2;54.0
NULO;27.77777777777778;2;48.31460674157304
NULO;11.764705882352942;2;44.067796610169495
NULO;3.6363636363636362;2;47.55043227665706
NULO;6.666666666666667;2;65.9090909090909
NULO;3.492063492063492;2;46.33507853403141
NULO;4.827586206896552;2;53.69458128078818
NULO;6.563706563706564;2;46.74556213017752
NULO;4.3478260869565215;2;48.58490566037736
NULO;4.827586206896552;2;55.27638190954774
NULO;1.8987341772151898;2;43.0622009569378
NULO;5.031446540880503;2;55.3921568627451
NULO;4.910714285714286;2;53.191489361702125
NULO;2.727272727272727;2;48.014440433213
NULO;6.097560975609756;2;56.441717791411044
NULO;1.7241379310344827;2;49.83818770226537
NULO;4.166666666666667;2;55.82010582010582
NULO;4.137931034482759;2;52.41935483870968
NULO;2.1459227467811157;2;51.773049645390074
NULO;8.934707903780069;2;50.51020408163265
NULO;2.255639097744361;2;48.18941504178273
NULO;4.2105263157894735;2;53.4435261707989
NULO;4.089219330855019;2;45.535714285714285
NULO;8.585858585858587;2;49.7907949790795
NULO;5.025125628140704;2;57.85123966942149
NULO;2.9197080291970803;2;53.31230283911672
NULO;6.410256410256411;2;50.77319587628866
NULO;4.150943396226415;2;48.50498338870432
NULO;3.1372549019607843;2;50.0
NULO;2.127659574468085;2;49.666666666666664
NULO;1.7142857142857142;2;45.320197044334975
NULO;5.283018867924528;2;44.09221902017291
NULO;2.9220779220779223;2;50.13550135501355
NULO;4.8582995951417;2;49.333333333333336
NULO;3.4285714285714284;2;52.97029702970297
NULO;5.9880239520958085;2;58.604651162790695
NULO;6.093189964157706;2;56.231884057971016
NULO;8.076923076923077;2;48.37758112094395
NULO;3.404255319148936;2;49.831649831649834
NULO;6.563706563706564;2;52.046783625730995
NULO;5.737704918032787;2;51.245551601423486
NULO;3.0837004405286343;2;49.163879598662206
NULO;3.3962264150943398;2;55.88235294117647
NULO;4.248366013071895;2;47.66839378238342
NULO;5.970149253731344;2;51.76470588235294
NULO;4.074074074074074;2;50.2906976744186
NULO;2.287581699346405;2;51.733333333333334
NULO;3.8194444444444446;2;45.333333333333336
NULO;4.248366013071895;2;50.4
NULO;5.490196078431373;2;46.470588235294116
NULO;4.184100418410042;2;50.357142857142854
NULO;5.333333333333333;2;55.86206896551724
NULO;6.666666666666667;2;56.2043795620438
NULO;8.450704225352112;2;57.92880258899677
NULO;3.0120481927710845;2;49.523809523809526
NULO;4.522613065326633;2;56.741573033707866
NULO;5.369127516778524;2;51.8041237113402
NULO;3.111111111111111;2;49.504950495049506
NULO;4.377104377104377;2;54.42359249329759
NULO;3.0405405405405403;2;45.08196721311475
NULO;4.395604395604396;2;48.8235294117647
NULO;4.1522491349480966;2;48.63387978142077
NULO;2.5;2;45.88235294117647
NULO;4.823151125401929;2;50.67385444743935
NULO;1.466275659824047;2;52.41730279898219
NULO;4.37956204379562;2;50.43478260869565
NULO;6.25;2;44.44444444444444
NULO;2.5531914893617023;2;51.48514851485149
NULO;7.8431372549019605;2;53.591160220994475
NULO;2.73224043715847;2;49.523809523809526
NULO;3.0927835051546393;2;56.779661016949156
NULO;2.9411764705882355;2;44.87179487179487
NULO;3.583061889250814;2;48.663101604278076
NULO;3.7542662116040955;2;47.77777777777778
NULO;2.0761245674740483;2;51.45348837209303
NULO;6.382978723404255;2;47.94117647058823
NULO;2.487562189054726;2;56.2753036437247
NULO;6.918238993710692;2;53.80952380952381
NULO;7.441860465116279;2;53.15614617940199
NULO;1.4598540145985401;2;47.66081871345029
NULO;3.2467532467532467;2;46.79144385026738
NULO;3.6036036036036037;2;50.36496350364963
NULO;3.7593984962406015;2;50.29761904761905
NULO;4.377104377104377;2;46.26038781163435
NULO;3.2051282051282053;2;50.38560411311054
NULO;7.191780821917808;2;47.527472527472526
NULO;5.787781350482315;2;51.41388174807198
NULO;1.0714285714285714;2;44.18604651162791
NULO;3.5460992907801416;2;53.42465753424658
NULO;7.8838174273858925;2;49.494949494949495
NULO;4.029304029304029;2;46.62921348314607
NULO;2.464788732394366;2;51.39664804469274
NULO;3.7037037037037037;2;47.58064516129032
NULO;3.9603960396039604;2;44.905660377358494
NULO;2.5641025641025643;2;56.21621621621622
NULO;5.769230769230769;2;54.76190476190476
NULO;4.624277456647399;2;58.94736842105263
NULO;5.384615384615385;2;54.83870967741935
NULO;5.825242718446602;2;50.18181818181818
NULO;5.882352941176471;2;49.80544747081712
NULO;9.473684210526315;2;54.121863799283155
NULO;7.653061224489796;2;52.51798561151079
NULO;5.797101449275362;2;54.09252669039146
NULO;6.091370558375634;2;52.34657039711191
NULO;8.25242718446602;2;48.04270462633452
NULO;6.666666666666667;2;55.65217391304348
NULO;5.5813953488372094;2;53.14685314685315
NULO;9.178743961352657;2;47.81021897810219
NULO;8.5;2;45.195729537366546
NULO;8.205128205128204;2;50.3875968992248
NULO;4.225352112676056;2;56.43939393939394
NULO;6.046511627906977;2;54.78927203065134
NULO;6.0606060606060606;2;58.13953488372093
NULO;5.641025641025641;2;52.12355212355212
NULO;6.593406593406593;2;58.4
NULO;3.5;2;48.49624060150376
NULO;10.27027027027027;2;52.325581395348834
NULO;7.142857142857143;2;50.672645739910315
NULO;8.80503144654088;2;54.97835497835498
NULO;9.569377990430622;2;45.744680851063826
NULO;6.220095693779904;2;52.8957528957529
NULO;7.0;2;60.431654676258994
NULO;9.134615384615385;2;52.94117647058823
NULO;4.926108374384237;2;51.43884892086331
NULO;5.357142857142857;2;50.90252707581227
NULO;0.4608294930875576;2;55.749128919860624
NULO;8.585858585858587;2;46.71814671814672
NULO;1.0309278350515463;2;43.373493975903614
NULO;8.333333333333334;2;49.49152542372882
NULO;7.042253521126761;2;49.42528735632184
NULO;5.381165919282512;2;45.80419580419581
NULO;6.63265306122449;2;49.808429118773944
NULO;3.9473684210526314;2;49.826989619377166
NULO;6.190476190476191;2;50.0
NULO;1.951219512195122;2;49.20634920634921
NULO;4.17910447761194;2;45.22821576763486
NULO;6.787330316742081;2;53.79061371841155
NULO;4.245283018867925;2;54.966887417218544
NULO;13.218390804597702;2;53.714285714285715
NULO;6.132075471698113;2;56.626506024096386
NULO;7.142857142857143;2;49.65034965034965
NULO;7.7272727272727275;2;45.12635379061372
NULO;9.595959595959595;2;55.93869731800766
NULO;4.225352112676056;2;55.59701492537314
NULO;4.661016949152542;2;55.86206896551724
NULO;11.818181818181818;2;55.61797752808989
NULO;2.5641025641025643;2;50.67567567567568
NULO;3.5398230088495577;2;48.04270462633452
NULO;13.88888888888889;2;71.95121951219512
NULO;5.853658536585366;2;56.07843137254902
NULO;0.45871559633027525;2;46.00760456273764
NULO;2.0618556701030926;2;56.34920634920635
NULO;5.851063829787234;2;50.19607843137255
NULO;1.5479876160990713;2;50.92250922509225
NULO;2.0408163265306123;2;51.013513513513516
NULO;54.54545454545455;2;45.033112582781456
NULO;8.641975308641975;2;53.57142857142857
NULO;33.333333333333336;2;48.0
NULO;6.282722513089006;2;53.72549019607843
NULO;9.70873786407767;2;46.017699115044245
NULO;3.4722222222222223;2;52.17391304347826
NULO;6.4655172413793105;2;45.16129032258065
NULO;8.16326530612245;2;51.64835164835165
NULO;6.837606837606837;2;49.285714285714285
NULO;5.172413793103448;2;56.578947368421055
NULO;4.972375690607735;2;51.383399209486164
NULO;1.6260162601626016;2;47.79661016949152
NULO;3.404255319148936;2;49.29577464788732
NULO;9.489051094890511;2;50.955414012738856
NULO;6.486486486486487;2;49.01960784313726
NULO;7.194244604316546;2;53.67231638418079
NULO;6.043956043956044;2;47.05882352941177
NULO;6.639004149377594;2;50.719424460431654
NULO;4.83271375464684;2;52.259887005649716
NULO;5.357142857142857;2;54.45205479452055
NULO;6.140350877192983;2;54.67128027681661
NULO;7.142857142857143;2;61.82432432432432
NULO;3.493449781659389;2;53.04054054054054
NULO;5.752212389380531;2;56.013745704467354
NULO;1.9011406844106464;2;52.76872964169381
NULO;4.477611940298507;2;51.11940298507463
NULO;4.166666666666667;2;53.61842105263158
NULO;1.1952191235059761;2;54.666666666666664
NULO;3.1963470319634704;2;53.13653136531365
NULO;2.2222222222222223;2;54.67289719626168
NULO;3.1372549019607843;2;53.943217665615144
NULO;5.970149253731344;2;55.240793201133144
NULO;3.717472118959108;2;48.5207100591716
NULO;5.158730158730159;2;48.31460674157304
NULO;0.46296296296296297;2;53.2
NULO;1.3986013986013985;2;61.235955056179776
NULO;5.9523809523809526;2;57.049180327868854
NULO;1.5544041450777202;2;52.54237288135593
NULO;3.501945525291829;2;55.016181229773466
NULO;1.1029411764705883;2;50.56818181818182
NULO;3.35195530726257;2;56.08695652173913
NULO;3.9682539682539684;2;47.41641337386018
NULO;0.5102040816326531;2;55.601659751037346
NULO;4.371584699453552;2;50.925925925925924
NULO;3.4482758620689653;2;50.62111801242236
NULO;4.232804232804233;2;53.52697095435685
NULO;2.2140221402214024;2;48.95522388059702
NULO;2.7450980392156863;2;48.0565371024735
NULO;3.5;2;55.32786885245902
NULO;5.0359712230215825;2;49.852507374631266
NULO;5.577689243027889;2;54.02684563758389
NULO;1.0582010582010581;2;50.43103448275862
NULO;5.025125628140704;2;52.892561983471076
NULO;1.171875;2;50.78864353312303
NULO;2.512562814070352;2;52.14007782101167
NULO;5.138339920948616;2;52.64900662251656
NULO;5.058365758754864;2;47.740112994350284
NULO;6.220095693779904;2;52.64900662251656
NULO;1.3392857142857142;2;54.121863799283155
NULO;6.5359477124183005;2;45.0
NULO;6.542056074766355;2;54.32098765432099
NULO;5.154639175257732;2;56.45161290322581
NULO;1.6556291390728477;2;52.30769230769231
NULO;5.911330049261084;2;52.22672064777328
NULO;5.147058823529412;2;56.25
NULO;5.691056910569106;2;54.02684563758389
NULO;2.7027027027027026;2;51.724137931034484
NULO;6.043956043956044;2;54.106280193236714
NULO;7.011070110701107;2;48.795180722891565
NULO;9.55056179775281;2;56.58682634730539
NULO;3.225806451612903;2;52.74390243902439
NULO;4.635761589403973;2;53.125
NULO;3.8461538461538463;2;52.592592592592595
NULO;4.6875;2;51.5527950310559
NULO;3.6199095022624435;2;53.20754716981132
NULO;2.127659574468085;2;56.54761904761905
NULO;5.932203389830509;2;55.55555555555556
NULO;2.0;2;52.313167259786475
NULO;7.6923076923076925;2;61.206896551724135
NULO;9.004739336492891;2;59.01639344262295
NULO;3.5714285714285716;2;43.627450980392155
NULO;2.9585798816568047;2;50.0
NULO;4.705882352941177;2;57.83783783783784
NULO;4.4692737430167595;2;52.38095238095238
NULO;6.25;2;53.291536050156736
NULO;1.1857707509881423;2;50.814332247557005
NULO;4.721030042918455;2;63.38028169014085
NULO;2.479338842975207;2;48.23943661971831
NULO;7.142857142857143;2;56.41891891891892
NULO;0.8968609865470852;2;50.833333333333336
NULO;5.737704918032787;2;52.243589743589745
NULO;4.519774011299435;2;53.39366515837104
NULO;1.8867924528301887;2;49.77777777777778
NULO;5.629139072847682;2;49.10485933503836
NULO;3.669724770642202;2;38.25503355704698
NULO;1.342281879194631;2;52.459016393442624
NULO;2.04778156996587;2;57.74647887323944
NULO;3.0303030303030303;2;59.375
NULO;2.380952380952381;2;52.892561983471076
NULO;10.9375;2;60.273972602739725
NULO;2.6666666666666665;2;54.63917525773196
NULO;1.9047619047619047;2;48.46153846153846
NULO;4.216867469879518;2;52.51141552511415
NULO;7.614213197969543;2;47.71784232365145
NULO;3.2085561497326203;2;51.17370892018779
NULO;2.158273381294964;2;45.73170731707317
NULO;1.1527377521613833;2;46.15384615384615
NULO;3.3536585365853657;2;36.55913978494624
NULO;2.464788732394366;2;50.0
NULO;1.2987012987012987;2;57.142857142857146
NULO;2.717391304347826;2;57.93991416309013
NULO;5.699481865284974;2;50.59288537549407
NULO;5.531914893617022;2;50.33783783783784
NULO;4.216867469879518;2;49.75124378109453
NULO;4.504504504504505;2;51.282051282051285
NULO;3.088803088803089;2;54.57413249211356
NULO;5.857740585774058;2;47.07903780068729
NULO;4.368932038834951;2;55.78947368421053
NULO;2.4;2;55.20504731861199
NULO;3.90625;2;49.56268221574344
NULO;3.389830508474576;2;50.0
NULO;5.283018867924528;2;50.29585798816568
NULO;2.491103202846975;2;50.2906976744186
NULO;4.406779661016949;2;51.388888888888886
NULO;1.8656716417910448;2;54.46927374301676
NULO;2.100840336134454;2;51.73501577287066
NULO;7.804878048780488;2;56.14035087719298
NULO;1.183431952662722;2;46.51162790697674
NULO;1.556420233463035;2;46.56716417910448
NULO;1.2195121951219512;2;55.72139303482587
NULO;3.1620553359683794;2;54.11392405063291
NULO;2.197802197802198;2;53.55648535564853
NULO;4.0358744394618835;2;54.90909090909091
NULO;2.293577981651376;2;53.380782918149464
NULO;6.666666666666667;2;52.02952029520295
NULO;2.158273381294964;2;54.34782608695652
NULO;5.033557046979865;2;54.95049504950495
NULO;5.116279069767442;2;50.91575091575091
NULO;4.680851063829787;2;52.577319587628864
NULO;5.535055350553505;2;52.9126213592233
NULO;4.972375690607735;2;62.10045662100457
NULO;1.6025641025641026;2;49.54545454545455
NULO;6.0109289617486334;2;52.07373271889401
NULO;2.491103202846975;2;51.67464114832536
NULO;3.592814371257485;2;52.97029702970297
NULO;2.734375;2;56.875
NULO;1.1173184357541899;2;53.02325581395349
NULO;7.6923076923076925;2;55.319148936170215
NULO;5.042016806722689;2;54.00696864111498
NULO;2.4896265560165975;2;50.0
NULO;2.2222222222222223;2;53.7037037037037
NULO;4.090909090909091;2;60.07194244604317
NULO;4.3624161073825505;2;53.63636363636363
NULO;2.8;2;55.33596837944664
NULO;4.8;2;52.160493827160494
NULO;4.583333333333333;2;51.03448275862069
NULO;7.211538461538462;2;47.03703703703704
NULO;4.49438202247191;2;54.794520547945204
NULO;6.198347107438017;2;51.533742331288344
NULO;5.670103092783505;2;55.88235294117647
NULO;3.2967032967032965;2;60.2803738317757
NULO;5.164319248826291;2;60.32786885245902
NULO;2.816901408450704;2;52.592592592592595
NULO;1.875;2;53.48837209302326
NULO;3.1818181818181817;2;55.673758865248224
NULO;2.6200873362445414;2;56.0
NULO;7.317073170731708;2;53.93939393939394
NULO;3.7383177570093458;2;58.032786885245905
NULO;5.172413793103448;2;52.56410256410256
NULO;4.566210045662101;2;59.40594059405941
NULO;4.954954954954955;2;55.78947368421053
NULO;2.6785714285714284;2;51.40845070422535
NULO;6.037735849056604;2;49.096385542168676
NULO;6.741573033707865;2;51.94805194805195
NULO;7.423580786026201;2;57.6271186440678
NULO;4.395604395604396;2;52.863436123348016
NULO;3.0651340996168583;2;53.18471337579618
NULO;1.0256410256410255;2;51.666666666666664
NULO;5.405405405405405;2;62.44541484716157
NULO;6.513409961685824;2;53.535353535353536
NULO;5.0;2;53.44827586206897
NULO;6.0109289617486334;2;55.29953917050691
NULO;2.9490616621983916;2;46.00484261501211
NULO;3.5190615835777126;2;47.956403269754766
NULO;4.0;2;45.18518518518518
NULO;4.102564102564102;2;44.44444444444444
NULO;3.389830508474576;2;42.731277533039645
NULO;3.3057851239669422;2;48.091603053435115
NULO;3.314917127071823;2;47.73869346733668
NULO;3.7837837837837838;2;47.36842105263158
NULO;3.816793893129771;2;40.21739130434783
NULO;1.9444444444444444;2;50.526315789473685
NULO;3.605769230769231;2;43.73626373626374
NULO;9.602649006622517;2;52.395209580838326
NULO;10.28368794326241;2;53.58166189111748
NULO;9.180327868852459;2;49.458483754512635
NULO;3.7383177570093458;2;47.091412742382275
NULO;2.5806451612903225;2;48.87640449438202
NULO;3.426791277258567;2;42.547425474254744
NULO;2.7863777089783284;2;48.57954545454545
NULO;3.5502958579881656;2;51.45888594164456
NULO;1.3477088948787062;2;43.872549019607845
NULO;2.5568181818181817;2;52.1505376344086
NULO;3.937007874015748;2;54.063604240282686
NULO;3.9087947882736156;2;48.4472049689441
NULO;2.756892230576441;2;41.03139013452915
NULO;2.08955223880597;2;47.8021978021978
NULO;3.492063492063492;2;45.91549295774648
NULO;3.2432432432432434;2;40.94292803970223
NULO;2.4390243902439024;2;44.817927170868344
NULO;0.7874015748031497;2;51.68269230769231
NULO;1.7156862745098038;2;43.43891402714932
NULO;1.0723860589812333;2;46.829268292682926
NULO;6.882591093117409;2;45.16129032258065
NULO;1.358695652173913;2;43.06930693069307
NULO;7.434944237918216;2;53.86819484240688
NULO;1.1695906432748537;2;45.205479452054796
NULO;2.34375;2;41.68674698795181
NULO;3.592814371257485;2;44.054054054054056
NULO;3.658536585365854;2;44.93150684931507
NULO;7.291666666666667;2;51.96506550218341
NULO;6.719367588932807;2;51.60142348754449
NULO;2.6865671641791047;2;42.93478260869565
NULO;2.2222222222222223;2;50.75757575757576
NULO;3.076923076923077;2;44.225352112676056
NULO;3.5175879396984926;2;46.03174603174603
NULO;2.727272727272727;2;46.239554317548745
NULO;1.5060240963855422;2;44.19889502762431
NULO;2.1390374331550803;2;46.73123486682809
NULO;3.526448362720403;2;37.16216216216216
NULO;3.5608308605341246;2;40.99722991689751
NULO;2.6954177897574123;2;47.63092269326683
NULO;1.694915254237288;2;48.31460674157304
NULO;1.5544041450777202;2;42.857142857142854
NULO;2.2346368715083798;2;43.12169312169312
NULO;1.8927444794952681;2;44.21965317919075
NULO;0.9569377990430622;2;45.45454545454545
NULO;1.5873015873015872;2;48.77450980392157
NULO;0.7662835249042146;2;51.3986013986014
NULO;3.9660056657223794;2;46.93333333333333
NULO;3.0201342281879193;2;47.1976401179941
NULO;1.2195121951219512;2;38.764044943820224
NULO;1.0169491525423728;2;49.526813880126184
NULO;2.380952380952381;2;49.19614147909968
NULO;1.7191977077363896;2;47.55784061696658
NULO;2.108433734939759;2;47.96747967479675
NULO;4.065040650406504;2;46.62162162162162
NULO;5.17799352750809;2;48.97959183673469
NULO;8.333333333333334;2;57.870370370370374
NULO;3.626943005181347;2;44.742729306487696
NULO;7.117437722419929;2;51.37614678899082
NULO;2.622950819672131;2;44.84848484848485
NULO;1.893939393939394;2;47.05882352941177
NULO;1.9662921348314606;2;44.61942257217848
NULO;3.3333333333333335;2;50.51282051282051
NULO;6.451612903225806;2;95.0
NULO;3.3240997229916895;2;46.07843137254902
NULO;1.6548463356973995;2;45.43478260869565
NULO;5.322128851540616;2;45.7286432160804
NULO;2.8925619834710745;2;48.49624060150376
NULO;1.5789473684210527;2;46.98795180722892
NULO;2.680965147453083;2;47.12918660287081
NULO;3.0927835051546393;2;43.73522458628842
NULO;2.608695652173913;2;51.401869158878505
NULO;3.9634146341463414;2;45.09803921568628
NULO;2.2535211267605635;2;43.32493702770781
NULO;1.6085790884718498;2;45.588235294117645
NULO;2.359882005899705;2;47.67123287671233
NULO;6.642066420664206;2;51.57593123209169
NULO;2.813299232736573;2;42.281879194630875
NULO;4.335260115606936;2;48.484848484848484
NULO;1.8633540372670807;2;45.32577903682719
NULO;3.4188034188034186;2;55.71955719557196
NULO;2.147239263803681;2;45.4054054054054
NULO;1.6042780748663101;2;44.038929440389296
NULO;2.4456521739130435;2;44.85294117647059
NULO;1.1173184357541899;2;47.51243781094527
NULO;1.8229166666666667;2;45.76271186440678
NULO;3.1914893617021276;2;50.30487804878049
NULO;3.7037037037037037;2;52.94117647058823
NULO;4.73186119873817;2;42.492917847025495
NULO;4.932735426008969;2;53.125
NULO;2.197802197802198;2;45.501285347043705
NULO;2.095808383233533;2;38.858695652173914
NULO;3.1914893617021276;2;45.25547445255474
NULO;3.582089552238806;2;50.810810810810814
NULO;2.933333333333333;2;44.00977995110024
NULO;4.887218045112782;2;48.63945578231292
NULO;2.576112412177986;2;45.33622559652928
NULO;5.220883534136546;2;53.37837837837838
NULO;6.488549618320611;2;53.77358490566038
NULO;3.7162162162162162;2;54.6242774566474
NULO;1.9553072625698324;2;44.69135802469136
NULO;2.094240837696335;2;49.16067146282974
NULO;3.2171581769436997;2;49.5260663507109
NULO;3.2448377581120944;2;48.6284289276808
NULO;1.6826923076923077;2;40.26258205689278
NULO;6.101694915254237;2;45.45454545454545
NULO;3.9660056657223794;2;44.55696202531646
NULO;2.18978102189781;2;46.52777777777778
NULO;1.3157894736842106;2;43.583535108958834
NULO;3.0150753768844223;2;42.410714285714285
NULO;4.511278195488722;2;51.41065830721003
NULO;4.641350210970464;2;55.05226480836237
NULO;3.4120734908136483;2;46.85314685314685
NULO;1.7316017316017316;2;46.81647940074907
NULO;4.011461318051576;2;45.380434782608695
NULO;3.903903903903904;2;49.59349593495935
NULO;2.4330900243309004;2;42.73504273504273
NULO;2.4861878453038675;2;44.33497536945813
NULO;1.9083969465648856;2;45.6140350877193
NULO;0.6896551724137931;2;46.51898734177215
NULO;3.735632183908046;2;45.13715710723192
NULO;1.079136690647482;2;44.62540716612378
NULO;2.8112449799196786;2;36.60377358490566
NULO;2.099737532808399;2;49.883449883449885
NULO;0.8547008547008547;2;51.776649746192895
NULO;8.666666666666666;2;51.632047477744806
NULO;2.770083102493075;2;47.04545454545455
NULO;5.698005698005698;2;44.69135802469136
NULO;7.4324324324324325;2;51.80722891566265
NULO;1.0582010582010581;2;43.71980676328502
NULO;5.084745762711864;2;39.84771573604061
NULO;5.095541401273885;2;53.6388140161725
NULO;2.4456521739130435;2;52.036199095022624
NULO;6.626506024096385;2;53.73134328358209
NULO;3.1088082901554404;2;44.15584415584416
NULO;4.775280898876405;2;42.931937172774866
NULO;1.6216216216216217;2;43.7037037037037
NULO;11.926605504587156;2;41.732283464566926
NULO;4.234527687296417;2;53.28083989501312
NULO;6.172839506172839;2;45.36082474226804
NULO;1.4124293785310735;2;37.5
NULO;6.666666666666667;2;48.167539267015705
NULO;2.5280898876404496;2;38.27160493827161
NULO;3.669724770642202;2;49.473684210526315
NULO;3.3333333333333335;2;41.46341463414634
NULO;3.3057851239669422;2;48.95104895104895
NULO;3.260869565217391;2;46.601941747572816
NULO;2.127659574468085;2;49.469214437367306
NULO;5.740181268882175;2;47.66839378238342
NULO;3.037974683544304;2;49.45054945054945
NULO;4.603580562659847;2;40.1766004415011
NULO;2.097902097902098;2;43.373493975903614
NULO;5.32994923857868;2;44.650205761316876
NULO;2.097902097902098;2;44.03669724770642
NULO;4.030226700251889;2;45.98393574297189
NULO;4.375;2;53.768844221105525
NULO;3.504043126684636;2;45.34313725490196
NULO;2.1164021164021163;2;40.0
NULO;3.216374269005848;2;46.85138539042821
NULO;5.511811023622047;2;47.32824427480916
NULO;3.003003003003003;2;42.821158690176325
NULO;1.4204545454545454;2;44.0
NULO;2.3529411764705883;2;55.319148936170215
NULO;2.1459227467811157;2;42.36641221374046
NULO;2.484472049689441;2;43.850267379679146
NULO;2.824858757062147;2;38.79093198992443
NULO;2.1447721179624666;2;43.76528117359413
NULO;5.343511450381679;2;41.104294478527606
NULO;2.386634844868735;2;46.27766599597585
NULO;3.875968992248062;2;50.32051282051282
NULO;2.727272727272727;2;49.87405541561713
NULO;9.00900900900901;2;50.78125
NULO;6.086956521739131;2;54.01459854014598
NULO;2.888086642599278;2;46.794871794871796
NULO;1.953125;2;45.535714285714285
NULO;3.7383177570093458;2;51.181102362204726
NULO;1.3157894736842106;2;43.67816091954023
NULO;4.365079365079365;2;53.30882352941177
NULO;3.8135593220338984;2;51.291512915129154
NULO;5.303030303030303;2;42.63392857142857
NULO;3.0150753768844223;2;43.66812227074236
NULO;1.4150943396226414;2;46.60633484162896
NULO;1.5706806282722514;2;46.875
NULO;2.843601895734597;2;47.92626728110599
NULO;4.594594594594595;2;43.27628361858191
NULO;2.2580645161290325;2;46.3768115942029
NULO;4.013377926421405;2;40.869565217391305
NULO;2.8391167192429023;2;46.53179190751445
NULO;3.3333333333333335;2;46.875
NULO;4.761904761904762;2;54.09252669039146
NULO;7.643312101910828;2;50.0
NULO;2.903225806451613;2;46.24277456647399
NULO;4.7091412742382275;2;49.849849849849846
NULO;1.8867924528301887;2;46.32034632034632
NULO;2.898550724637681;2;40.0
NULO;1.971830985915493;2;52.450980392156865
NULO;3.551912568306011;2;45.30120481927711
NULO;2.1220159151193636;2;46.34146341463415
NULO;4.1420118343195265;2;49.21465968586387
NULO;1.7647058823529411;2;50.810810810810814
NULO;2.8;2;50.36764705882353
NULO;4.318936877076412;2;49.193548387096776
NULO;3.470031545741325;2;46.236559139784944
NULO;5.993690851735016;2;53.005464480874316
NULO;2.336448598130841;2;49.714285714285715
NULO;3.6437246963562755;2;48.55072463768116
NULO;2.3346303501945527;2;46.83098591549296
NULO;4.83271375464684;2;43.91891891891892
NULO;4.669260700389105;2;46.64310954063604
NULO;1.8604651162790697;2;56.83453237410072
NULO;3.90625;2;46.73913043478261
NULO;0.28169014084507044;2;48.25
NULO;1.7341040462427746;2;46.25
NULO;3.380281690140845;2;40.75
NULO;2.373887240356083;2;48.34254143646409
NULO;2.8350515463917527;2;49.88235294117647
NULO;3.5714285714285716;2;43.294117647058826
NULO;3.3333333333333335;2;45.45454545454545
NULO;2.9069767441860463;2;44.77211796246649
NULO;1.9021739130434783;2;44.44444444444444
NULO;2.6525198938992043;2;50.24390243902439
NULO;8.018867924528301;2;52.61194029850746
NULO;3.0211480362537766;2;50.0
NULO;2.2304832713754648;2;48.25174825174825
NULO;3.7037037037037037;2;52.348993288590606
NULO;2.4054982817869415;2;46.22950819672131
NULO;3.4615384615384617;2;48.38709677419355
NULO;1.9083969465648856;2;48.39857651245551
NULO;6.796116504854369;2;48.95522388059702
NULO;4.15335463258786;2;43.895348837209305
NULO;3.7837837837837838;2;45.340050377833755
NULO;6.885245901639344;2;50.887573964497044
NULO;3.9130434782608696;2;51.301115241635685
NULO;2.0547945205479454;2;52.293577981651374
NULO;2.0761245674740483;2;50.31055900621118
NULO;1.6778523489932886;2;46.03658536585366
NULO;3.6303630363036303;2;45.61933534743203
NULO;3.0508474576271185;2;49.843260188087775
NULO;9.027777777777779;2;51.41065830721003
NULO;1.366120218579235;2;46.246973365617436
NULO;3.674540682414698;2;48.214285714285715
NULO;3.8147138964577656;2;51.339285714285715
NULO;3.45679012345679;2;47.072072072072075
NULO;6.091370558375634;2;53.84615384615385
NULO;1.876675603217158;2;44.306930693069305
NULO;1.2690355329949239;2;46.48910411622276
NULO;4.69208211143695;2;49.3368700265252
NULO;5.698005698005698;2;40.54726368159204
NULO;6.340057636887608;2;48.888888888888886
NULO;3.835616438356164;2;50.36144578313253
NULO;3.658536585365854;2;46.388888888888886
NULO;0.9090909090909091;2;45.78651685393258
NULO;1.3404825737265416;2;51.07398568019093
NULO;6.043956043956044;2;48.2837528604119
