EYMAEL;0.5102040816326531;3;19.718309859154928
EYMAEL;0.44642857142857145;3;25.10460251046025
EYMAEL;0.32051282051282054;3;24.057971014492754
EYMAEL;0.36496350364963503;3;16.501650165016503
EYMAEL;0.49019607843137253;3;23.14410480349345
EYMAEL;0.4854368932038835;3;22.36842105263158
EYMAEL;0.3401360544217687;3;37.42690058479532
EYMAEL;1.0416666666666667;3;14.479638009049774
EYMAEL;0.2597402597402597;3;19.775280898876403
EYMAEL;0.2801120448179272;3;21.608040201005025
EYMAEL;0.3003003003003003;3;19.895287958115183
EYMAEL;0.3058103975535168;3;15.66579634464752
EYMAEL;0.2506265664160401;3;18.8470066518847
EYMAEL;0.29850746268656714;3;28.232189973614776
EYMAEL;0.2976190476190476;3;9.497206703910615
EYMAEL;0.2680965147453083;3;27.1889400921659
EYMAEL;0.2403846153846154;3;24.89177489177489
EYMAEL;1.0101010101010102;3;10.185185185185185
EYMAEL;0.6211180124223602;3;21.875
EYMAEL;0.28653295128939826;3;20.365535248041777
EYMAEL;0.2717391304347826;3;30.0
EYMAEL;0.547945205479452;3;21.588089330024815
EYMAEL;0.2597402597402597;3;20.72072072072072
EYMAEL;0.26109660574412535;3;24.887892376681613
EYMAEL;0.303951367781155;3;25.675675675675677
EYMAEL;0.30864197530864196;3;21.91780821917808
EYMAEL;0.32679738562091504;3;23.03206997084548
EYMAEL;0.29411764705882354;3;22.97979797979798
EYMAEL;0.2557544757033248;3;28.14645308924485
EYMAEL;0.5780346820809249;3;33.8235294117647
EYMAEL;0.3115264797507788;3;19.2
EYMAEL;0.5617977528089888;3;27.76523702031603
EYMAEL;0.2702702702702703;3;32.51833740831296
EYMAEL;0.2785515320334262;3;22.374429223744293
EYMAEL;0.42735042735042733;3;29.365079365079364
EYMAEL;0.5797101449275363;3;29.166666666666668
EYMAEL;0.2695417789757412;3;26.15062761506276
EYMAEL;0.38461538461538464;3;10.13986013986014
EYMAEL;0.26666666666666666;3;23.927765237020317
EYMAEL;0.9523809523809523;3;41.73913043478261
EYMAEL;0.24509803921568626;3;30.32128514056225
EYMAEL;0.5076142131979695;3;32.295719844357976
EYMAEL;0.3831417624521073;3;30.67484662576687
EYMAEL;0.3076923076923077;3;14.215686274509803
EYMAEL;0.4854368932038835;3;24.56896551724138
EYMAEL;0.3508771929824561;3;27.531645569620252
EYMAEL;0.45248868778280543;3;18.29268292682927
EYMAEL;0.5952380952380952;3;22.774869109947645
EYMAEL;0.546448087431694;3;24.88262910798122
EYMAEL;0.36900369003690037;3;19.83695652173913
EYMAEL;0.28328611898017;3;15.816326530612244
EYMAEL;0.2949852507374631;3;10.869565217391305
EYMAEL;0.6329113924050633;3;35.6353591160221
EYMAEL;0.6756756756756757;3;36.52694610778443
EYMAEL;0.2506265664160401;3;26.06741573033708
EYMAEL;0.3412969283276451;3;39.017341040462426
EYMAEL;0.5952380952380952;3;30.0
EYMAEL;0.6042296072507553;3;24.512534818941504
EYMAEL;0.2898550724637681;3;30.569948186528496
EYMAEL;0.37174721189591076;3;26.31578947368421
EYMAEL;0.3067484662576687;3;26.666666666666668
EYMAEL;0.3333333333333333;3;35.39325842696629
EYMAEL;0.2770083102493075;3;8.883248730964468
EYMAEL;0.2544529262086514;3;17.647058823529413
EYMAEL;0.33557046979865773;3;7.580174927113703
EYMAEL;0.5434782608695652;3;13.170731707317072
EYMAEL;0.5167958656330749;3;22.52252252252252
EYMAEL;0.4032258064516129;3;40.19607843137255
EYMAEL;0.31446540880503143;3;32.8
EYMAEL;0.2840909090909091;3;11.025641025641026
EYMAEL;0.2849002849002849;3;21.188630490956072
EYMAEL;2.1739130434782608;3;62.16216216216216
EYMAEL;0.27548209366391185;3;12.628865979381443
EYMAEL;0.37453183520599254;3;34.185303514377
EYMAEL;0.26595744680851063;3;21.17117117117117
EYMAEL;0.273972602739726;3;36.231884057971016
EYMAEL;0.4830917874396135;3;30.672268907563026
EYMAEL;0.6802721088435374;3;29.050279329608937
EYMAEL;0.3105590062111801;3;14.366197183098592
EYMAEL;0.3225806451612903;3;10.115606936416185
EYMAEL;1.075268817204301;3;11.442786069651742
EYMAEL;0.31347962382445144;3;13.746630727762803
EYMAEL;0.2949852507374631;3;8.900523560209423
EYMAEL;0.26666666666666666;3;12.325581395348838
EYMAEL;0.425531914893617;3;8.365019011406844
EYMAEL;0.546448087431694;3;17.91044776119403
EYMAEL;0.30959752321981426;3;14.285714285714286
EYMAEL;0.26737967914438504;3;30.444444444444443
EYMAEL;0.2849002849002849;3;27.272727272727273
EYMAEL;0.2724795640326976;3;11.302211302211303
EYMAEL;0.2604166666666667;3;24.22222222222222
EYMAEL;0.6269592476489029;3;24.30939226519337
EYMAEL;0.30959752321981426;3;35.43956043956044
EYMAEL;0.25773195876288657;3;21.563981042654028
EYMAEL;0.25125628140703515;3;13.513513513513514
EYMAEL;0.24630541871921183;3;16.517857142857142
EYMAEL;0.27100271002710025;3;8.663366336633663
EYMAEL;0.4329004329004329;3;21.05263157894737
EYMAEL;0.4716981132075472;3;16.01423487544484
EYMAEL;0.38022813688212925;3;43.67816091954023
EYMAEL;0.35714285714285715;3;23.978201634877383
EYMAEL;0.5649717514124294;3;22.594142259414227
EYMAEL;0.32786885245901637;3;23.366834170854272
EYMAEL;0.4830917874396135;3;12.32394366197183
EYMAEL;0.3937007874015748;3;28.213166144200628
EYMAEL;0.42735042735042733;3;28.187919463087248
EYMAEL;5.555555555555555;3;44.23076923076923
EYMAEL;0.6493506493506493;3;21.02803738317757
EYMAEL;0.7874015748031497;3;20.81218274111675
EYMAEL;0.6993006993006993;3;31.0
EYMAEL;0.42735042735042733;3;34.124629080118694
EYMAEL;0.6289308176100629;3;23.954372623574145
EYMAEL;0.3215434083601286;3;28.244274809160306
EYMAEL;0.4716981132075472;3;19.17808219178082
EYMAEL;0.36900369003690037;3;35.06849315068493
EYMAEL;0.591715976331361;3;30.88607594936709
EYMAEL;0.847457627118644;3;32.704402515723274
EYMAEL;0.4807692307692308;3;17.105263157894736
EYMAEL;0.3367003367003367;3;41.0919540229885
EYMAEL;0.4166666666666667;3;27.129337539432175
EYMAEL;0.40816326530612246;3;41.265060240963855
EYMAEL;0.38461538461538464;3;33.23442136498517
EYMAEL;0.40160642570281124;3;45.30831099195711
EYMAEL;0.3225806451612903;3;20.76502732240437
EYMAEL;0.625;3;40.689655172413794
EYMAEL;0.3389830508474576;3;24.347826086956523
EYMAEL;0.4784688995215311;3;33.333333333333336
EYMAEL;0.4878048780487805;3;20.848056537102472
EYMAEL;0.6211180124223602;3;20.48780487804878
EYMAEL;0.46296296296296297;3;28.975265017667844
EYMAEL;0.5208333333333334;3;23.507462686567163
EYMAEL;0.41841004184100417;3;26.993865030674847
EYMAEL;0.42016806722689076;3;21.58730158730159
EYMAEL;0.3816793893129771;3;22.775800711743774
EYMAEL;0.5617977528089888;3;21.755725190839694
EYMAEL;0.8810572687224669;3;31.164383561643834
EYMAEL;0.4784688995215311;3;21.554770318021202
EYMAEL;0.4608294930875576;3;30.240549828178693
EYMAEL;0.5102040816326531;3;35.27131782945737
EYMAEL;0.5524861878453039;3;35.3448275862069
EYMAEL;0.5681818181818182;3;23.62204724409449
EYMAEL;1.2345679012345678;3;15.765765765765765
EYMAEL;0.5291005291005291;3;47.73662551440329
EYMAEL;1.0526315789473684;3;25.818181818181817
EYMAEL;1.8404907975460123;3;37.55868544600939
EYMAEL;0.6211180124223602;3;25.102880658436213
EYMAEL;0.6944444444444444;3;33.513513513513516
EYMAEL;0.7518796992481203;3;40.97222222222222
EYMAEL;0.37593984962406013;3;25.217391304347824
EYMAEL;0.3472222222222222;3;28.04232804232804
EYMAEL;0.32051282051282054;3;25.257731958762886
EYMAEL;0.35842293906810035;3;23.768115942028984
EYMAEL;0.3861003861003861;3;33.04093567251462
EYMAEL;0.37037037037037035;3;25.0
EYMAEL;0.32679738562091504;3;30.4
EYMAEL;0.4444444444444444;3;40.3448275862069
EYMAEL;0.33557046979865773;3;30.927835051546392
EYMAEL;0.33783783783783783;3;36.33879781420765
EYMAEL;0.3460207612456747;3;36.0655737704918
EYMAEL;0.35714285714285715;3;34.11764705882353
EYMAEL;0.36496350364963503;3;32.17391304347826
EYMAEL;0.546448087431694;3;34.285714285714285
EYMAEL;0.3460207612456747;3;43.02325581395349
EYMAEL;0.7092198581560284;3;31.764705882352942
EYMAEL;0.3367003367003367;3;36.8421052631579
EYMAEL;0.3663003663003663;3;27.247191011235955
EYMAEL;0.49504950495049505;3;27.92452830188679
EYMAEL;0.5780346820809249;3;31.57894736842105
EYMAEL;0.4830917874396135;3;19.21708185053381
EYMAEL;0.5128205128205128;3;18.992248062015506
EYMAEL;0.4484304932735426;3;42.30769230769231
EYMAEL;0.6410256410256411;3;16.89189189189189
EYMAEL;0.37174721189591076;3;33.898305084745765
EYMAEL;0.4424778761061947;3;27.491408934707902
EYMAEL;0.36764705882352944;3;33.23863636363637
EYMAEL;0.3968253968253968;3;33.43465045592705
EYMAEL;1.1764705882352942;3;34.275618374558306
EYMAEL;0.3597122302158273;3;42.772861356932154
EYMAEL;0.3952569169960474;3;41.72185430463576
EYMAEL;0.38910505836575876;3;29.37853107344633
EYMAEL;0.33112582781456956;3;22.153846153846153
EYMAEL;0.36900369003690037;3;38.55421686746988
EYMAEL;0.2808988764044944;3;26.646706586826348
EYMAEL;0.5952380952380952;3;33.8235294117647
EYMAEL;0.4166666666666667;3;25.078369905956112
EYMAEL;0.3952569169960474;3;34.527687296416936
EYMAEL;0.6289308176100629;3;6.666666666666667
EYMAEL;1.5625;3;24.65753424657534
EYMAEL;0.41841004184100417;3;25.42955326460481
EYMAEL;0.4854368932038835;3;16.140350877192983
EYMAEL;0.4484304932735426;3;14.545454545454545
EYMAEL;1.1976047904191616;3;24.752475247524753
EYMAEL;0.8097165991902834;3;20.972644376899694
EYMAEL;0.4149377593360996;3;29.225352112676056
EYMAEL;0.45454545454545453;3;31.294964028776977
EYMAEL;0.4132231404958678;3;26.993865030674847
EYMAEL;0.3115264797507788;3;29.18032786885246
EYMAEL;0.5617977528089888;3;35.497835497835496
EYMAEL;0.5128205128205128;3;29.583333333333332
EYMAEL;0.273224043715847;3;31.10599078341014
EYMAEL;0.26666666666666666;3;13.580246913580247
EYMAEL;0.27624309392265195;3;22.110552763819097
EYMAEL;0.2544529262086514;3;26.52173913043478
EYMAEL;0.33112582781456956;3;35.02994011976048
EYMAEL;0.3115264797507788;3;19.667590027700832
EYMAEL;0.3225806451612903;3;19.10112359550562
EYMAEL;0.3115264797507788;3;16.802168021680217
EYMAEL;0.26246719160104987;3;12.740384615384615
EYMAEL;0.2604166666666667;3;17.83132530120482
EYMAEL;0.30303030303030304;3;27.855153203342617
EYMAEL;0.5347593582887701;3;22.760290556900728
EYMAEL;0.2518891687657431;3;23.423423423423422
EYMAEL;0.2695417789757412;3;6.483790523690773
EYMAEL;0.26455026455026454;3;20.34313725490196
EYMAEL;0.7662835249042146;3;4.195804195804196
EYMAEL;0.2777777777777778;3;17.17948717948718
EYMAEL;0.2770083102493075;3;22.54901960784314
EYMAEL;0.5602240896358543;3;22.613065326633166
EYMAEL;0.4132231404958678;3;27.06766917293233
EYMAEL;0.2557544757033248;3;25.27964205816555
EYMAEL;0.31545741324921134;3;18.413597733711047
EYMAEL;0.27472527472527475;3;9.768637532133676
EYMAEL;0.5988023952095808;3;29.891304347826086
EYMAEL;0.26595744680851063;3;21.16788321167883
EYMAEL;0.7518796992481203;3;30.407523510971785
EYMAEL;0.8438818565400844;3;40.41811846689895
EYMAEL;0.27624309392265195;3;12.561576354679802
EYMAEL;0.3816793893129771;3;12.982456140350877
EYMAEL;0.26246719160104987;3;6.293706293706293
EYMAEL;0.2717391304347826;3;21.71945701357466
EYMAEL;0.2702702702702703;3;23.209876543209877
EYMAEL;0.5617977528089888;3;19.25925925925926
EYMAEL;0.2717391304347826;3;15.29126213592233
EYMAEL;0.2331002331002331;3;18.072289156626507
EYMAEL;0.25380710659898476;3;30.65843621399177
EYMAEL;0.2824858757062147;3;32.49370277078086
EYMAEL;0.2680965147453083;3;13.202933985330073
EYMAEL;0.2386634844868735;3;12.072434607645874
EYMAEL;0.3875968992248062;3;28.205128205128204
EYMAEL;0.25252525252525254;3;25.0
EYMAEL;0.25125628140703515;3;22.489082969432314
EYMAEL;0.33444816053511706;3;16.231884057971016
EYMAEL;0.5305039787798409;3;13.902439024390244
EYMAEL;0.5882352941176471;3;14.594594594594595
EYMAEL;0.6309148264984227;3;26.612903225806452
EYMAEL;0.29673590504451036;3;25.138121546961326
EYMAEL;0.4716981132075472;3;26.865671641791046
EYMAEL;0.3472222222222222;3;31.34796238244514
EYMAEL;0.24691358024691357;3;25.225225225225227
EYMAEL;0.273972602739726;3;25.301204819277107
