DILMA;19.196428571428573;1;0.8368200836820083
DILMA;20.833333333333332;1;0.5797101449275363
DILMA;20.063694267515924;1;0.28653295128939826
DILMA;17.171717171717173;1;0.46511627906976744
DILMA;16.75392670157068;1;0.48661800486618007
DILMA;19.047619047619047;1;0.3816793893129771
DILMA;26.495726495726494;1;0.7547169811320755
DILMA;27.272727272727273;1;0.5524861878453039
DILMA;18.42105263157895;1;0.9389671361502347
DILMA;13.503649635036496;1;0.6600660066006601
DILMA;23.497267759562842;1;0.49019607843137253
DILMA;24.15730337078652;1;1.9900497512437811
DILMA;17.41741741741742;1;1.5625
DILMA;17.333333333333332;1;0.6818181818181818
DILMA;25.980392156862745;1;0.8733624454148472
DILMA;27.027027027027028;1;0.8333333333333334
DILMA;17.435897435897434;1;0.6928406466512702
DILMA;20.408163265306122;1;1.6055045871559632
DILMA;16.071428571428573;1;1.3761467889908257
DILMA;20.388349514563107;1;0.43859649122807015
DILMA;18.613138686131386;1;0.6622516556291391
DILMA;16.883116883116884;1;0.8875739644970414
DILMA;20.574162679425836;1;0.45248868778280543
DILMA;28.91156462585034;1;0.5847953216374269
DILMA;17.933130699088146;1;0.5376344086021505
DILMA;19.672131147540984;1;0.60790273556231
DILMA;21.51394422310757;1;0.36900369003690037
DILMA;21.066666666666666;1;0.6960556844547564
DILMA;24.415584415584416;1;0.2247191011235955
DILMA;22.22222222222222;1;1.0582010582010581
DILMA;17.22689075630252;1;1.056338028169014
DILMA;16.145833333333332;1;0.9615384615384616
DILMA;19.877675840978593;1;0.5221932114882507
DILMA;17.12707182320442;1;0.5291005291005291
DILMA;14.285714285714286;1;0.5780346820809249
DILMA;20.975609756097562;1;0.4608294930875576
DILMA;21.55388471177945;1;0.22172949002217296
DILMA;18.507462686567163;1;0.2638522427440633
DILMA;14.423076923076923;1;0.43478260869565216
DILMA;12.600536193029491;1;0.4608294930875576
DILMA;22.3433242506812;1;0.6944444444444444
DILMA;19.81566820276498;1;1.7094017094017093
DILMA;20.39660056657224;1;0.25252525252525254
DILMA;23.497267759562842;1;0.9411764705882353
DILMA;23.206751054852322;1;1.4814814814814814
DILMA;14.537444933920705;1;0.4098360655737705
DILMA;22.83653846153846;1;1.0822510822510822
DILMA;19.93127147766323;1;0.29069767441860467
DILMA;13.454545454545455;1;1.0033444816053512
DILMA;16.161616161616163;1;0.591715976331361
DILMA;15.929203539823009;1;0.8097165991902834
DILMA;18.617021276595743;1;0.7317073170731707
DILMA;16.955017301038062;1;1.1661807580174928
DILMA;24.86631016042781;1;0.6818181818181818
DILMA;20.218579234972676;1;0.45045045045045046
DILMA;16.402116402116402;1;0.45454545454545453
DILMA;17.21518987341772;1;0.44052863436123346
DILMA;19.25;1;1.5555555555555556
DILMA;17.70186335403727;1;0.2840909090909091
DILMA;16.091954022988507;1;1.5384615384615385
DILMA;19.74921630094044;1;0.8571428571428571
DILMA;13.526570048309178;1;0.8849557522123894
DILMA;18.911174785100286;1;0.783289817232376
DILMA;16.886543535620053;1;0.23201856148491878
DILMA;21.631205673758867;1;0.625
DILMA;22.71386430678466;1;1.3192612137203166
DILMA;28.26086956521739;1;0.9090909090909091
DILMA;15.53133514986376;1;1.36986301369863
DILMA;16.50793650793651;1;0.27548209366391185
DILMA;17.36842105263158;1;0.2242152466367713
DILMA;14.864864864864865;1;0.9070294784580499
DILMA;16.034985422740526;1;0.5194805194805194
DILMA;18.681318681318682;1;0.9950248756218906
DILMA;21.11111111111111;1;2.450980392156863
DILMA;15.856777493606138;1;0.44052863436123346
DILMA;15.584415584415584;1;0.22522522522522523
DILMA;13.577023498694517;1;0.8968609865470852
DILMA;14.24731182795699;1;0.6880733944954128
DILMA;16.129032258064516;1;0.9090909090909091
DILMA;19.756838905775076;1;0.8108108108108109
DILMA;15.601023017902813;1;0.45146726862302483
DILMA;23.14814814814815;1;0.547945205479452
DILMA;32.20338983050848;1;0.3246753246753247
DILMA;18.627450980392158;1;0.5830903790087464
DILMA;22.352941176470587;1;0.7575757575757576
DILMA;24.345549738219894;1;0.22371364653243847
DILMA;16.554054054054053;1;0.6006006006006006
DILMA;21.31979695431472;1;0.4357298474945534
DILMA;16.623376623376622;1;0.22371364653243847
DILMA;15.856777493606138;1;0.4576659038901602
DILMA;17.933130699088146;1;1.7902813299232736
DILMA;17.105263157894736;1;0.6681514476614699
DILMA;20.157068062827225;1;0.6741573033707865
DILMA;18.068535825545172;1;0.5333333333333333
DILMA;17.662337662337663;1;0.22271714922049
DILMA;16.853932584269664;1;0.45146726862302483
DILMA;15.877437325905293;1;0.228310502283105
DILMA;10.909090909090908;1;0.89086859688196
DILMA;16.56441717791411;1;0.5235602094240838
DILMA;20.54054054054054;1;0.23201856148491878
DILMA;25.55205047318612;1;1.0554089709762533
DILMA;21.329639889196677;1;0.9111617312072893
DILMA;18.674698795180724;1;2.544529262086514
DILMA;21.05263157894737;1;1.1185682326621924
DILMA;17.94871794871795;1;0.7936507936507936
DILMA;21.0727969348659;1;0.7017543859649122
DILMA;21.73913043478261;1;0.5208333333333334
DILMA;22.10242587601078;1;0.20920502092050208
DILMA;20.66115702479339;1;0.9501187648456056
DILMA;18.932038834951456;1;0.411522633744856
DILMA;14.245014245014245;1;0.75
DILMA;17.757009345794394;1;0.7194244604316546
DILMA;19.911504424778762;1;0.4098360655737705
DILMA;22.857142857142858;1;1.3245033112582782
DILMA;17.066666666666666;1;2.2573363431151243
DILMA;15.894039735099337;1;1.8072289156626506
DILMA;20.597014925373134;1;1.5706806282722514
DILMA;16.176470588235293;1;1.2048192771084338
DILMA;19.047619047619047;1;1.6129032258064515
DILMA;22.84263959390863;1;4.669260700389105
DILMA;15.267175572519085;1;3.125
DILMA;19.157088122605366;1;5.214723926380368
DILMA;18.385650224215247;1;0.4098360655737705
DILMA;15.596330275229358;1;4.761904761904762
DILMA;16.666666666666668;1;4.651162790697675
DILMA;16.53543307086614;1;1.3651877133105803
DILMA;23.529411764705884;1;1.2944983818770226
DILMA;20.714285714285715;1;0.6389776357827476
DILMA;20.072992700729927;1;1.2861736334405145
DILMA;16.990291262135923;1;1.293103448275862
DILMA;22.105263157894736;1;0.9493670886075949
DILMA;21.717171717171716;1;0.2247191011235955
DILMA;16.071428571428573;1;0.851063829787234
DILMA;18.226600985221676;1;0.4424778761061947
DILMA;16.666666666666668;1;1.408450704225352
DILMA;19.047619047619047;1;1.0471204188481675
DILMA;16.207951070336392;1;0.5449591280653951
DILMA;15.223880597014926;1;0.26246719160104987
DILMA;21.533923303834808;1;0.5
DILMA;19.213973799126638;1;0.38910505836575876
DILMA;26.08695652173913;1;0.3952569169960474
DILMA;22.594142259414227;1;0.3861003861003861
DILMA;17.180616740088105;1;0.3937007874015748
DILMA;18.4;1;0.7299270072992701
DILMA;17.97752808988764;1;0.5
DILMA;17.587939698492463;1;1.0526315789473684
DILMA;15.044247787610619;1;0.2717391304347826
DILMA;12.852664576802507;1;0.2849002849002849
DILMA;16.614420062695924;1;0.2785515320334262
DILMA;15.819209039548022;1;0.5277044854881267
DILMA;14.5;1;0.2242152466367713
DILMA;12.0;1;0.5347593582887701
DILMA;46.236559139784944;1;1.21580547112462
DILMA;27.531645569620252;1;1.3812154696132597
DILMA;28.37837837837838;1;0.5988023952095808
DILMA;18.045112781954888;1;0.6741573033707865
DILMA;14.855072463768115;1;0.6410256410256411
DILMA;13.897280966767372;1;0.546448087431694
DILMA;16.120906801007557;1;0.6681514476614699
DILMA;29.714285714285715;1;0.47619047619047616
DILMA;12.844036697247706;1;0.8333333333333334
DILMA;36.22047244094488;1;0.6472491909385113
DILMA;10.606060606060606;1;0.5633802816901409
DILMA;35.49488054607509;1;0.28901734104046245
DILMA;22.023809523809526;1;1.3636363636363635
DILMA;9.480122324159021;1;0.2770083102493075
DILMA;16.91842900302115;1;0.5571030640668524
DILMA;13.119533527696793;1;0.2724795640326976
DILMA;66.53543307086615;1;0.3389830508474576
DILMA;14.137931034482758;1;0.9584664536741214
DILMA;16.70886075949367;1;0.9070294784580499
DILMA;19.71014492753623;1;0.7633587786259542
DILMA;25.668449197860962;1;0.228310502283105
DILMA;15.652173913043478;1;0.25906735751295334
DILMA;17.647058823529413;1;0.5076142131979695
DILMA;12.864077669902912;1;0.4484304932735426
DILMA;9.06515580736544;1;1.3089005235602094
DILMA;13.178294573643411;1;0.6756756756756757
DILMA;29.36802973977695;1;0.8771929824561403
DILMA;13.135593220338983;1;0.38910505836575876
DILMA;16.615384615384617;1;0.2808988764044944
DILMA;20.858895705521473;1;0.2777777777777778
DILMA;10.199004975124378;1;0.6607929515418502
DILMA;40.51094890510949;1;1.8237082066869301
DILMA;10.662824207492795;1;0.5141388174807198
DILMA;14.661654135338345;1;0.33557046979865773
DILMA;29.807692307692307;1;1.3888888888888888
DILMA;18.823529411764707;1;0.25252525252525254
DILMA;14.540816326530612;1;1.5765765765765767
DILMA;15.776081424936386;1;0.45248868778280543
DILMA;11.073825503355705;1;0.5830903790087464
DILMA;13.506493506493506;1;0.449438202247191
DILMA;16.38888888888889;1;0.25380710659898476
DILMA;13.170731707317072;1;0.6756756756756757
DILMA;21.188630490956072;1;0.22522522522522523
DILMA;10.204081632653061;1;0.25906735751295334
DILMA;13.300492610837438;1;0.22675736961451248
DILMA;35.483870967741936;1;0.6535947712418301
DILMA;15.217391304347826;1;0.6607929515418502
DILMA;15.168539325842696;1;2.0202020202020203
DILMA;13.28125;1;0.2222222222222222
DILMA;16.86046511627907;1;1.0204081632653061
DILMA;18.289085545722713;1;0.5128205128205128
DILMA;12.436548223350254;1;0.672645739910314
DILMA;11.029411764705882;1;0.6734006734006734
DILMA;15.895953757225433;1;0.5181347150259067
DILMA;21.03448275862069;1;0.9584664536741214
DILMA;17.404129793510325;1;0.26455026455026454
DILMA;29.15129151291513;1;1.4534883720930232
DILMA;14.779874213836479;1;0.5333333333333333
DILMA;16.164383561643834;1;0.24630541871921183
DILMA;25.0;1;1.1049723756906078
DILMA;17.045454545454547;1;1.5384615384615385
DILMA;14.534883720930232;1;0.7853403141361257
DILMA;17.59776536312849;1;0.25839793281653745
DILMA;13.105413105413106;1;1.0335917312661498
DILMA;11.733333333333333;1;0.26455026455026454
DILMA;19.29824561403509;1;18.666666666666668
DILMA;13.846153846153847;1;1.680672268907563
DILMA;13.043478260869565;1;22.972972972972972
DILMA;14.325068870523417;1;0.25773195876288657
DILMA;14.759036144578314;1;0.5633802816901409
DILMA;12.776412776412776;1;0.8948545861297539
DILMA;13.194444444444445;1;1.2121212121212122
DILMA;17.58957654723127;1;0.5434782608695652
DILMA;34.48275862068966;1;1.5105740181268883
DILMA;32.95880149812734;1;3.5143769968051117
DILMA;20.05730659025788;1;0.49261083743842365
DILMA;18.03713527851459;1;0.9195402298850575
DILMA;15.277777777777779;1;0.8064516129032258
DILMA;18.13186813186813;1;0.48426150121065376
DILMA;10.658307210031348;1;1.9774011299435028
DILMA;15.0;1;0.7547169811320755
DILMA;32.394366197183096;1;4.335260115606936
DILMA;21.022727272727273;1;0.9433962264150944
DILMA;15.957446808510639;1;0.25125628140703515
DILMA;15.691489361702128;1;1.5765765765765767
DILMA;11.845730027548209;1;1.639344262295082
DILMA;19.946091644204852;1;0.2247191011235955
DILMA;15.384615384615385;1;0.9411764705882353
DILMA;12.747875354107649;1;2.0
DILMA;22.22222222222222;1;1.680672268907563
DILMA;15.406162464985995;1;1.8867924528301887
DILMA;14.893617021276595;1;1.8087855297157622
DILMA;23.36182336182336;1;0.25
DILMA;15.750915750915752;1;1.0695187165775402
DILMA;17.073170731707318;1;3.058103975535168
DILMA;15.568862275449101;1;3.125
DILMA;20.12578616352201;1;0.2840909090909091
DILMA;18.803418803418804;1;3.3557046979865772
DILMA;14.285714285714286;1;5.05050505050505
DILMA;14.50381679389313;1;4.651162790697675
DILMA;21.22905027932961;1;4.090909090909091
DILMA;13.333333333333334;1;3.3333333333333335
DILMA;15.384615384615385;1;9.223300970873787
DILMA;20.408163265306122;1;8.379888268156424
DILMA;17.647058823529413;1;0.5649717514124294
DILMA;18.91891891891892;1;5.2631578947368425
DILMA;17.91530944625407;1;0.28169014084507044
DILMA;16.459627329192546;1;1.1267605633802817
DILMA;13.548387096774194;1;0.28901734104046245
DILMA;39.76377952755905;1;0.9202453987730062
DILMA;13.80281690140845;1;0.9090909090909091
DILMA;13.978494623655914;1;0.4975124378109453
DILMA;17.46987951807229;1;0.26881720430107525
DILMA;15.789473684210526;1;0.2724795640326976
DILMA;9.701492537313433;1;0.33444816053511706
DILMA;11.02661596958175;1;1.0204081632653061
DILMA;17.428571428571427;1;0.2564102564102564
DILMA;16.80911680911681;1;0.2544529262086514
DILMA;40.225563909774436;1;2.127659574468085
DILMA;8.55457227138643;1;1.0471204188481675
DILMA;14.024390243902438;1;0.5524861878453039
DILMA;17.28723404255319;1;0.702576112412178
DILMA;18.666666666666668;1;0.46511627906976744
DILMA;14.824797843665769;1;0.47393364928909953
DILMA;15.451895043731778;1;0.7751937984496124
DILMA;15.44943820224719;1;0.5167958656330749
DILMA;18.26625386996904;1;0.5602240896358543
DILMA;18.84498480243161;1;0.5524861878453039
DILMA;14.285714285714286;1;0.6787330316742082
DILMA;11.594202898550725;1;0.8064516129032258
DILMA;16.573033707865168;1;0.5089058524173028
DILMA;18.591549295774648;1;1.0204081632653061
DILMA;16.923076923076923;1;0.9433962264150944
DILMA;17.112299465240643;1;0.4444444444444444
DILMA;19.104477611940297;1;0.9900990099009901
DILMA;19.273743016759777;1;0.9950248756218906
DILMA;20.22792022792023;1;0.4914004914004914
DILMA;29.10958904109589;1;1.092896174863388
DILMA;13.150684931506849;1;0.2518891687657431
DILMA;17.052023121387283;1;0.5141388174807198
DILMA;15.725806451612904;1;0.7692307692307693
DILMA;12.544802867383513;1;0.3401360544217687
DILMA;15.104166666666666;1;0.6666666666666666
DILMA;26.440677966101696;1;1.639344262295082
DILMA;16.358839050131927;1;0.2247191011235955
DILMA;15.0;1;0.672645739910314
DILMA;19.52054794520548;1;0.31545741324921134
DILMA;14.16184971098266;1;0.2557544757033248
DILMA;18.495297805642632;1;0.5524861878453039
DILMA;29.41176470588235;1;0.8241758241758241
DILMA;12.56281407035176;1;0.6756756756756757
DILMA;11.380145278450364;1;0.8830022075055187
DILMA;12.745098039215685;1;0.4329004329004329
DILMA;10.591133004926109;1;0.44642857142857145
DILMA;36.24454148471616;1;0.3460207612456747
DILMA;39.473684210526315;1;1.0526315789473684
DILMA;35.111111111111114;1;1.4234875444839858
DILMA;42.731277533039645;1;0.35842293906810035
DILMA;73.39449541284404;1;1.5267175572519085
DILMA;14.285714285714286;1;2.7777777777777777
DILMA;40.56603773584906;1;1.4234875444839858
DILMA;31.756756756756758;1;0.5780346820809249
DILMA;50.72463768115942;1;3.658536585365854
DILMA;24.025974025974026;1;2.0100502512562812
DILMA;6.722689075630252;1;0.6451612903225806
DILMA;50.0;1;0.819672131147541
DILMA;22.746781115879827;1;5.2805280528052805
DILMA;35.741444866920155;1;9.195402298850574
DILMA;22.55639097744361;1;12.025316455696203
DILMA;49.18032786885246;1;1.36986301369863
DILMA;20.714285714285715;1;1.2658227848101267
DILMA;25.78397212543554;1;1.5075376884422111
DILMA;21.428571428571427;1;0.2680965147453083
DILMA;21.245421245421245;1;1.3736263736263736
DILMA;25.096525096525095;1;0.554016620498615
DILMA;21.691176470588236;1;0.8310249307479224
DILMA;24.456521739130434;1;0.819672131147541
DILMA;29.46058091286307;1;0.9615384615384616
DILMA;22.65625;1;0.3184713375796178
DILMA;26.970954356846473;1;3.0211480362537766
DILMA;30.223880597014926;1;2.6470588235294117
DILMA;23.728813559322035;1;0.5347593582887701
DILMA;26.35135135135135;1;0.26595744680851063
DILMA;25.080385852090032;1;1.518987341772152
DILMA;24.333333333333332;1;1.7902813299232736
DILMA;20.689655172413794;1;1.856763925729443
DILMA;21.568627450980394;1;1.3297872340425532
DILMA;26.053639846743295;1;0.546448087431694
DILMA;28.928571428571427;1;0.8174386920980926
DILMA;22.340425531914892;1;1.794871794871795
DILMA;21.908127208480565;1;1.7811704834605597
DILMA;24.573378839590443;1;0.5115089514066496
DILMA;31.80327868852459;1;0.5025125628140703
DILMA;33.440514469453376;1;0.25125628140703515
DILMA;42.508710801393725;1;0.7556675062972292
DILMA;35.85526315789474;1;0.5089058524173028
DILMA;40.549828178694156;1;1.0101010101010102
DILMA;36.271186440677965;1;0.25252525252525254
DILMA;40.67796610169491;1;0.5063291139240507
DILMA;26.79127725856698;1;1.7902813299232736
DILMA;41.666666666666664;1;0.7614213197969543
DILMA;41.355932203389834;1;0.7692307692307693
DILMA;42.532467532467535;1;1.0126582278481013
DILMA;22.68041237113402;1;1.6042780748663101
DILMA;27.40740740740741;1;1.466275659824047
DILMA;24.344569288389515;1;2.318840579710145
DILMA;18.62348178137652;1;0.8902077151335311
DILMA;43.24324324324324;1;0.6622516556291391
DILMA;41.666666666666664;1;0.5141388174807198
DILMA;25.752508361204015;1;1.5463917525773196
DILMA;35.84905660377358;1;0.42016806722689076
DILMA;24.257425742574256;1;0.4166666666666667
DILMA;24.0;1;1.1695906432748537
DILMA;35.256410256410255;1;1.2552301255230125
DILMA;23.694779116465863;1;2.572347266881029
DILMA;23.417721518987342;1;1.5151515151515151
DILMA;20.233463035019454;1;0.6042296072507553
DILMA;23.25581395348837;1;1.3089005235602094
DILMA;40.64748201438849;1;0.26455026455026454
DILMA;23.076923076923077;1;0.5115089514066496
DILMA;19.76284584980237;1;0.3194888178913738
DILMA;37.01298701298701;1;1.2658227848101267
DILMA;23.134328358208954;1;1.492537313432836
DILMA;28.755364806866954;1;0.9615384615384616
DILMA;18.75;1;2.2151898734177213
DILMA;18.218623481781375;1;3.468208092485549
DILMA;48.1981981981982;1;2.3529411764705883
DILMA;32.5;1;0.2808988764044944
DILMA;26.96629213483146;1;2.1201413427561837
DILMA;36.13861386138614;1;0.6600660066006601
DILMA;39.11290322580645;1;2.005730659025788
DILMA;27.77777777777778;1;0.8174386920980926
DILMA;19.047619047619047;1;5.511811023622047
DILMA;21.804511278195488;1;2.616279069767442
DILMA;21.694915254237287;1;1.3297872340425532
DILMA;19.488817891373802;1;0.7633587786259542
DILMA;5.555555555555555;1;7.6923076923076925
DILMA;46.753246753246756;1;0.9345794392523364
DILMA;31.407942238267147;1;3.943661971830986
DILMA;35.80246913580247;1;4.878048780487805
DILMA;51.14754098360656;1;1.0471204188481675
DILMA;55.921052631578945;1;1.5957446808510638
DILMA;44.97991967871486;1;2.108433734939759
DILMA;54.51807228915663;1;1.7543859649122806
DILMA;24.91103202846975;1;1.1363636363636365
DILMA;28.40909090909091;1;1.702127659574468
DILMA;28.67924528301887;1;1.1594202898550725
DILMA;22.175732217573223;1;0.6825938566552902
DILMA;28.571428571428573;1;0.9345794392523364
DILMA;50.88339222614841;1;1.0498687664041995
DILMA;39.37007874015748;1;0.5076142131979695
DILMA;31.135531135531135;1;1.7595307917888563
DILMA;28.15884476534296;1;1.1267605633802817
DILMA;28.35820895522388;1;0.5586592178770949
DILMA;30.76923076923077;1;1.0
DILMA;31.65137614678899;1;10.0
DILMA;45.76271186440678;1;1.6042780748663101
DILMA;32.89473684210526;1;1.477832512315271
DILMA;32.56704980842912;1;1.404494382022472
DILMA;32.377049180327866;1;0.3367003367003367
DILMA;30.0;1;0.4132231404958678
DILMA;50.34722222222222;1;3.299492385786802
DILMA;34.69387755102041;1;1.5267175572519085
DILMA;30.47945205479452;1;0.8547008547008547
DILMA;36.206896551724135;1;2.0833333333333335
DILMA;27.480916030534353;1;1.8518518518518519
DILMA;26.976744186046513;1;1.4492753623188406
DILMA;37.827715355805246;1;1.9553072625698324
DILMA;46.09665427509294;1;2.6525198938992043
DILMA;46.22641509433962;1;0.9803921568627451
DILMA;37.74834437086093;1;2.7989821882951653
DILMA;48.63013698630137;1;2.6246719160104988
DILMA;45.55160142348755;1;0.5181347150259067
DILMA;54.13793103448276;1;1.5873015873015872
DILMA;35.22727272727273;1;3.053435114503817
DILMA;36.597938144329895;1;1.4234875444839858
DILMA;32.870370370370374;1;1.3986013986013985
DILMA;55.79710144927536;1;2.6315789473684212
DILMA;42.016806722689076;1;1.0
DILMA;43.1438127090301;1;0.7614213197969543
DILMA;25.503355704697988;1;1.3333333333333333
DILMA;32.6271186440678;1;0.6734006734006734
DILMA;29.515418502202643;1;0.625
DILMA;29.6875;1;3.003003003003003
DILMA;52.84280936454849;1;0.26109660574412535
DILMA;48.18652849740933;1;0.37037037037037035
DILMA;40.95238095238095;1;0.6993006993006993
DILMA;32.298136645962735;1;0.4098360655737705
DILMA;36.655948553054664;1;2.035623409669211
DILMA;41.74757281553398;1;1.4234875444839858
DILMA;37.56345177664975;1;1.048951048951049
DILMA;23.346303501945524;1;2.3323615160349855
DILMA;52.54237288135593;1;0.5649717514124294
DILMA;31.95020746887967;1;1.8518518518518519
DILMA;32.42009132420091;1;2.5
DILMA;52.94117647058823;1;4.242424242424242
DILMA;32.103321033210335;1;1.36986301369863
DILMA;24.623115577889447;1;1.7094017094017093
DILMA;54.75409836065574;1;2.680965147453083
DILMA;66.66666666666667;1;1.0638297872340425
DILMA;52.4822695035461;1;2.0
DILMA;31.182795698924732;1;1.7391304347826086
DILMA;30.476190476190474;1;0.7326007326007326
DILMA;32.342007434944236;1;1.557632398753894
DILMA;26.666666666666668;1;1.680672268907563
DILMA;24.738675958188153;1;1.0899182561307903
DILMA;29.80392156862745;1;2.140672782874618
DILMA;51.77514792899408;1;2.0253164556962027
DILMA;35.80246913580247;1;2.04778156996587
DILMA;27.966101694915253;1;0.6289308176100629
DILMA;36.87707641196013;1;1.8134715025906736
DILMA;26.492537313432837;1;0.5882352941176471
DILMA;36.177474402730375;1;1.7902813299232736
DILMA;41.34615384615385;1;2.3076923076923075
DILMA;26.905829596412556;1;0.6872852233676976
DILMA;34.55882352941177;1;0.5830903790087464
DILMA;47.417840375586856;1;1.486988847583643
DILMA;47.24770642201835;1;4.593639575971731
DILMA;37.71043771043771;1;0.28735632183908044
DILMA;37.5;1;3.745318352059925
DILMA;66.66666666666667;1;4.644808743169399
DILMA;20.930232558139537;1;1.2422360248447204
DILMA;41.29353233830846;1;2.4
DILMA;38.9937106918239;1;0.9569377990430622
DILMA;28.01556420233463;1;1.5015015015015014
DILMA;27.96934865900383;1;1.4880952380952381
DILMA;53.57142857142857;1;3.1496062992125986
DILMA;54.42176870748299;1;1.6304347826086956
DILMA;52.94117647058823;1;1.0380622837370241
DILMA;33.439490445859875;1;0.7653061224489796
DILMA;34.716981132075475;1;2.4930747922437675
DILMA;62.608695652173914;1;0.5813953488372093
DILMA;23.333333333333332;1;3.4482758620689653
DILMA;61.39705882352941;1;3.6211699164345403
DILMA;34.177215189873415;1;1.477832512315271
DILMA;42.916666666666664;1;0.9463722397476341
DILMA;40.40816326530612;1;2.108433734939759
DILMA;36.75213675213675;1;1.5625
DILMA;47.142857142857146;1;0.4975124378109453
DILMA;56.64739884393064;1;2.2670025188916876
DILMA;54.13533834586466;1;2.1021021021021022
DILMA;50.22831050228311;1;3.2142857142857144
DILMA;40.963855421686745;1;2.5477707006369426
DILMA;24.242424242424242;1;0.6134969325153374
DILMA;52.70935960591133;1;1.9169329073482428
DILMA;32.967032967032964;1;0.5830903790087464
DILMA;48.84615384615385;1;0.8902077151335311
DILMA;30.181818181818183;1;1.744186046511628
DILMA;44.680851063829785;1;3.6363636363636362
DILMA;22.99651567944251;1;1.680672268907563
DILMA;30.303030303030305;1;0.41841004184100417
DILMA;36.08695652173913;1;2.140672782874618
DILMA;52.44755244755245;1;3.6649214659685865
DILMA;22.09737827715356;1;1.1204481792717087
DILMA;23.828125;1;1.5151515151515151
DILMA;41.1764705882353;1;4.40251572327044
DILMA;48.125;1;2.030456852791878
DILMA;36.7003367003367;1;1.288659793814433
DILMA;29.537366548042705;1;1.084010840108401
DILMA;21.25;1;1.2345679012345678
DILMA;31.294964028776977;1;1.183431952662722
DILMA;25.862068965517242;1;1.694915254237288
DILMA;30.103806228373703;1;2.1108179419525066
DILMA;36.58536585365854;1;2.4390243902439024
DILMA;30.76923076923077;1;0.2949852507374631
DILMA;37.2093023255814;1;1.4164305949008498
DILMA;32.45614035087719;1;0.37037037037037035
DILMA;34.857142857142854;1;0.819672131147541
DILMA;54.15384615384615;1;1.0178117048346056
DILMA;61.570247933884296;1;2.388059701492537
DILMA;49.501661129568106;1;2.8795811518324608
DILMA;28.14814814814815;1;0.2898550724637681
DILMA;51.01010101010101;1;2.4390243902439024
DILMA;29.365079365079364;1;1.5544041450777202
DILMA;55.223880597014926;1;1.7777777777777777
DILMA;68.32579185520362;1;1.5384615384615385
DILMA;26.818181818181817;1;2.5179856115107913
DILMA;69.33962264150944;1;3.937007874015748
DILMA;78.81619937694704;1;4.216867469879518
DILMA;29.447852760736197;1;0.9852216748768473
DILMA;47.111111111111114;1;6.229508196721311
DILMA;52.15311004784689;1;4.119850187265918
DILMA;32.6241134751773;1;0.8771929824561403
DILMA;37.755102040816325;1;4.938271604938271
DILMA;42.16867469879518;1;1.0723860589812333
DILMA;12.941176470588236;1;0.7246376811594203
DILMA;67.6056338028169;1;3.8095238095238093
DILMA;24.46808510638298;1;0.5571030640668524
DILMA;30.501930501930502;1;0.8928571428571429
DILMA;34.285714285714285;1;3.7383177570093458
DILMA;23.076923076923077;1;4.098360655737705
DILMA;17.97752808988764;1;2.834008097165992
DILMA;54.5;1;2.6200873362445414
DILMA;51.207729468599034;1;2.459016393442623
DILMA;55.913978494623656;1;3.3333333333333335
DILMA;24.81203007518797;1;2.0833333333333335
DILMA;46.57534246575342;1;5.687203791469194
DILMA;60.58091286307054;1;2.380952380952381
DILMA;64.97695852534562;1;5.5762081784386615
DILMA;59.310344827586206;1;1.0362694300518134
DILMA;21.21212121212121;1;10.294117647058824
DILMA;13.68421052631579;1;1.2987012987012987
DILMA;31.132075471698112;1;0.7299270072992701
DILMA;85.15625;1;1.7751479289940828
DILMA;50.0;1;2.6490066225165565
DILMA;36.53846153846154;1;3.2967032967032965
DILMA;33.333333333333336;1;0.7518796992481203
DILMA;75.38461538461539;1;0.7194244604316546
DILMA;52.525252525252526;1;3.278688524590164
DILMA;63.06818181818182;1;3.1088082901554404
DILMA;27.40740740740741;1;0.44052863436123346
DILMA;55.483870967741936;1;5.46448087431694
DILMA;75.0;1;3.482587064676617
DILMA;32.11009174311926;1;1.5267175572519085
DILMA;75.75757575757575;1;1.0526315789473684
DILMA;61.904761904761905;1;5.0
DILMA;27.062706270627064;1;2.8720626631853787
DILMA;34.86842105263158;1;2.840909090909091
DILMA;51.14942528735632;1;3.076923076923077
DILMA;75.625;1;5.181347150259067
DILMA;44.0;1;5.084745762711864
DILMA;37.5;1;0.4484304932735426
DILMA;60.3448275862069;1;3.7037037037037037
DILMA;48.51485148514851;1;2.2222222222222223
DILMA;27.335640138408305;1;2.623906705539359
DILMA;33.44827586206897;1;1.4450867052023122
DILMA;52.0;1;1.3157894736842106
DILMA;55.34591194968554;1;1.4285714285714286
DILMA;7.299270072992701;1;2.293577981651376
DILMA;45.018450184501845;1;4.182509505703422
DILMA;54.91803278688525;1;1.8867924528301887
DILMA;52.20338983050848;1;8.115942028985508
DILMA;43.037974683544306;1;12.931034482758621
DILMA;26.666666666666668;1;9.345794392523365
DILMA;48.07692307692308;1;14.754098360655737
DILMA;29.850746268656717;1;1.1363636363636365
DILMA;28.436018957345972;1;0.704225352112676
DILMA;27.941176470588236;1;0.8902077151335311
DILMA;28.625954198473284;1;1.1904761904761905
DILMA;29.32330827067669;1;2.1148036253776437
DILMA;24.793388429752067;1;1.0169491525423728
DILMA;33.65853658536585;1;1.7667844522968197
DILMA;32.870370370370374;1;1.7730496453900708
DILMA;35.034013605442176;1;2.0460358056265986
DILMA;28.630705394190873;1;0.5813953488372093
DILMA;28.01556420233463;1;0.8955223880597015
DILMA;31.3953488372093;1;0.8902077151335311
DILMA;28.957528957528957;1;0.8982035928143712
DILMA;27.81954887218045;1;1.2121212121212122
DILMA;18.250950570342205;1;0.5988023952095808
DILMA;31.73076923076923;1;0.6289308176100629
DILMA;30.939226519337016;1;2.857142857142857
DILMA;35.38461538461539;1;0.411522633744856
DILMA;29.64426877470356;1;3.225806451612903
DILMA;34.04255319148936;1;0.29673590504451036
DILMA;30.612244897959183;1;0.4166666666666667
DILMA;32.20973782771536;1;2.0648967551622417
DILMA;32.196969696969695;1;2.046783625730994
DILMA;36.612021857923494;1;2.9661016949152543
DILMA;37.2093023255814;1;1.36986301369863
DILMA;25.19685039370079;1;1.834862385321101
DILMA;33.333333333333336;1;0.975609756097561
DILMA;29.11392405063291;1;0.9950248756218906
DILMA;34.78260869565217;1;1.4634146341463414
DILMA;29.545454545454547;1;0.9009009009009009
DILMA;29.533678756476682;1;9.79020979020979
DILMA;23.387096774193548;1;1.366120218579235
DILMA;53.90334572490706;1;1.288659793814433
DILMA;54.729729729729726;1;1.2987012987012987
DILMA;45.149253731343286;1;2.9023746701846966
DILMA;45.833333333333336;1;1.5873015873015872
DILMA;38.225255972696246;1;2.2900763358778624
DILMA;38.888888888888886;1;1.4134275618374559
DILMA;40.08810572687225;1;1.0273972602739727
DILMA;40.104166666666664;1;0.746268656716418
DILMA;32.77777777777778;1;3.053435114503817
DILMA;40.08438818565401;1;0.9933774834437086
DILMA;34.859154929577464;1;1.4164305949008498
DILMA;37.89808917197452;1;1.5267175572519085
DILMA;39.333333333333336;1;0.5102040816326531
DILMA;44.70198675496689;1;0.7653061224489796
DILMA;40.07936507936508;1;2.0710059171597632
DILMA;39.15343915343915;1;8.333333333333334
DILMA;5.747126436781609;1;1.5037593984962405
DILMA;85.33333333333333;1;1.838235294117647
DILMA;69.51219512195122;1;1.6260162601626016
DILMA;44.05940594059406;1;5.058365758754864
DILMA;54.7085201793722;1;1.0380622837370241
DILMA;38.857142857142854;1;8.181818181818182
DILMA;47.916666666666664;1;5.294117647058823
DILMA;41.97530864197531;1;7.094594594594595
DILMA;68.26923076923077;1;9.75609756097561
DILMA;54.49438202247191;1;13.306451612903226
DILMA;56.70103092783505;1;27.169811320754718
DILMA;44.134078212290504;1;0.7692307692307693
DILMA;38.94230769230769;1;1.3559322033898304
DILMA;38.095238095238095;1;4.081632653061225
DILMA;43.82022471910113;1;1.5267175572519085
DILMA;46.07843137254902;1;2.3890784982935154
DILMA;41.55251141552512;1;0.34843205574912894
DILMA;46.08294930875576;1;2.6936026936026938
DILMA;53.42465753424658;1;1.3986013986013985
DILMA;51.196172248803826;1;1.4134275618374559
DILMA;45.893719806763286;1;1.3840830449826989
DILMA;45.91836734693877;1;0.7751937984496124
DILMA;46.408839779005525;1;1.293103448275862
DILMA;44.72573839662447;1;3.7288135593220337
DILMA;44.53781512605042;1;2.711864406779661
DILMA;57.74647887323944;1;0.3412969283276451
DILMA;71.25;1;2.7624309392265194
DILMA;11.764705882352942;1;6.0
DILMA;43.1578947368421;1;2.380952380952381
DILMA;51.81818181818182;1;0.33783783783783783
DILMA;78.03468208092485;1;1.9047619047619047
DILMA;38.048780487804876;1;1.2048192771084338
DILMA;44.24242424242424;1;4.672897196261682
DILMA;47.389558232931726;1;5.351170568561873
DILMA;51.48514851485149;1;0.7662835249042146
DILMA;53.21888412017167;1;1.7543859649122806
DILMA;48.917748917748916;1;4.377104377104377
DILMA;59.130434782608695;1;2.456140350877193
DILMA;44.33497536945813;1;3.1496062992125986
DILMA;55.0;1;4.245283018867925
DILMA;48.648648648648646;1;0.3460207612456747
DILMA;32.86713286713287;1;9.693877551020408
DILMA;53.374233128834355;1;6.103286384976526
DILMA;57.7639751552795;1;0.823045267489712
DILMA;42.5531914893617;1;0.9523809523809523
DILMA;56.390977443609025;1;0.6944444444444444
DILMA;18.835616438356166;1;0.26737967914438504
DILMA;22.727272727272727;1;0.8670520231213873
DILMA;24.81203007518797;1;1.7391304347826086
DILMA;29.82456140350877;1;1.5873015873015872
DILMA;22.388059701492537;1;1.408450704225352
DILMA;50.68493150684932;1;2.5
DILMA;18.0327868852459;1;1.4285714285714286
DILMA;58.42696629213483;1;2.0
DILMA;21.818181818181817;1;3.7463976945244957
DILMA;81.66666666666667;1;1.1363636363636365
DILMA;30.344827586206897;1;0.49261083743842365
DILMA;34.36293436293436;1;6.21301775147929
DILMA;32.015810276679844;1;9.433962264150944
DILMA;37.735849056603776;1;0.49019607843137253
DILMA;33.035714285714285;1;0.7092198581560284
DILMA;34.09090909090909;1;0.36101083032490977
DILMA;31.30081300813008;1;3.067484662576687
DILMA;28.448275862068964;1;0.6472491909385113
DILMA;33.83458646616541;1;0.2785515320334262
DILMA;32.82828282828283;1;2.510460251046025
DILMA;40.20100502512563;1;2.0661157024793386
DILMA;40.87591240875913;1;1.5772870662460567
DILMA;30.21276595744681;1;1.0
DILMA;20.077220077220076;1;0.29239766081871343
DILMA;40.16393442622951;1;1.0676156583629892
DILMA;30.837004405286343;1;0.6688963210702341
DILMA;26.79245283018868;1;0.49019607843137253
DILMA;20.149253731343283;1;0.8823529411764706
DILMA;24.814814814814813;1;0.29069767441860467
DILMA;23.202614379084967;1;0.5333333333333333
DILMA;33.68055555555556;1;0.26666666666666666
DILMA;27.555555555555557;1;1.3793103448275863
DILMA;42.7710843373494;1;0.47619047619047616
DILMA;30.65326633165829;1;0.5617977528089888
DILMA;20.80536912751678;1;0.25773195876288657
DILMA;35.55555555555556;1;0.6600660066006601
DILMA;25.925925925925927;1;0.8042895442359249
DILMA;22.5;1;3.235294117647059
DILMA;40.76246334310851;1;1.5267175572519085
DILMA;29.197080291970803;1;0.5797101449275363
DILMA;53.42465753424658;1;1.1764705882352942
DILMA;29.361702127659573;1;0.33003300330033003
DILMA;34.64052287581699;1;1.1049723756906078
DILMA;32.78688524590164;1;1.9047619047619047
DILMA;43.75;1;3.2051282051282053
DILMA;19.858156028368793;1;2.3529411764705883
DILMA;72.636815920398;1;0.8097165991902834
DILMA;77.35849056603773;1;1.4285714285714286
DILMA;33.02325581395349;1;0.6644518272425249
DILMA;33.57664233576642;1;0.5847953216374269
DILMA;18.01801801801802;1;5.839416058394161
DILMA;28.415300546448087;1;7.758620689655173
DILMA;31.428571428571427;1;0.29069767441860467
DILMA;23.75886524822695;1;0.273972602739726
DILMA;38.38028169014085;1;1.9553072625698324
DILMA;38.118811881188115;1;0.7547169811320755
DILMA;35.8974358974359;1;1.6216216216216217
DILMA;36.53846153846154;1;1.5873015873015872
DILMA;54.335260115606935;1;0.5263157894736842
DILMA;49.029126213592235;1;1.4545454545454546
DILMA;46.07843137254902;1;1.9455252918287937
DILMA;48.421052631578945;1;0.35842293906810035
DILMA;46.42857142857143;1;0.7194244604316546
DILMA;46.666666666666664;1;0.8695652173913043
DILMA;48.205128205128204;1;1.1627906976744187
DILMA;47.417840375586856;1;0.3787878787878788
DILMA;41.395348837209305;1;1.9157088122605364
DILMA;43.43434343434343;1;1.937984496124031
DILMA;44.61538461538461;1;1.1583011583011582
DILMA;46.15384615384615;1;2.4
DILMA;48.80952380952381;1;1.345291479820628
DILMA;50.943396226415096;1;0.4329004329004329
DILMA;40.19138755980861;1;1.5444015444015444
DILMA;53.5;1;1.079136690647482
DILMA;50.96153846153846;1;0.7352941176470589
DILMA;47.29064039408867;1;2.158273381294964
DILMA;49.107142857142854;1;2.527075812274368
DILMA;57.6036866359447;1;2.0905923344947737
DILMA;53.09278350515464;1;1.606425702811245
DILMA;45.416666666666664;1;1.3559322033898304
DILMA;46.18834080717489;1;1.3986013986013985
DILMA;50.73170731707317;1;1.9841269841269842
DILMA;81.13207547169812;1;0.6024096385542169
DILMA;54.09090909090909;1;0.7220216606498195
DILMA;43.43434343434343;1;0.7662835249042146
DILMA;40.67796610169491;1;1.7241379310344827
DILMA;46.902654867256636;1;1.4234875444839858
DILMA;62.5;1;1.2195121951219512
DILMA;61.951219512195124;1;1.1764705882352942
DILMA;42.20183486238532;1;3.041825095057034
DILMA;42.78350515463917;1;4.761904761904762
DILMA;43.61702127659574;1;0.7843137254901961
DILMA;47.755102040816325;1;4.054054054054054
DILMA;41.8848167539267;1;0.39215686274509803
DILMA;45.30386740331492;1;1.1857707509881423
DILMA;53.2520325203252;1;4.406779661016949
DILMA;47.234042553191486;1;7.746478873239437
DILMA;51.351351351351354;1;0.39215686274509803
DILMA;28.21576763485477;1;1.4388489208633093
DILMA;29.739776951672862;1;1.694915254237288
DILMA;20.982142857142858;1;0.33783783783783783
DILMA;22.0532319391635;1;2.9315960912052117
DILMA;21.890547263681594;1;0.373134328358209
DILMA;17.803030303030305;1;2.3026315789473686
DILMA;20.54794520547945;1;1.1070110701107012
DILMA;25.0;1;1.8691588785046729
DILMA;18.03921568627451;1;1.2618296529968454
DILMA;27.238805970149254;1;1.13314447592068
DILMA;23.79182156133829;1;0.2958579881656805
DILMA;16.26984126984127;1;2.622950819672131
DILMA;21.40077821011673;1;2.912621359223301
DILMA;31.985294117647058;1;1.1363636363636365
DILMA;28.96825396825397;1;0.303951367781155
DILMA;33.673469387755105;1;0.8298755186721992
DILMA;20.218579234972676;1;1.3888888888888888
DILMA;23.381294964028775;1;0.5899705014749262
DILMA;23.115577889447238;1;0.4132231404958678
DILMA;15.625;1;2.2082018927444795
DILMA;30.434782608695652;1;0.6622516556291391
DILMA;28.79377431906615;1;0.847457627118644
DILMA;24.107142857142858;1;0.35842293906810035
DILMA;28.037383177570092;1;0.823045267489712
DILMA;16.49484536082474;1;1.6129032258064515
DILMA;32.78145695364238;1;1.2307692307692308
DILMA;28.048780487804876;1;1.0067114093959733
DILMA;41.554054054054056;1;0.9404388714733543
DILMA;34.437086092715234;1;0.625
DILMA;33.65384615384615;1;0.7407407407407407
DILMA;20.3125;1;1.2422360248447204
DILMA;20.361990950226243;1;0.7547169811320755
DILMA;28.368794326241133;1;0.5952380952380952
DILMA;36.8;1;1.0676156583629892
DILMA;24.170616113744074;1;0.819672131147541
DILMA;40.23668639053255;1;0.5208333333333334
DILMA;21.25;1;1.2539184952978057
DILMA;16.205533596837945;1;0.3257328990228013
DILMA;18.59504132231405;1;1.7605633802816902
DILMA;20.58823529411765;1;1.0135135135135136
DILMA;15.246636771300448;1;0.4166666666666667
DILMA;22.598870056497177;1;1.3574660633484164
DILMA;30.81761006289308;1;1.3333333333333333
DILMA;33.443708609271525;1;1.5345268542199488
DILMA;24.770642201834864;1;1.342281879194631
DILMA;13.422818791946309;1;2.73224043715847
DILMA;18.77133105802048;1;0.704225352112676
DILMA;45.45454545454545;1;1.0416666666666667
DILMA;63.095238095238095;1;2.247191011235955
DILMA;49.333333333333336;1;1.0309278350515463
DILMA;18.674698795180724;1;0.45662100456621
DILMA;25.380710659898476;1;1.2448132780082988
DILMA;25.668449197860962;1;12.67605633802817
DILMA;12.949640287769784;1;5.487804878048781
DILMA;17.29106628242075;1;16.483516483516482
DILMA;18.597560975609756;1;11.827956989247312
DILMA;20.070422535211268;1;25.0
DILMA;16.883116883116884;1;14.285714285714286
DILMA;18.72340425531915;1;0.33783783783783783
DILMA;23.166023166023166;1;0.31545741324921134
DILMA;18.410041841004183;1;1.0309278350515463
DILMA;18.0;1;0.6309148264984227
DILMA;19.747899159663866;1;0.9463722397476341
DILMA;22.926829268292682;1;0.3508771929824561
DILMA;14.624505928853756;1;0.31645569620253167
DILMA;23.076923076923077;1;0.41841004184100417
DILMA;25.112107623318387;1;1.4545454545454546
DILMA;24.102564102564102;1;0.36900369003690037
DILMA;22.325581395348838;1;0.7326007326007326
DILMA;22.127659574468087;1;2.4054982817869415
DILMA;21.54696132596685;1;0.45662100456621
DILMA;21.55688622754491;1;0.49504950495049505
DILMA;25.210084033613445;1;1.3937282229965158
DILMA;18.88888888888889;1;0.46296296296296297
DILMA;30.90909090909091;1;0.3597122302158273
DILMA;17.78846153846154;1;0.37037037037037035
DILMA;23.03370786516854;1;0.45662100456621
DILMA;31.40495867768595;1;0.9202453987730062
DILMA;13.186813186813186;1;0.9345794392523364
DILMA;38.497652582159624;1;0.9836065573770492
DILMA;23.004694835680752;1;0.7407407407407407
DILMA;28.125;1;0.9302325581395349
DILMA;27.155172413793103;1;0.9615384615384616
DILMA;18.303571428571427;1;0.352112676056338
DILMA;35.094339622641506;1;0.6024096385542169
DILMA;19.54022988505747;1;0.3184713375796178
DILMA;32.30769230769231;1;0.8333333333333334
DILMA;25.0;1;1.7241379310344827
DILMA;21.311475409836067;1;0.2304147465437788
DILMA;23.056300268096514;1;0.24213075060532688
DILMA;26.099706744868037;1;0.8174386920980926
DILMA;17.17948717948718;1;0.9070294784580499
DILMA;16.949152542372882;1;0.44052863436123346
DILMA;19.55922865013774;1;0.5089058524173028
DILMA;19.060773480662984;1;0.5025125628140703
DILMA;17.557251908396946;1;0.8695652173913043
DILMA;14.722222222222221;1;2.1052631578947367
DILMA;14.663461538461538;1;0.43956043956043955
DILMA;22.429906542056074;1;0.8310249307479224
DILMA;17.741935483870968;1;3.0898876404494384
DILMA;20.87227414330218;1;1.084010840108401
DILMA;19.814241486068113;1;0.2840909090909091
DILMA;16.86390532544379;1;1.0610079575596818
DILMA;15.633423180592992;1;0.49019607843137253
DILMA;17.263843648208468;1;0.3105590062111801
DILMA;16.541353383458645;1;0.4484304932735426
DILMA;15.223880597014926;1;0.27472527472527475
DILMA;24.444444444444443;1;1.1267605633802817
DILMA;17.56756756756757;1;0.7444168734491315
DILMA;18.635170603674542;1;1.2019230769230769
DILMA;20.098039215686274;1;0.45248868778280543
DILMA;16.032608695652176;1;0.49504950495049505
DILMA;35.687732342007436;1;0.5730659025787965
DILMA;22.22222222222222;1;0.273972602739726
DILMA;18.229166666666668;1;1.4457831325301205
DILMA;12.874251497005988;1;0.2702702702702703
DILMA;10.975609756097562;1;0.273972602739726
DILMA;29.166666666666668;1;1.3100436681222707
DILMA;12.537313432835822;1;0.2717391304347826
DILMA;14.444444444444445;1;0.25252525252525254
DILMA;15.384615384615385;1;1.1267605633802817
DILMA;21.85929648241206;1;0.45351473922902497
DILMA;17.771084337349397;1;0.8287292817679558
DILMA;19.25133689839572;1;0.7263922518159807
DILMA;15.365239294710328;1;0.45045045045045046
DILMA;12.668463611859838;1;0.24937655860349128
DILMA;12.288135593220339;1;0.7490636704119851
DILMA;12.953367875647668;1;0.234192037470726
DILMA;10.893854748603353;1;1.0582010582010581
DILMA;18.92744479495268;1;0.28901734104046245
DILMA;11.722488038277511;1;0.22172949002217296
DILMA;10.344827586206897;1;0.34965034965034963
DILMA;15.864022662889518;1;0.5333333333333333
DILMA;14.429530201342281;1;0.5899705014749262
DILMA;13.414634146341463;1;0.2808988764044944
DILMA;17.478510028653297;1;1.5424164524421593
DILMA;15.662650602409638;1;1.3550135501355014
DILMA;21.40921409214092;1;0.22522522522522523
DILMA;35.256410256410255;1;2.314814814814815
DILMA;19.430051813471504;1;0.8948545861297539
DILMA;19.34426229508197;1;1.5151515151515151
DILMA;18.560606060606062;1;0.3460207612456747
DILMA;14.044943820224718;1;0.7874015748031497
DILMA;15.0;1;0.2564102564102564
DILMA;18.282548476454295;1;0.49019607843137253
DILMA;14.42080378250591;1;0.21739130434782608
DILMA;15.263157894736842;1;0.4819277108433735
DILMA;11.528150134048257;1;0.7177033492822966
DILMA;10.824742268041238;1;0.2364066193853428
DILMA;10.060975609756097;1;0.5602240896358543
DILMA;14.084507042253522;1;1.0075566750629723
DILMA;13.941018766756033;1;0.24509803921568626
DILMA;12.094395280235988;1;0.821917808219178
DILMA;43.542435424354245;1;0.28653295128939826
DILMA;14.322250639386189;1;0.22371364653243847
DILMA;13.872832369942197;1;0.5050505050505051
DILMA;18.322981366459626;1;0.28328611898017
DILMA;13.803680981595091;1;0.8108108108108109
DILMA;16.844919786096256;1;1.2165450121654502
DILMA;19.565217391304348;1;0.9803921568627451
DILMA;14.322916666666666;1;1.2106537530266344
DILMA;21.21212121212121;1;0.29411764705882354
DILMA;16.40378548895899;1;0.28328611898017
DILMA;15.934065934065934;1;1.2853470437017995
DILMA;22.15568862275449;1;0.8152173913043478
DILMA;14.361702127659575;1;0.48661800486618007
DILMA;11.241217798594848;1;0.43383947939262474
DILMA;39.3574297188755;1;1.3513513513513513
DILMA;25.19083969465649;1;0.6289308176100629
DILMA;25.0;1;0.28901734104046245
DILMA;14.921465968586388;1;0.7194244604316546
DILMA;11.26005361930295;1;1.1848341232227488
DILMA;18.87905604719764;1;0.7481296758104738
DILMA;13.221153846153847;1;0.6564551422319475
DILMA;31.1864406779661;1;0.5865102639296188
DILMA;15.864022662889518;1;0.25316455696202533
DILMA;17.153284671532848;1;0.3472222222222222
DILMA;13.157894736842104;1;1.2106537530266344
DILMA;16.08040201005025;1;0.22321428571428573
DILMA;44.72573839662447;1;0.34843205574912894
DILMA;13.648293963254593;1;0.6993006993006993
DILMA;13.852813852813853;1;1.1235955056179776
DILMA;20.34383954154728;1;0.8152173913043478
DILMA;12.652068126520682;1;1.0683760683760684
DILMA;12.430939226519337;1;0.7389162561576355
DILMA;19.310344827586206;1;2.2151898734177213
DILMA;15.517241379310345;1;0.49875311720698257
DILMA;11.023622047244094;1;0.2331002331002331
DILMA;15.0997150997151;1;1.2690355329949239
DILMA;32.0;1;0.29673590504451036
DILMA;21.05263157894737;1;2.0454545454545454
DILMA;14.285714285714286;1;0.7246376811594203
DILMA;15.819209039548022;1;0.5076142131979695
DILMA;13.58695652173913;1;2.262443438914027
DILMA;24.698795180722893;1;1.9900497512437811
DILMA;15.025906735751295;1;0.4329004329004329
DILMA;14.887640449438202;1;0.5235602094240838
DILMA;14.594594594594595;1;0.49382716049382713
DILMA;25.0814332247557;1;2.6246719160104988
DILMA;15.536723163841808;1;0.75
DILMA;14.545454545454545;1;0.5235602094240838
DILMA;16.292134831460675;1;0.24691358024691357
DILMA;21.406727828746178;1;2.1052631578947367
DILMA;19.333333333333332;1;3.658536585365854
DILMA;31.40495867768595;1;2.797202797202797
DILMA;15.217391304347826;1;1.2135922330097086
DILMA;17.819148936170212;1;0.42462845010615713
DILMA;24.47129909365559;1;4.922279792746114
DILMA;16.455696202531644;1;0.6593406593406593
DILMA;13.51981351981352;1;0.20080321285140562
DILMA;26.903553299492387;1;0.205761316872428
DILMA;10.48951048951049;1;1.2232415902140672
DILMA;17.884130982367758;1;0.6024096385542169
DILMA;35.625;1;2.512562814070352
DILMA;15.633423180592992;1;0.9803921568627451
DILMA;19.047619047619047;1;1.4285714285714286
DILMA;16.95906432748538;1;2.5188916876574305
DILMA;31.496062992125985;1;3.053435114503817
DILMA;9.090909090909092;1;0.5
DILMA;27.058823529411764;1;4.25531914893617
DILMA;15.021459227467812;1;2.2900763358778624
DILMA;17.391304347826086;1;1.6042780748663101
DILMA;33.587786259541986;1;4.294478527607362
DILMA;11.694510739856803;1;2.414486921529175
DILMA;20.155038759689923;1;3.2051282051282053
DILMA;19.696969696969695;1;3.27455919395466
DILMA;21.62162162162162;1;1.5625
DILMA;10.9375;1;1.3392857142857142
DILMA;14.018691588785046;1;4.724409448818897
DILMA;14.473684210526315;1;6.896551724137931
DILMA;14.285714285714286;1;9.210526315789474
DILMA;19.19191919191919;1;0.8928571428571429
DILMA;16.08040201005025;1;0.2183406113537118
DILMA;15.706806282722512;1;0.2403846153846154
DILMA;16.486486486486488;1;0.24449877750611246
DILMA;14.516129032258064;1;0.2898550724637681
DILMA;17.05685618729097;1;0.8695652173913043
DILMA;20.74074074074074;1;1.0416666666666667
DILMA;13.375796178343949;1;0.5681818181818182
DILMA;12.580645161290322;1;0.28901734104046245
DILMA;17.174515235457065;1;0.3003003003003003
DILMA;17.452830188679247;1;0.4329004329004329
DILMA;13.043478260869565;1;0.43478260869565216
DILMA;15.774647887323944;1;0.7352941176470589
DILMA;15.300546448087431;1;0.7228915662650602
DILMA;18.03713527851459;1;0.4878048780487805
DILMA;13.609467455621301;1;0.5235602094240838
DILMA;29.2;1;0.36764705882352944
DILMA;23.25581395348837;1;1.3440860215053763
DILMA;18.61198738170347;1;0.8064516129032258
DILMA;21.451104100946374;1;0.273224043715847
DILMA;19.838056680161944;1;1.4492753623188406
DILMA;20.622568093385215;1;0.352112676056338
DILMA;13.52112676056338;1;0.5
DILMA;14.16184971098266;1;1.0
DILMA;10.422535211267606;1;0.5
DILMA;21.068249258160236;1;0.8287292817679558
DILMA;17.52577319587629;1;0.9411764705882353
DILMA;18.205128205128204;1;0.2331002331002331
DILMA;10.755813953488373;1;0.5361930294906166
DILMA;16.57608695652174;1;1.2077294685990339
DILMA;16.445623342175065;1;0.975609756097561
DILMA;14.19939577039275;1;0.28735632183908044
DILMA;14.12639405204461;1;0.34965034965034963
DILMA;15.555555555555555;1;0.33557046979865773
DILMA;13.058419243986254;1;0.32786885245901637
DILMA;19.23076923076923;1;1.4336917562724014
DILMA;22.044728434504794;1;0.29069767441860467
DILMA;18.91891891891892;1;1.2594458438287153
DILMA;16.721311475409838;1;0.591715976331361
DILMA;17.647058823529413;1;0.3105590062111801
DILMA;16.107382550335572;1;0.6097560975609756
DILMA;11.186440677966102;1;0.31347962382445144
DILMA;19.68503937007874;1;0.6696428571428571
DILMA;19.346049046321525;1;0.22321428571428573
DILMA;14.814814814814815;1;0.6756756756756757
DILMA;33.50253807106599;1;1.7094017094017093
DILMA;13.404825737265416;1;0.24752475247524752
DILMA;12.182741116751268;1;0.24213075060532688
DILMA;16.422287390029325;1;0.7957559681697612
DILMA;19.65811965811966;1;0.9950248756218906
DILMA;16.42651296829971;1;0.24691358024691357
DILMA;15.342465753424657;1;0.4819277108433735
DILMA;16.666666666666668;1;0.2808988764044944
DILMA;16.890080428954423;1;0.7159904534606205
DILMA;22.802197802197803;1;0.2288329519450801
