DILMA;25.510204081632654;2;10.328638497652582
DILMA;19.196428571428573;2;10.460251046025105
DILMA;20.833333333333332;2;8.695652173913043
DILMA;20.063694267515924;2;11.174785100286533
DILMA;16.363636363636363;2;11.475409836065573
DILMA;22.274881516587676;2;11.864406779661017
DILMA;17.171717171717173;2;11.162790697674419
DILMA;17.791411042944784;2;10.0
DILMA;21.558441558441558;2;4.5673076923076925
DILMA;16.75392670157068;2;4.37956204379562
DILMA;19.047619047619047;2;6.106870229007634
DILMA;26.495726495726494;2;7.169811320754717
DILMA;27.272727272727273;2;11.602209944751381
DILMA;18.42105263157895;2;9.389671361502348
DILMA;22.362869198312236;2;12.592592592592593
DILMA;13.503649635036496;2;3.9603960396039604
DILMA;17.098445595854923;2;5.660377358490566
DILMA;23.497267759562842;2;7.8431372549019605
DILMA;24.15730337078652;2;8.457711442786069
DILMA;17.41741741741742;2;5.729166666666667
DILMA;17.333333333333332;2;8.636363636363637
DILMA;14.347826086956522;2;1.6129032258064515
DILMA;25.980392156862745;2;10.043668122270743
DILMA;27.027027027027028;2;11.666666666666666
DILMA;17.435897435897434;2;2.0785219399538106
DILMA;20.408163265306122;2;5.504587155963303
DILMA;16.071428571428573;2;5.045871559633028
DILMA;20.388349514563107;2;9.649122807017545
DILMA;18.613138686131386;2;7.947019867549669
DILMA;16.883116883116884;2;5.9171597633136095
DILMA;22.68041237113402;2;5.8558558558558556
DILMA;19.306930693069308;2;4.054054054054054
DILMA;20.574162679425836;2;5.429864253393665
DILMA;24.770642201834864;2;9.947643979057592
DILMA;28.91156462585034;2;18.71345029239766
DILMA;22.916666666666668;2;9.049773755656108
DILMA;17.933130699088146;2;11.827956989247312
DILMA;17.934782608695652;2;3.7037037037037037
DILMA;19.672131147540984;2;9.422492401215806
DILMA;21.51394422310757;2;4.059040590405904
DILMA;14.423076923076923;2;1.7937219730941705
DILMA;17.307692307692307;2;7.386363636363637
DILMA;21.066666666666666;2;12.296983758700696
DILMA;24.415584415584416;2;8.764044943820224
DILMA;22.22222222222222;2;11.640211640211641
DILMA;16.526610644257705;2;7.035175879396985
DILMA;17.081850533807827;2;5.3156146179401995
DILMA;17.008797653958943;2;11.31578947368421
DILMA;16.095890410958905;2;6.6473988439306355
DILMA;17.22689075630252;2;2.816901408450704
DILMA;17.117117117117118;2;3.6649214659685865
DILMA;14.418604651162791;2;2.242152466367713
DILMA;17.131474103585656;2;5.147058823529412
DILMA;16.145833333333332;2;4.8076923076923075
DILMA;19.877675840978593;2;3.3942558746736293
DILMA;17.12707182320442;2;3.1746031746031744
DILMA;14.285714285714286;2;7.514450867052023
DILMA;20.975609756097562;2;9.216589861751151
DILMA;21.55388471177945;2;8.203991130820398
DILMA;19.895287958115183;2;8.411214953271028
DILMA;21.18380062305296;2;3.5294117647058822
DILMA;18.507462686567163;2;8.179419525065963
DILMA;14.423076923076923;2;6.521739130434782
DILMA;20.72829131652661;2;3.9603960396039604
DILMA;21.13095238095238;2;2.793296089385475
DILMA;18.13953488372093;2;11.255411255411255
DILMA;12.600536193029491;2;9.44700460829493
DILMA;21.818181818181817;2;9.169054441260744
DILMA;22.3433242506812;2;14.351851851851851
DILMA;19.81566820276498;2;2.5641025641025643
DILMA;20.39660056657224;2;7.3232323232323235
DILMA;22.083333333333332;2;3.1496062992125986
DILMA;23.497267759562842;2;11.529411764705882
DILMA;18.34061135371179;2;10.4
DILMA;16.097560975609756;2;4.878048780487805
DILMA;23.206751054852322;2;11.11111111111111
DILMA;14.537444933920705;2;2.8688524590163933
DILMA;22.83653846153846;2;7.575757575757576
DILMA;19.93127147766323;2;9.593023255813954
DILMA;19.714285714285715;2;8.16326530612245
DILMA;13.454545454545455;2;3.3444816053511706
DILMA;18.99441340782123;2;1.9704433497536946
DILMA;16.161616161616163;2;6.804733727810651
DILMA;15.929203539823009;2;8.502024291497976
DILMA;18.617021276595743;2;1.2195121951219512
DILMA;16.955017301038062;2;7.288629737609329
DILMA;19.672131147540984;2;5.514705882352941
DILMA;17.67676767676768;2;1.3888888888888888
DILMA;24.86631016042781;2;11.363636363636363
DILMA;20.218579234972676;2;8.333333333333334
DILMA;16.402116402116402;2;6.363636363636363
DILMA;17.21518987341772;2;5.726872246696035
DILMA;19.25;2;11.333333333333334
DILMA;17.70186335403727;2;4.545454545454546
DILMA;16.091954022988507;2;10.76923076923077
DILMA;19.74921630094044;2;6.285714285714286
DILMA;13.526570048309178;2;4.867256637168142
DILMA;18.911174785100286;2;7.310704960835509
DILMA;16.886543535620053;2;10.672853828306264
DILMA;15.97938144329897;2;1.9138755980861244
DILMA;21.631205673758867;2;8.125
DILMA;22.71386430678466;2;6.860158311345646
DILMA;28.26086956521739;2;12.045454545454545
DILMA;15.53133514986376;2;11.643835616438356
DILMA;16.50793650793651;2;7.43801652892562
DILMA;20.0;2;5.2109181141439205
DILMA;17.36842105263158;2;9.192825112107624
DILMA;14.864864864864865;2;10.204081632653061
DILMA;16.034985422740526;2;5.194805194805195
DILMA;18.681318681318682;2;11.691542288557214
DILMA;21.11111111111111;2;7.352941176470588
DILMA;15.856777493606138;2;13.656387665198238
DILMA;30.346820809248555;2;12.8
DILMA;15.584415584415584;2;7.207207207207207
DILMA;15.492957746478874;2;8.808290155440414
DILMA;19.261213720316622;2;11.160714285714286
DILMA;13.577023498694517;2;6.502242152466367
DILMA;14.24731182795699;2;8.944954128440367
DILMA;18.351063829787233;2;11.86046511627907
DILMA;16.129032258064516;2;8.636363636363637
DILMA;29.081632653061224;2;10.572687224669604
DILMA;19.756838905775076;2;7.837837837837838
DILMA;15.601023017902813;2;10.15801354401806
DILMA;17.251461988304094;2;6.510416666666667
DILMA;23.14814814814815;2;7.397260273972603
DILMA;22.53968253968254;2;14.720812182741117
DILMA;32.20338983050848;2;12.012987012987013
DILMA;18.627450980392158;2;5.830903790087463
DILMA;22.352941176470587;2;7.575757575757576
DILMA;17.91530944625407;2;9.482758620689655
DILMA;21.717171717171716;2;10.0
DILMA;12.565445026178011;2;9.79498861047836
DILMA;24.345549738219894;2;8.277404921700224
DILMA;16.554054054054053;2;9.60960960960961
DILMA;21.31979695431472;2;12.636165577342048
DILMA;16.623376623376622;2;6.935123042505593
DILMA;15.856777493606138;2;11.212814645308924
DILMA;17.933130699088146;2;8.439897698209718
DILMA;17.105263157894736;2;5.3452115812917596
DILMA;14.790996784565916;2;6.232294617563739
DILMA;20.157068062827225;2;8.98876404494382
DILMA;32.947976878612714;2;14.705882352941176
DILMA;18.068535825545172;2;4.533333333333333
DILMA;17.662337662337663;2;9.799554565701559
DILMA;16.853932584269664;2;9.48081264108352
DILMA;17.56756756756757;2;9.04645476772616
DILMA;16.778523489932887;2;9.117647058823529
DILMA;15.877437325905293;2;6.164383561643835
DILMA;10.909090909090908;2;4.23162583518931
DILMA;16.56441717791411;2;5.2356020942408374
DILMA;16.358839050131927;2;7.640449438202247
DILMA;20.0;2;2.5641025641025643
DILMA;20.54054054054054;2;8.352668213457077
DILMA;28.83211678832117;2;13.333333333333334
DILMA;25.55205047318612;2;11.345646437994723
DILMA;16.822429906542055;2;10.614525139664805
DILMA;21.329639889196677;2;6.150341685649202
DILMA;18.674698795180724;2;9.923664122137405
DILMA;21.05263157894737;2;8.94854586129754
DILMA;17.94871794871795;2;11.507936507936508
DILMA;21.0727969348659;2;10.526315789473685
DILMA;21.73913043478261;2;8.59375
DILMA;22.10242587601078;2;9.205020920502092
DILMA;20.66115702479339;2;9.263657957244655
DILMA;20.30075187969925;2;14.257028112449799
DILMA;22.392638036809817;2;14.141414141414142
DILMA;18.932038834951456;2;4.938271604938271
DILMA;14.245014245014245;2;8.0
DILMA;17.757009345794394;2;12.23021582733813
DILMA;19.014084507042252;2;10.663983903420522
DILMA;20.384615384615383;2;6.293706293706293
DILMA;19.911504424778762;2;12.704918032786885
DILMA;22.857142857142858;2;11.920529801324504
DILMA;17.066666666666666;2;7.223476297968397
DILMA;15.894039735099337;2;7.831325301204819
DILMA;20.597014925373134;2;8.115183246073299
DILMA;23.80952380952381;2;12.173913043478262
DILMA;16.176470588235293;2;9.63855421686747
DILMA;19.047619047619047;2;6.25
DILMA;22.84263959390863;2;10.505836575875486
DILMA;15.267175572519085;2;8.75
DILMA;19.157088122605366;2;9.50920245398773
DILMA;18.385650224215247;2;12.704918032786885
DILMA;15.596330275229358;2;11.11111111111111
DILMA;16.666666666666668;2;6.976744186046512
DILMA;20.307692307692307;2;2.9411764705882355
DILMA;16.53543307086614;2;2.7303754266211606
DILMA;20.14388489208633;2;12.5
DILMA;23.529411764705884;2;11.974110032362459
DILMA;20.714285714285715;2;9.26517571884984
DILMA;20.072992700729927;2;8.360128617363344
DILMA;16.990291262135923;2;8.189655172413794
DILMA;22.105263157894736;2;9.810126582278482
DILMA;21.717171717171716;2;8.089887640449438
DILMA;16.071428571428573;2;8.085106382978724
DILMA;19.90950226244344;2;10.16260162601626
DILMA;18.226600985221676;2;11.061946902654867
DILMA;16.666666666666668;2;5.633802816901408
DILMA;19.047619047619047;2;9.424083769633508
DILMA;16.207951070336392;2;10.08174386920981
DILMA;15.223880597014926;2;9.711286089238845
DILMA;21.533923303834808;2;10.0
DILMA;19.213973799126638;2;14.396887159533074
DILMA;26.08695652173913;2;18.972332015810277
DILMA;22.594142259414227;2;9.266409266409266
DILMA;21.57676348547718;2;13.768115942028986
DILMA;17.180616740088105;2;15.748031496062993
DILMA;13.973799126637555;2;7.751937984496124
DILMA;20.62780269058296;2;10.212765957446809
DILMA;19.289340101522843;2;14.414414414414415
DILMA;17.48633879781421;2;12.67605633802817
DILMA;21.02803738317757;2;12.76595744680851
DILMA;22.4390243902439;2;13.100436681222707
DILMA;18.4;2;8.75912408759124
DILMA;42.435424354243544;2;35.05434782608695
DILMA;27.868852459016395;2;34.08071748878924
DILMA;18.13031161473088;2;8.673469387755102
DILMA;16.939890710382514;2;7.5376884422110555
DILMA;20.218579234972676;2;5.472636815920398
DILMA;17.97752808988764;2;7.5
DILMA;17.679558011049725;2;6.842105263157895
DILMA;17.587939698492463;2;6.315789473684211
DILMA;15.044247787610619;2;2.4456521739130435
DILMA;12.852664576802507;2;2.849002849002849
DILMA;16.614420062695924;2;7.7994428969359335
DILMA;15.819209039548022;2;2.9023746701846966
DILMA;32.234432234432234;2;37.971014492753625
DILMA;14.5;2;4.260089686098655
DILMA;12.0;2;4.010695187165775
DILMA;46.236559139784944;2;31.914893617021278
DILMA;27.531645569620252;2;15.74585635359116
DILMA;28.37837837837838;2;25.748502994011975
DILMA;18.045112781954888;2;11.910112359550562
DILMA;15.71072319201995;2;6.726457399103139
DILMA;14.855072463768115;2;7.6923076923076925
DILMA;14.603174603174603;2;6.41399416909621
DILMA;10.526315789473685;2;1.8957345971563981
DILMA;27.697841726618705;2;29.793510324483776
DILMA;23.61516034985423;2;8.375634517766498
DILMA;13.897280966767372;2;2.459016393442623
DILMA;16.120906801007557;2;8.68596881959911
DILMA;47.766323024054984;2;30.05464480874317
DILMA;29.714285714285715;2;20.0
DILMA;11.046511627906977;2;2.1621621621621623
DILMA;12.844036697247706;2;2.7777777777777777
DILMA;28.859060402684563;2;24.390243902439025
DILMA;27.946127946127945;2;24.347826086956523
DILMA;36.22047244094488;2;31.3915857605178
DILMA;27.796610169491526;2;26.074498567335244
DILMA;10.606060606060606;2;2.535211267605634
DILMA;35.49488054607509;2;21.965317919075144
DILMA;11.910669975186105;2;4.212860310421286
DILMA;17.478510028653297;2;7.052896725440806
DILMA;22.023809523809526;2;25.0
DILMA;12.181303116147308;2;2.4390243902439024
DILMA;9.480122324159021;2;1.6620498614958448
DILMA;16.91842900302115;2;11.977715877437326
DILMA;13.86861313868613;2;0.6666666666666666
DILMA;13.119533527696793;2;1.9073569482288828
DILMA;66.53543307086615;2;29.152542372881356
DILMA;14.137931034482758;2;7.348242811501597
DILMA;12.647058823529411;2;4.289544235924933
DILMA;13.10344827586207;2;6.089743589743589
DILMA;16.70886075949367;2;7.029478458049887
DILMA;19.71014492753623;2;9.669211195928753
DILMA;25.668449197860962;2;9.360730593607306
DILMA;15.652173913043478;2;11.398963730569948
DILMA;17.647058823529413;2;10.65989847715736
DILMA;12.864077669902912;2;2.690582959641256
DILMA;9.06515580736544;2;2.6178010471204187
DILMA;13.333333333333334;2;3.9735099337748343
DILMA;13.178294573643411;2;6.306306306306307
DILMA;29.36802973977695;2;21.637426900584796
DILMA;13.135593220338983;2;1.556420233463035
DILMA;16.615384615384617;2;6.741573033707865
DILMA;12.27621483375959;2;6.728538283062645
DILMA;13.128491620111731;2;3.316326530612245
DILMA;20.858895705521473;2;7.222222222222222
DILMA;10.199004975124378;2;2.8634361233480177
DILMA;40.51094890510949;2;20.364741641337385
DILMA;10.662824207492795;2;8.997429305912597
DILMA;14.661654135338345;2;3.0201342281879193
DILMA;29.807692307692307;2;16.666666666666668
DILMA;18.823529411764707;2;13.383838383838384
DILMA;28.333333333333332;2;26.40449438202247
DILMA;10.526315789473685;2;1.5228426395939085
DILMA;14.540816326530612;2;2.7027027027027026
DILMA;15.776081424936386;2;6.334841628959276
DILMA;14.857142857142858;2;8.205128205128204
DILMA;11.073825503355705;2;1.749271137026239
DILMA;13.506493506493506;2;6.966292134831461
DILMA;17.934782608695652;2;2.926829268292683
DILMA;11.042944785276074;2;1.3850415512465375
DILMA;16.38888888888889;2;8.883248730964468
DILMA;13.170731707317072;2;2.4774774774774775
DILMA;17.45562130177515;2;9.090909090909092
DILMA;21.188630490956072;2;9.90990990990991
DILMA;10.429447852760736;2;2.717391304347826
DILMA;10.204081632653061;2;9.585492227979275
DILMA;13.300492610837438;2;3.401360544217687
DILMA;35.483870967741936;2;22.875816993464053
DILMA;15.217391304347826;2;3.9647577092511015
DILMA;15.168539325842696;2;5.05050505050505
DILMA;21.119592875318066;2;9.395973154362416
DILMA;12.280701754385966;2;3.97196261682243
DILMA;13.28125;2;6.666666666666667
DILMA;16.86046511627907;2;11.224489795918368
DILMA;18.289085545722713;2;5.128205128205129
DILMA;12.436548223350254;2;3.811659192825112
DILMA;11.029411764705882;2;3.367003367003367
DILMA;15.895953757225433;2;1.8134715025906736
DILMA;21.03448275862069;2;5.111821086261981
DILMA;10.909090909090908;2;0.8086253369272237
DILMA;17.404129793510325;2;6.349206349206349
DILMA;14.110429447852761;2;7.967032967032967
DILMA;29.15129151291513;2;16.569767441860463
DILMA;14.779874213836479;2;9.333333333333334
DILMA;18.91025641025641;2;7.374631268436578
DILMA;12.222222222222221;2;2.450980392156863
DILMA;16.164383561643834;2;8.12807881773399
DILMA;25.0;2;11.049723756906078
DILMA;17.045454545454547;2;2.051282051282051
DILMA;13.399503722084367;2;3.5476718403547673
DILMA;46.64179104477612;2;33.692722371967655
DILMA;14.534883720930232;2;4.973821989528796
DILMA;29.454545454545453;2;19.345238095238095
DILMA;17.59776536312849;2;1.8087855297157622
DILMA;13.105413105413106;2;6.459948320413437
DILMA;11.733333333333333;2;1.8518518518518519
DILMA;31.896551724137932;2;9.933774834437086
DILMA;13.846153846153847;2;6.722689075630252
DILMA;13.043478260869565;2;1.3513513513513513
DILMA;13.274336283185841;2;4.74934036939314
DILMA;14.325068870523417;2;2.577319587628866
DILMA;13.68421052631579;2;3.7383177570093458
DILMA;14.759036144578314;2;7.042253521126761
DILMA;12.776412776412776;2;3.3557046979865772
DILMA;13.194444444444445;2;7.575757575757576
DILMA;17.58957654723127;2;4.3478260869565215
DILMA;34.48275862068966;2;15.709969788519638
DILMA;19.148936170212767;2;12.529002320185615
DILMA;32.95880149812734;2;21.405750798722046
DILMA;20.05730659025788;2;9.113300492610838
DILMA;18.03713527851459;2;10.574712643678161
DILMA;14.838709677419354;2;3.3033033033033035
DILMA;16.31419939577039;2;10.840108401084011
DILMA;14.882506527415144;2;1.3363028953229399
DILMA;15.277777777777779;2;8.870967741935484
DILMA;18.13186813186813;2;5.811138014527845
DILMA;10.658307210031348;2;8.474576271186441
DILMA;15.0;2;4.150943396226415
DILMA;32.394366197183096;2;13.00578034682081
DILMA;17.223650385604113;2;11.627906976744185
DILMA;21.022727272727273;2;12.264150943396226
DILMA;18.181818181818183;2;5.044510385756676
DILMA;15.957446808510639;2;3.5175879396984926
DILMA;15.691489361702128;2;3.1531531531531534
DILMA;11.845730027548209;2;3.278688524590164
DILMA;19.946091644204852;2;10.337078651685394
DILMA;15.384615384615385;2;3.764705882352941
DILMA;14.520547945205479;2;14.492753623188406
DILMA;12.747875354107649;2;2.0
DILMA;22.22222222222222;2;11.344537815126051
DILMA;17.37704918032787;2;3.283582089552239
DILMA;15.406162464985995;2;5.660377358490566
DILMA;14.893617021276595;2;2.3255813953488373
DILMA;23.36182336182336;2;7.75
DILMA;15.750915750915752;2;8.02139037433155
DILMA;12.236286919831224;2;1.8181818181818181
DILMA;17.073170731707318;2;10.703363914373089
DILMA;15.568862275449101;2;8.333333333333334
DILMA;20.12578616352201;2;6.534090909090909
DILMA;18.803418803418804;2;8.277404921700224
DILMA;14.285714285714286;2;9.090909090909092
DILMA;14.50381679389313;2;6.644518272425249
DILMA;21.22905027932961;2;3.1818181818181817
DILMA;13.333333333333334;2;1.6666666666666667
DILMA;15.384615384615385;2;4.854368932038835
DILMA;20.408163265306122;2;7.262569832402234
DILMA;17.647058823529413;2;3.672316384180791
DILMA;18.91891891891892;2;11.578947368421053
DILMA;17.91530944625407;2;7.323943661971831
DILMA;16.459627329192546;2;3.943661971830986
DILMA;13.548387096774194;2;4.913294797687861
DILMA;39.76377952755905;2;26.380368098159508
DILMA;13.80281690140845;2;4.545454545454546
DILMA;13.978494623655914;2;3.9800995024875623
DILMA;21.195652173913043;2;4.0
DILMA;17.46987951807229;2;4.301075268817204
DILMA;15.789473684210526;2;3.542234332425068
DILMA;14.733542319749215;2;6.46900269541779
DILMA;9.701492537313433;2;6.354515050167224
DILMA;11.02661596958175;2;5.1020408163265305
DILMA;17.428571428571427;2;3.8461538461538463
DILMA;16.80911680911681;2;4.071246819338422
DILMA;40.225563909774436;2;23.404255319148938
DILMA;8.55457227138643;2;2.356020942408377
DILMA;16.75977653631285;2;8.421052631578947
DILMA;14.024390243902438;2;3.867403314917127
DILMA;14.805194805194805;2;4.883720930232558
DILMA;17.28723404255319;2;7.7283372365339575
DILMA;18.666666666666668;2;7.906976744186046
DILMA;14.824797843665769;2;7.345971563981043
DILMA;16.182572614107883;2;2.661596958174905
DILMA;19.758064516129032;2;4.669260700389105
DILMA;14.893617021276595;2;0.38022813688212925
DILMA;29.26829268292683;2;48.1651376146789
DILMA;13.66120218579235;2;4.975124378109452
DILMA;20.670391061452513;2;7.6923076923076925
DILMA;14.525139664804469;2;4.166666666666667
DILMA;17.197452229299362;2;3.5294117647058822
DILMA;15.451895043731778;2;4.134366925064599
DILMA;15.44943820224719;2;6.718346253229974
DILMA;18.26625386996904;2;5.602240896358543
DILMA;18.84498480243161;2;3.591160220994475
DILMA;14.285714285714286;2;8.371040723981901
DILMA;12.121212121212121;2;6.8584070796460175
DILMA;36.8421052631579;2;52.55813953488372
DILMA;11.594202898550725;2;4.838709677419355
DILMA;16.573033707865168;2;5.597964376590331
DILMA;18.591549295774648;2;4.081632653061225
DILMA;18.181818181818183;2;3.0054644808743167
DILMA;16.923076923076923;2;2.358490566037736
DILMA;17.112299465240643;2;9.555555555555555
DILMA;19.104477611940297;2;7.673267326732673
DILMA;19.273743016759777;2;6.218905472636816
DILMA;20.22792022792023;2;9.582309582309582
DILMA;17.045454545454547;2;8.24742268041237
DILMA;29.10958904109589;2;34.15300546448088
DILMA;13.150684931506849;2;2.770780856423174
DILMA;16.486486486486488;2;1.5463917525773196
DILMA;17.052023121387283;2;1.2853470437017995
DILMA;14.112903225806452;2;5.5762081784386615
DILMA;13.623978201634877;2;1.4742014742014742
DILMA;10.526315789473685;2;3.7735849056603774
DILMA;15.725806451612904;2;1.9230769230769231
DILMA;10.839160839160838;2;3.896103896103896
DILMA;12.544802867383513;2;2.380952380952381
DILMA;15.104166666666666;2;12.0
DILMA;26.440677966101696;2;27.049180327868854
DILMA;16.358839050131927;2;12.808988764044944
DILMA;15.0;2;9.192825112107624
DILMA;18.367346938775512;2;9.11111111111111
DILMA;19.52054794520548;2;11.35646687697161
DILMA;16.666666666666668;2;10.119047619047619
DILMA;11.656441717791411;2;8.547008547008547
DILMA;14.16184971098266;2;9.974424552429667
DILMA;13.994169096209912;2;8.439897698209718
DILMA;18.495297805642632;2;8.839779005524862
DILMA;29.41176470588235;2;16.483516483516482
DILMA;13.26530612244898;2;2.331002331002331
DILMA;15.656565656565656;2;11.136363636363637
DILMA;12.88659793814433;2;8.530805687203792
DILMA;27.761194029850746;2;18.654434250764528
DILMA;12.56281407035176;2;3.3783783783783785
DILMA;11.380145278450364;2;3.752759381898455
DILMA;12.745098039215685;2;4.761904761904762
DILMA;10.591133004926109;2;6.25
DILMA;12.466124661246612;2;3.217821782178218
DILMA;39.63963963963964;2;29.893238434163703
DILMA;35.16949152542373;2;31.746031746031747
DILMA;34.92063492063492;2;31.34328358208955
DILMA;43.50282485875706;2;29.333333333333332
DILMA;43.111111111111114;2;28.424657534246574
DILMA;36.69724770642202;2;28.9198606271777
DILMA;44.01709401709402;2;33.57400722021661
DILMA;36.24454148471616;2;27.335640138408305
DILMA;39.473684210526315;2;33.333333333333336
DILMA;40.43478260869565;2;25.752508361204015
DILMA;37.96296296296296;2;22.916666666666668
DILMA;35.111111111111114;2;30.604982206405694
DILMA;42.731277533039645;2;30.46594982078853
DILMA;38.13953488372093;2;31.1787072243346
DILMA;42.857142857142854;2;32.79352226720648
DILMA;47.32142857142857;2;15.807560137457045
DILMA;36.21621621621622;2;26.31578947368421
DILMA;39.42307692307692;2;30.943396226415093
DILMA;38.17427385892116;2;30.74433656957929
DILMA;47.808764940239044;2;29.41176470588235
DILMA;40.09661835748792;2;24.537037037037038
DILMA;40.43478260869565;2;21.16788321167883
DILMA;40.0;2;31.914893617021278
DILMA;34.32203389830509;2;16.262975778546714
DILMA;36.986301369863014;2;22.789115646258505
DILMA;58.333333333333336;2;33.333333333333336
DILMA;82.67716535433071;2;34.146341463414636
DILMA;73.39449541284404;2;46.56488549618321
DILMA;70.71428571428571;2;38.93805309734513
DILMA;14.285714285714286;2;26.85185185185185
DILMA;45.16129032258065;2;25.88235294117647
DILMA;40.56603773584906;2;26.334519572953738
DILMA;39.34426229508197;2;15.0
DILMA;48.76543209876543;2;13.385826771653543
DILMA;43.61702127659574;2;14.054054054054054
DILMA;44.97607655502392;2;27.509293680297397
DILMA;31.756756756756758;2;5.780346820809249
DILMA;50.72463768115942;2;8.536585365853659
DILMA;57.05521472392638;2;17.1875
DILMA;39.38053097345133;2;32.23684210526316
DILMA;36.563876651982376;2;37.785016286644954
DILMA;37.30769230769231;2;34.96503496503497
DILMA;37.102473498233216;2;31.0580204778157
DILMA;29.611650485436893;2;32.638888888888886
DILMA;24.025974025974026;2;25.12562814070352
DILMA;6.722689075630252;2;36.12903225806452
DILMA;50.0;2;38.9344262295082
DILMA;48.57142857142857;2;32.91139240506329
DILMA;19.375;2;27.586206896551722
DILMA;22.746781115879827;2;25.41254125412541
DILMA;35.741444866920155;2;12.931034482758621
DILMA;22.55639097744361;2;24.050632911392405
DILMA;49.18032786885246;2;46.57534246575342
DILMA;20.714285714285715;2;24.050632911392405
DILMA;25.78397212543554;2;24.623115577889447
DILMA;21.428571428571427;2;29.758713136729224
DILMA;21.245421245421245;2;28.571428571428573
DILMA;25.096525096525095;2;31.85595567867036
DILMA;21.691176470588236;2;32.13296398891967
DILMA;24.456521739130434;2;33.19672131147541
DILMA;23.295454545454547;2;36.326530612244895
DILMA;23.70689655172414;2;41.157556270096464
DILMA;24.41860465116279;2;29.190751445086704
DILMA;29.46058091286307;2;37.5
DILMA;26.956521739130434;2;39.42307692307692
DILMA;22.65625;2;30.573248407643312
DILMA;26.970954356846473;2;33.23262839879154
DILMA;30.223880597014926;2;31.764705882352942
DILMA;23.728813559322035;2;28.074866310160427
DILMA;26.35135135135135;2;26.861702127659573
DILMA;25.080385852090032;2;33.41772151898734
DILMA;24.333333333333332;2;27.62148337595908
DILMA;20.689655172413794;2;26.25994694960212
DILMA;31.203007518796994;2;33.521126760563384
DILMA;21.568627450980394;2;27.659574468085108
DILMA;28.37837837837838;2;28.9198606271777
DILMA;26.053639846743295;2;34.15300546448088
DILMA;28.928571428571427;2;35.42234332425068
DILMA;22.340425531914892;2;25.641025641025642
DILMA;21.908127208480565;2;29.262086513994912
DILMA;24.573378839590443;2;27.365728900255753
DILMA;28.8135593220339;2;32.21757322175732
DILMA;25.146198830409357;2;37.23849372384937
DILMA;28.436018957345972;2;38.275862068965516
DILMA;26.778242677824267;2;28.985507246376812
DILMA;27.31958762886598;2;33.88157894736842
DILMA;31.80327868852459;2;34.92462311557789
DILMA;33.440514469453376;2;33.41708542713568
DILMA;42.508710801393725;2;34.25692695214106
DILMA;35.85526315789474;2;29.770992366412212
DILMA;40.549828178694156;2;23.232323232323232
DILMA;36.271186440677965;2;35.85858585858586
DILMA;39.23076923076923;2;38.05555555555556
DILMA;36.462093862815884;2;32.96398891966759
DILMA;40.67796610169491;2;29.367088607594937
DILMA;26.79127725856698;2;23.529411764705884
DILMA;41.666666666666664;2;36.04060913705584
DILMA;41.355932203389834;2;33.333333333333336
DILMA;42.532467532467535;2;31.139240506329113
DILMA;26.200873362445414;2;20.634920634920636
DILMA;22.68041237113402;2;26.203208556149733
DILMA;27.40740740740741;2;20.527859237536656
DILMA;24.344569288389515;2;23.18840579710145
DILMA;18.62348178137652;2;26.409495548961424
DILMA;43.24324324324324;2;35.76158940397351
DILMA;41.666666666666664;2;31.362467866323907
DILMA;25.752508361204015;2;26.804123711340207
DILMA;35.84905660377358;2;36.134453781512605
DILMA;24.154589371980677;2;45.070422535211264
DILMA;24.257425742574256;2;32.916666666666664
DILMA;23.228346456692915;2;24.764890282131663
DILMA;24.0;2;19.29824561403509
DILMA;35.256410256410255;2;24.267782426778243
DILMA;23.694779116465863;2;38.58520900321543
DILMA;23.10924369747899;2;30.158730158730158
DILMA;23.417721518987342;2;30.80808080808081
DILMA;20.233463035019454;2;28.3987915407855
DILMA;27.309236947791163;2;40.35087719298246
DILMA;23.25581395348837;2;23.82198952879581
DILMA;29.914529914529915;2;35.23489932885906
DILMA;40.64748201438849;2;29.62962962962963
DILMA;23.076923076923077;2;18.15856777493606
DILMA;19.76284584980237;2;24.600638977635782
DILMA;24.409448818897637;2;21.20253164556962
DILMA;37.01298701298701;2;23.206751054852322
DILMA;21.363636363636363;2;53.61842105263158
DILMA;23.134328358208954;2;20.0
DILMA;28.755364806866954;2;17.628205128205128
DILMA;31.40495867768595;2;38.15028901734104
DILMA;18.75;2;17.088607594936708
DILMA;18.502202643171806;2;27.659574468085108
DILMA;29.721362229102166;2;27.309236947791163
DILMA;18.218623481781375;2;29.76878612716763
DILMA;24.056603773584907;2;33.208955223880594
DILMA;48.1981981981982;2;33.72549019607843
DILMA;32.5;2;31.46067415730337
DILMA;26.96629213483146;2;29.328621908127207
DILMA;36.13861386138614;2;14.521452145214521
DILMA;39.11290322580645;2;28.939828080229226
DILMA;27.77777777777778;2;32.42506811989101
DILMA;19.047619047619047;2;14.960629921259843
DILMA;21.804511278195488;2;20.348837209302324
DILMA;26.460481099656356;2;23.978201634877383
DILMA;21.694915254237287;2;17.819148936170212
DILMA;19.488817891373802;2;20.10178117048346
DILMA;29.677419354838708;2;27.96208530805687
DILMA;9.852216748768473;2;47.05882352941177
DILMA;5.555555555555555;2;11.538461538461538
DILMA;46.753246753246756;2;46.26168224299065
DILMA;31.407942238267147;2;26.47887323943662
DILMA;37.903225806451616;2;45.1219512195122
DILMA;35.80246913580247;2;12.804878048780488
DILMA;51.14754098360656;2;24.607329842931936
DILMA;55.921052631578945;2;32.97872340425532
DILMA;44.97991967871486;2;23.795180722891565
DILMA;54.51807228915663;2;21.05263157894737
DILMA;33.50253807106599;2;16.666666666666668
DILMA;37.56613756613756;2;23.89937106918239
DILMA;24.91103202846975;2;8.806818181818182
DILMA;25.714285714285715;2;33.165829145728644
DILMA;28.40909090909091;2;11.063829787234043
DILMA;28.67924528301887;2;15.942028985507246
DILMA;22.175732217573223;2;9.556313993174061
DILMA;28.571428571428573;2;22.897196261682243
DILMA;49.280575539568346;2;12.5
DILMA;50.88339222614841;2;22.57217847769029
DILMA;39.548022598870055;2;19.48051948051948
DILMA;30.8411214953271;2;17.613636363636363
DILMA;39.37007874015748;2;35.025380710659896
DILMA;31.135531135531135;2;9.090909090909092
DILMA;28.15884476534296;2;10.422535211267606
DILMA;28.35820895522388;2;10.05586592178771
DILMA;35.678391959798994;2;16.666666666666668
DILMA;30.76923076923077;2;13.5
DILMA;31.65137614678899;2;13.571428571428571
DILMA;45.76271186440678;2;20.855614973262032
DILMA;32.89473684210526;2;18.7192118226601
DILMA;32.56704980842912;2;22.191011235955056
DILMA;32.377049180327866;2;5.723905723905724
DILMA;30.0;2;14.87603305785124
DILMA;50.34722222222222;2;14.974619289340101
DILMA;34.69387755102041;2;17.938931297709924
DILMA;30.47945205479452;2;18.803418803418804
DILMA;36.206896551724135;2;12.5
DILMA;27.480916030534353;2;24.382716049382715
DILMA;26.976744186046513;2;18.115942028985508
DILMA;37.827715355805246;2;23.463687150837988
DILMA;46.09665427509294;2;14.058355437665783
DILMA;46.22641509433962;2;10.784313725490197
DILMA;50.0;2;9.792284866468842
DILMA;37.74834437086093;2;14.758269720101781
DILMA;48.63013698630137;2;22.57217847769029
DILMA;45.55160142348755;2;15.025906735751295
DILMA;54.13793103448276;2;17.46031746031746
DILMA;36.633663366336634;2;15.862068965517242
DILMA;35.22727272727273;2;15.521628498727736
DILMA;36.597938144329895;2;19.21708185053381
DILMA;32.870370370370374;2;19.58041958041958
DILMA;55.79710144927536;2;25.263157894736842
DILMA;42.016806722689076;2;23.0
DILMA;43.1438127090301;2;12.690355329949238
DILMA;29.365079365079364;2;12.1875
DILMA;25.503355704697988;2;8.0
DILMA;32.6271186440678;2;12.121212121212121
DILMA;29.515418502202643;2;11.25
DILMA;29.6875;2;15.015015015015015
DILMA;38.22393822393823;2;12.828947368421053
DILMA;47.69230769230769;2;14.746543778801843
DILMA;52.84280936454849;2;15.66579634464752
DILMA;48.18652849740933;2;15.555555555555555
DILMA;40.95238095238095;2;20.97902097902098
DILMA;54.93827160493827;2;22.959183673469386
DILMA;13.836477987421384;2;25.85551330798479
DILMA;54.09836065573771;2;29.479768786127167
DILMA;32.298136645962735;2;20.491803278688526
DILMA;29.04564315352697;2;10.0
DILMA;36.655948553054664;2;14.50381679389313
DILMA;33.0188679245283;2;36.3013698630137
DILMA;41.74757281553398;2;19.572953736654803
DILMA;37.56345177664975;2;15.384615384615385
DILMA;43.36734693877551;2;35.23489932885906
DILMA;23.346303501945524;2;8.16326530612245
DILMA;52.54237288135593;2;23.728813559322035
DILMA;31.95020746887967;2;8.950617283950617
DILMA;32.42009132420091;2;15.714285714285714
DILMA;52.94117647058823;2;30.90909090909091
DILMA;32.103321033210335;2;19.17808219178082
DILMA;24.623115577889447;2;8.11965811965812
DILMA;54.75409836065574;2;10.99195710455764
DILMA;66.66666666666667;2;28.72340425531915
DILMA;52.4822695035461;2;15.5
DILMA;31.182795698924732;2;13.333333333333334
DILMA;30.476190476190474;2;8.058608058608058
DILMA;32.342007434944236;2;14.330218068535826
DILMA;26.666666666666668;2;6.442577030812325
DILMA;24.738675958188153;2;4.359673024523161
DILMA;29.80392156862745;2;9.174311926605505
DILMA;51.77514792899408;2;11.39240506329114
DILMA;35.80246913580247;2;13.993174061433447
DILMA;27.966101694915253;2;11.320754716981131
DILMA;36.87707641196013;2;15.803108808290155
DILMA;26.492537313432837;2;4.411764705882353
DILMA;36.177474402730375;2;10.741687979539641
DILMA;41.34615384615385;2;8.205128205128204
DILMA;35.44973544973545;2;11.158798283261802
DILMA;26.905829596412556;2;8.934707903780069
DILMA;34.55882352941177;2;7.580174927113703
DILMA;32.69230769230769;2;35.526315789473685
DILMA;28.88888888888889;2;48.93617021276596
DILMA;47.417840375586856;2;13.382899628252789
DILMA;54.54545454545455;2;25.294117647058822
DILMA;47.24770642201835;2;12.36749116607774
DILMA;37.71043771043771;2;13.218390804597702
DILMA;29.661016949152543;2;11.486486486486486
DILMA;50.90252707581227;2;11.731843575418994
DILMA;27.551020408163264;2;13.09192200557103
DILMA;37.5;2;11.985018726591761
DILMA;66.66666666666667;2;15.573770491803279
DILMA;30.70175438596491;2;27.63157894736842
DILMA;20.930232558139537;2;6.521739130434782
DILMA;41.29353233830846;2;15.6
DILMA;38.9937106918239;2;17.70334928229665
DILMA;28.01556420233463;2;12.912912912912914
DILMA;27.96934865900383;2;8.928571428571429
DILMA;42.10526315789474;2;12.931034482758621
DILMA;53.57142857142857;2;12.860892388451443
DILMA;54.42176870748299;2;20.108695652173914
DILMA;52.94117647058823;2;26.98961937716263
DILMA;33.439490445859875;2;6.63265306122449
DILMA;32.075471698113205;2;28.37837837837838
DILMA;34.716981132075475;2;9.418282548476455
DILMA;62.608695652173914;2;18.023255813953487
DILMA;23.333333333333332;2;6.4655172413793105
DILMA;56.09756097560975;2;11.726384364820847
DILMA;42.857142857142854;2;10.714285714285714
DILMA;61.39705882352941;2;17.54874651810585
DILMA;34.177215189873415;2;15.270935960591133
DILMA;42.916666666666664;2;23.028391167192428
DILMA;40.40816326530612;2;16.265060240963855
DILMA;36.75213675213675;2;24.479166666666668
DILMA;47.142857142857146;2;13.432835820895523
DILMA;56.64739884393064;2;29.974811083123427
DILMA;59.48275862068966;2;26.551724137931036
DILMA;54.13533834586466;2;23.123123123123122
DILMA;50.22831050228311;2;31.428571428571427
DILMA;40.963855421686745;2;17.197452229299362
DILMA;24.242424242424242;2;14.723926380368098
DILMA;52.70935960591133;2;10.543130990415335
DILMA;32.967032967032964;2;6.997084548104956
DILMA;48.84615384615385;2;13.946587537091988
DILMA;30.181818181818183;2;10.174418604651162
DILMA;44.680851063829785;2;19.272727272727273
DILMA;22.99651567944251;2;8.683473389355742
DILMA;30.303030303030305;2;10.0418410041841
DILMA;36.08695652173913;2;19.26605504587156
DILMA;52.44755244755245;2;15.18324607329843
DILMA;22.09737827715356;2;5.042016806722689
DILMA;23.828125;2;8.787878787878787
DILMA;41.1764705882353;2;12.578616352201259
DILMA;27.941176470588236;2;23.91304347826087
DILMA;48.125;2;20.304568527918782
DILMA;49.26470588235294;2;10.803324099722992
DILMA;36.7003367003367;2;11.34020618556701
DILMA;29.537366548042705;2;11.653116531165312
DILMA;21.25;2;4.320987654320987
DILMA;31.294964028776977;2;7.6923076923076925
DILMA;25.862068965517242;2;9.491525423728813
DILMA;30.103806228373703;2;9.234828496042216
DILMA;36.58536585365854;2;22.4390243902439
DILMA;30.76923076923077;2;10.619469026548673
DILMA;31.666666666666668;2;31.645569620253166
DILMA;37.2093023255814;2;20.96317280453258
DILMA;32.45614035087719;2;13.333333333333334
DILMA;47.31182795698925;2;14.912280701754385
DILMA;34.857142857142854;2;20.901639344262296
DILMA;54.15384615384615;2;15.267175572519085
DILMA;61.570247933884296;2;23.880597014925375
DILMA;49.501661129568106;2;16.49214659685864
DILMA;28.14814814814815;2;14.492753623188406
DILMA;51.01010101010101;2;17.073170731707318
DILMA;33.027522935779814;2;26.0
DILMA;29.365079365079364;2;26.424870466321245
DILMA;48.0;2;18.32460732984293
DILMA;55.223880597014926;2;24.444444444444443
DILMA;68.32579185520362;2;36.15384615384615
DILMA;26.818181818181817;2;38.1294964028777
DILMA;47.602739726027394;2;23.243243243243242
DILMA;69.33962264150944;2;14.960629921259843
DILMA;78.81619937694704;2;14.156626506024097
DILMA;29.447852760736197;2;9.852216748768473
DILMA;47.111111111111114;2;6.229508196721311
DILMA;24.352331606217618;2;26.923076923076923
DILMA;37.391304347826086;2;22.9607250755287
DILMA;52.15311004784689;2;24.719101123595507
DILMA;32.6241134751773;2;12.280701754385966
DILMA;37.755102040816325;2;21.604938271604937
DILMA;42.16867469879518;2;9.919571045576408
DILMA;12.941176470588236;2;26.08695652173913
DILMA;67.6056338028169;2;8.571428571428571
DILMA;24.46808510638298;2;6.128133704735376
DILMA;30.501930501930502;2;8.928571428571429
DILMA;34.285714285714285;2;14.018691588785046
DILMA;23.529411764705884;2;25.58139534883721
DILMA;23.076923076923077;2;23.770491803278688
DILMA;17.97752808988764;2;21.05263157894737
DILMA;54.5;2;23.14410480349345
DILMA;51.207729468599034;2;9.836065573770492
DILMA;55.913978494623656;2;8.333333333333334
DILMA;24.81203007518797;2;10.416666666666666
DILMA;46.57534246575342;2;29.85781990521327
DILMA;60.58091286307054;2;26.19047619047619
DILMA;64.97695852534562;2;19.33085501858736
DILMA;59.310344827586206;2;23.316062176165804
DILMA;28.32369942196532;2;39.86486486486486
DILMA;36.7816091954023;2;33.333333333333336
DILMA;21.21212121212121;2;4.411764705882353
DILMA;13.68421052631579;2;40.25974025974026
DILMA;31.132075471698112;2;22.62773722627737
DILMA;85.15625;2;26.62721893491124
DILMA;50.0;2;23.178807947019866
DILMA;36.53846153846154;2;15.384615384615385
DILMA;33.333333333333336;2;21.804511278195488
DILMA;75.38461538461539;2;27.33812949640288
DILMA;52.525252525252526;2;18.0327868852459
DILMA;63.06818181818182;2;24.352331606217618
DILMA;27.40740740740741;2;18.061674008810574
DILMA;55.483870967741936;2;18.0327868852459
DILMA;75.0;2;20.895522388059703
DILMA;32.11009174311926;2;19.84732824427481
DILMA;75.75757575757575;2;29.473684210526315
DILMA;61.904761904761905;2;12.0
DILMA;27.062706270627064;2;11.74934725848564
DILMA;34.86842105263158;2;19.318181818181817
DILMA;51.14942528735632;2;30.76923076923077
DILMA;75.625;2;14.507772020725389
DILMA;44.0;2;21.1864406779661
DILMA;37.5;2;19.730941704035875
DILMA;60.3448275862069;2;21.39917695473251
DILMA;48.51485148514851;2;28.88888888888889
DILMA;27.335640138408305;2;8.454810495626822
DILMA;33.44827586206897;2;10.404624277456648
DILMA;52.0;2;18.42105263157895
DILMA;55.34591194968554;2;28.571428571428573
DILMA;7.299270072992701;2;38.99082568807339
DILMA;45.018450184501845;2;7.224334600760456
DILMA;32.720588235294116;2;15.714285714285714
DILMA;54.91803278688525;2;19.49685534591195
DILMA;28.75;2;15.862068965517242
DILMA;52.20338983050848;2;10.434782608695652
DILMA;43.037974683544306;2;10.344827586206897
DILMA;26.666666666666668;2;6.542056074766355
DILMA;48.07692307692308;2;19.672131147540984
DILMA;30.62200956937799;2;17.94871794871795
DILMA;29.850746268656717;2;25.568181818181817
DILMA;28.436018957345972;2;20.070422535211268
DILMA;27.941176470588236;2;15.43026706231454
DILMA;28.625954198473284;2;15.476190476190476
DILMA;29.32330827067669;2;16.91842900302115
DILMA;24.793388429752067;2;12.203389830508474
DILMA;33.65853658536585;2;24.02826855123675
DILMA;32.870370370370374;2;23.75886524822695
DILMA;35.034013605442176;2;20.71611253196931
DILMA;28.630705394190873;2;20.348837209302324
DILMA;28.01556420233463;2;19.402985074626866
DILMA;31.3953488372093;2;19.881305637982194
DILMA;28.957528957528957;2;20.35928143712575
DILMA;27.81954887218045;2;8.484848484848484
DILMA;27.976190476190474;2;23.076923076923077
DILMA;18.250950570342205;2;10.778443113772456
DILMA;31.73076923076923;2;38.9937106918239
DILMA;30.939226519337016;2;21.224489795918366
DILMA;35.38461538461539;2;20.16460905349794
DILMA;29.64426877470356;2;15.542521994134898
DILMA;34.04255319148936;2;13.353115727002967
DILMA;30.612244897959183;2;19.166666666666668
DILMA;30.939226519337016;2;48.83720930232558
DILMA;32.20973782771536;2;14.749262536873156
DILMA;32.196969696969695;2;12.865497076023392
DILMA;36.612021857923494;2;13.983050847457626
DILMA;37.2093023255814;2;18.264840182648403
DILMA;25.19685039370079;2;16.513761467889907
DILMA;33.333333333333336;2;13.658536585365853
DILMA;29.11392405063291;2;21.890547263681594
DILMA;34.78260869565217;2;22.4390243902439
DILMA;29.545454545454547;2;7.207207207207207
DILMA;29.533678756476682;2;23.776223776223777
DILMA;29.577464788732396;2;41.76470588235294
DILMA;23.387096774193548;2;24.863387978142075
DILMA;36.170212765957444;2;22.115384615384617
DILMA;41.851851851851855;2;13.541666666666666
DILMA;48.78048780487805;2;11.904761904761905
DILMA;42.5531914893617;2;13.119533527696793
DILMA;39.11290322580645;2;16.034985422740526
DILMA;53.90334572490706;2;16.237113402061855
DILMA;54.729729729729726;2;20.25974025974026
DILMA;45.149253731343286;2;19.525065963060687
DILMA;33.87978142076503;2;55.94405594405595
DILMA;45.833333333333336;2;18.253968253968253
DILMA;38.225255972696246;2;21.374045801526716
DILMA;38.888888888888886;2;26.501766784452297
DILMA;40.08810572687225;2;20.54794520547945
DILMA;40.104166666666664;2;24.253731343283583
DILMA;32.77777777777778;2;24.045801526717558
DILMA;40.08438818565401;2;33.77483443708609
DILMA;34.859154929577464;2;27.478753541076486
DILMA;38.46153846153846;2;24.0
DILMA;32.88590604026846;2;42.74809160305343
DILMA;47.55555555555556;2;26.229508196721312
DILMA;42.22222222222222;2;40.772532188841204
DILMA;37.89808917197452;2;25.19083969465649
DILMA;39.333333333333336;2;25.76530612244898
DILMA;42.69230769230769;2;25.114155251141554
DILMA;44.70198675496689;2;20.408163265306122
DILMA;42.42424242424242;2;22.727272727272727
DILMA;40.07936507936508;2;21.301775147928993
DILMA;44.04145077720207;2;19.205298013245034
DILMA;53.55648535564853;2;21.779141104294478
DILMA;39.15343915343915;2;16.666666666666668
DILMA;5.747126436781609;2;45.11278195488722
DILMA;85.33333333333333;2;37.5
DILMA;69.51219512195122;2;36.58536585365854
DILMA;44.05940594059406;2;10.116731517509727
DILMA;54.7085201793722;2;21.79930795847751
DILMA;85.96491228070175;2;29.333333333333332
DILMA;49.586776859504134;2;21.656050955414013
DILMA;38.857142857142854;2;5.454545454545454
DILMA;47.916666666666664;2;14.705882352941176
DILMA;41.97530864197531;2;11.14864864864865
DILMA;68.26923076923077;2;22.764227642276424
DILMA;54.49438202247191;2;14.516129032258064
DILMA;56.70103092783505;2;20.0
DILMA;45.23809523809524;2;24.342105263157894
DILMA;42.99516908212561;2;22.435897435897434
DILMA;45.6140350877193;2;24.675324675324674
DILMA;44.134078212290504;2;22.692307692307693
DILMA;39.86486486486486;2;27.54237288135593
DILMA;41.276595744680854;2;23.232323232323232
DILMA;43.19526627218935;2;23.206751054852322
DILMA;48.10126582278481;2;26.470588235294116
DILMA;46.733668341708544;2;26.027397260273972
DILMA;47.61904761904762;2;33.46613545816733
DILMA;43.69747899159664;2;26.03174603174603
DILMA;36.6412213740458;2;28.82562277580071
DILMA;43.81443298969072;2;22.382671480144403
DILMA;51.26903553299493;2;23.972602739726028
DILMA;38.94230769230769;2;21.694915254237287
DILMA;40.2390438247012;2;16.61341853035144
DILMA;38.095238095238095;2;18.367346938775512
DILMA;44.29223744292238;2;21.13564668769716
DILMA;50.40983606557377;2;15.693430656934307
DILMA;48.78048780487805;2;35.83617747440273
DILMA;43.82022471910113;2;19.083969465648856
DILMA;42.131979695431475;2;20.37037037037037
DILMA;46.07843137254902;2;25.59726962457338
DILMA;46.788990825688074;2;18.6046511627907
DILMA;49.04761904761905;2;17.793594306049823
DILMA;41.55251141552512;2;17.421602787456447
DILMA;46.08294930875576;2;16.835016835016834
DILMA;54.62555066079295;2;16.78082191780822
DILMA;53.42465753424658;2;15.384615384615385
DILMA;41.08910891089109;2;24.579124579124578
DILMA;51.196172248803826;2;20.848056537102472
DILMA;50.69124423963134;2;21.305841924398624
DILMA;45.893719806763286;2;15.570934256055363
DILMA;45.91836734693877;2;17.829457364341085
DILMA;46.408839779005525;2;13.362068965517242
DILMA;44.72573839662447;2;18.983050847457626
DILMA;44.53781512605042;2;15.59322033898305
DILMA;53.723404255319146;2;14.17004048582996
DILMA;44.166666666666664;2;17.490494296577946
DILMA;59.35828877005348;2;13.147410358565738
DILMA;52.293577981651374;2;24.50980392156863
DILMA;57.74647887323944;2;15.358361774744028
DILMA;53.475935828877006;2;16.605166051660518
DILMA;43.51464435146443;2;17.60797342192691
DILMA;55.68181818181818;2;12.598425196850394
DILMA;70.05988023952096;2;16.666666666666668
DILMA;65.54054054054055;2;21.771217712177123
DILMA;58.641975308641975;2;18.91891891891892
DILMA;58.267716535433074;2;17.5
DILMA;49.20634920634921;2;11.934156378600823
DILMA;41.578947368421055;2;22.545454545454547
DILMA;71.25;2;35.91160220994475
DILMA;72.41379310344827;2;33.333333333333336
DILMA;54.54545454545455;2;28.431372549019606
DILMA;71.70731707317073;2;34.104046242774565
DILMA;64.07766990291262;2;15.925925925925926
DILMA;10.407239819004525;2;28.762541806020067
DILMA;11.764705882352942;2;49.0
DILMA;44.93927125506073;2;26.174496644295303
DILMA;50.24154589371981;2;18.88888888888889
DILMA;47.71573604060914;2;17.09090909090909
DILMA;41.02564102564103;2;30.225080385852092
DILMA;43.1578947368421;2;13.88888888888889
DILMA;51.81818181818182;2;23.31081081081081
DILMA;57.2093023255814;2;16.541353383458645
DILMA;60.19417475728155;2;30.0
DILMA;78.03468208092485;2;22.38095238095238
DILMA;38.048780487804876;2;21.285140562248998
DILMA;44.24242424242424;2;6.542056074766355
DILMA;47.389558232931726;2;11.036789297658864
DILMA;51.48514851485149;2;14.942528735632184
DILMA;70.55555555555556;2;39.56521739130435
DILMA;50.46296296296296;2;26.666666666666668
DILMA;53.21888412017167;2;11.929824561403509
DILMA;52.72727272727273;2;20.274914089347078
DILMA;48.917748917748916;2;10.774410774410775
DILMA;59.130434782608695;2;18.94736842105263
DILMA;46.04651162790697;2;12.313432835820896
DILMA;49.09090909090909;2;21.316614420062695
DILMA;44.33497536945813;2;9.84251968503937
DILMA;55.0;2;11.79245283018868
DILMA;48.648648648648646;2;23.18339100346021
DILMA;32.86713286713287;2;8.673469387755102
DILMA;53.374233128834355;2;10.7981220657277
DILMA;30.102040816326532;2;22.900763358778626
DILMA;22.535211267605632;2;25.96685082872928
DILMA;57.7639751552795;2;34.97942386831276
DILMA;42.5531914893617;2;45.714285714285715
DILMA;52.083333333333336;2;27.56756756756757
DILMA;56.390977443609025;2;27.77777777777778
DILMA;52.25806451612903;2;42.05607476635514
DILMA;18.835616438356166;2;6.4171122994652405
DILMA;22.727272727272727;2;14.45086705202312
DILMA;24.81203007518797;2;12.753623188405797
DILMA;63.73626373626374;2;40.0
DILMA;29.82456140350877;2;25.396825396825395
DILMA;34.899328859060404;2;36.36363636363637
DILMA;22.388059701492537;2;30.985915492957748
DILMA;50.68493150684932;2;43.75
DILMA;18.0327868852459;2;44.285714285714285
DILMA;58.42696629213483;2;36.0
DILMA;42.592592592592595;2;35.95505617977528
DILMA;35.294117647058826;2;33.898305084745765
DILMA;21.818181818181817;2;8.93371757925072
DILMA;81.66666666666667;2;23.863636363636363
DILMA;26.984126984126984;2;10.732984293193716
DILMA;30.344827586206897;2;34.97536945812808
DILMA;34.36293436293436;2;6.21301775147929
DILMA;32.015810276679844;2;7.0754716981132075
DILMA;43.44827586206897;2;36.18090452261306
DILMA;33.54430379746835;2;34.92822966507177
DILMA;37.735849056603776;2;38.72549019607843
DILMA;33.035714285714285;2;28.72340425531915
DILMA;34.09090909090909;2;23.104693140794225
DILMA;31.30081300813008;2;30.061349693251532
DILMA;28.448275862068964;2;24.271844660194176
DILMA;42.013888888888886;2;34.12698412698413
DILMA;36.55172413793103;2;26.612903225806452
DILMA;26.609442060085836;2;21.27659574468085
DILMA;24.398625429553263;2;30.357142857142858
DILMA;33.83458646616541;2;22.284122562674096
DILMA;37.89473684210526;2;33.333333333333336
DILMA;18.21561338289963;2;24.702380952380953
DILMA;32.82828282828283;2;24.686192468619247
DILMA;40.20100502512563;2;27.272727272727273
DILMA;40.87591240875913;2;27.129337539432175
DILMA;29.487179487179485;2;22.164948453608247
DILMA;41.886792452830186;2;24.916943521594686
DILMA;45.09803921568628;2;31.372549019607842
DILMA;30.21276595744681;2;20.666666666666668
DILMA;34.285714285714285;2;21.182266009852217
DILMA;27.547169811320753;2;30.835734870317
DILMA;46.103896103896105;2;18.15718157181572
DILMA;43.31983805668016;2;18.333333333333332
DILMA;30.285714285714285;2;30.198019801980198
DILMA;31.736526946107784;2;43.72093023255814
DILMA;23.29749103942652;2;33.6231884057971
DILMA;28.46153846153846;2;28.31858407079646
DILMA;28.51063829787234;2;22.22222222222222
DILMA;20.077220077220076;2;27.485380116959064
DILMA;40.16393442622951;2;25.97864768683274
DILMA;30.837004405286343;2;28.093645484949832
DILMA;26.79245283018868;2;18.627450980392158
DILMA;24.50980392156863;2;28.756476683937823
DILMA;20.149253731343283;2;33.23529411764706
DILMA;24.814814814814813;2;35.174418604651166
DILMA;23.202614379084967;2;22.133333333333333
DILMA;33.68055555555556;2;27.2
DILMA;21.895424836601308;2;20.0
DILMA;24.705882352941178;2;27.941176470588236
DILMA;45.18828451882845;2;16.428571428571427
DILMA;27.555555555555557;2;32.758620689655174
DILMA;66.66666666666667;2;35.03649635036496
DILMA;34.74178403755869;2;28.802588996763753
DILMA;42.7710843373494;2;32.857142857142854
DILMA;30.65326633165829;2;30.89887640449438
DILMA;20.80536912751678;2;22.422680412371133
DILMA;35.55555555555556;2;26.072607260726073
DILMA;25.925925925925927;2;20.91152815013405
DILMA;22.635135135135137;2;16.39344262295082
DILMA;31.501831501831504;2;15.0
DILMA;35.294117647058826;2;26.775956284153004
DILMA;22.5;2;17.058823529411764
DILMA;26.688102893890676;2;26.1455525606469
DILMA;40.76246334310851;2;17.302798982188296
DILMA;29.197080291970803;2;20.0
DILMA;25.0;2;21.92192192192192
DILMA;53.42465753424658;2;22.352941176470587
DILMA;29.361702127659573;2;25.41254125412541
DILMA;34.64052287581699;2;32.04419889502763
DILMA;32.78688524590164;2;19.047619047619047
DILMA;23.711340206185568;2;35.59322033898305
DILMA;43.75;2;17.628205128205128
DILMA;35.504885993485345;2;19.25133689839572
DILMA;36.51877133105802;2;17.77777777777778
DILMA;33.21799307958477;2;16.569767441860463
DILMA;19.858156028368793;2;19.705882352941178
DILMA;72.636815920398;2;25.506072874493928
DILMA;77.35849056603773;2;39.04761904761905
DILMA;33.02325581395349;2;26.245847176079735
DILMA;33.57664233576642;2;13.157894736842104
DILMA;37.98701298701299;2;19.78609625668449
DILMA;18.01801801801802;2;9.854014598540147
DILMA;34.21052631578947;2;17.261904761904763
DILMA;28.415300546448087;2;8.189655172413794
DILMA;37.03703703703704;2;22.1606648199446
DILMA;24.67948717948718;2;17.737789203084834
DILMA;35.273972602739725;2;21.428571428571427
DILMA;33.11897106109325;2;20.051413881748072
DILMA;31.428571428571427;2;12.790697674418604
DILMA;23.75886524822695;2;28.767123287671232
DILMA;40.66390041493776;2;20.875420875420875
DILMA;32.967032967032964;2;21.910112359550563
DILMA;38.38028169014085;2;11.1731843575419
DILMA;31.986531986531986;2;13.709677419354838
DILMA;38.118811881188115;2;12.830188679245284
DILMA;35.8974358974359;2;26.486486486486488
DILMA;36.53846153846154;2;32.53968253968254
DILMA;54.335260115606935;2;33.1578947368421
DILMA;9.23076923076923;2;40.645161290322584
DILMA;49.029126213592235;2;22.90909090909091
DILMA;46.07843137254902;2;29.182879377431906
DILMA;48.421052631578945;2;28.67383512544803
DILMA;46.42857142857143;2;26.618705035971225
DILMA;46.3768115942029;2;21.352313167259787
DILMA;43.65482233502538;2;27.075812274368232
DILMA;49.029126213592235;2;31.672597864768683
DILMA;46.666666666666664;2;28.26086956521739
DILMA;45.58139534883721;2;26.923076923076923
DILMA;51.207729468599034;2;22.62773722627737
DILMA;42.5;2;23.131672597864767
DILMA;48.205128205128204;2;25.58139534883721
DILMA;47.417840375586856;2;36.74242424242424
DILMA;41.395348837209305;2;28.35249042145594
DILMA;43.43434343434343;2;31.007751937984494
DILMA;44.61538461538461;2;20.84942084942085
DILMA;46.15384615384615;2;30.0
DILMA;48.5;2;30.075187969924812
DILMA;48.108108108108105;2;28.294573643410853
DILMA;48.80952380952381;2;24.663677130044842
DILMA;50.943396226415096;2;20.346320346320347
DILMA;52.15311004784689;2;20.21276595744681
DILMA;40.19138755980861;2;27.027027027027028
DILMA;53.5;2;23.02158273381295
DILMA;50.96153846153846;2;29.41176470588235
DILMA;47.29064039408867;2;18.705035971223023
DILMA;49.107142857142854;2;20.216606498194945
DILMA;57.6036866359447;2;21.951219512195124
DILMA;46.96969696969697;2;16.602316602316602
DILMA;53.09278350515464;2;10.040160642570282
DILMA;45.416666666666664;2;17.627118644067796
DILMA;50.23474178403756;2;13.793103448275861
DILMA;46.18834080717489;2;13.636363636363637
DILMA;50.0;2;28.35249042145594
DILMA;65.78947368421052;2;12.110726643598616
DILMA;59.04761904761905;2;19.285714285714285
DILMA;50.73170731707317;2;5.555555555555555
DILMA;42.6865671641791;2;11.618257261410788
DILMA;52.48868778280543;2;10.469314079422382
DILMA;87.26415094339623;2;23.841059602649008
DILMA;63.2183908045977;2;26.857142857142858
DILMA;81.13207547169812;2;28.313253012048193
DILMA;62.60504201680672;2;13.986013986013987
DILMA;54.09090909090909;2;15.884476534296029
DILMA;43.43434343434343;2;16.091954022988507
DILMA;44.60093896713615;2;10.82089552238806
DILMA;40.67796610169491;2;10.689655172413794
DILMA;79.0909090909091;2;17.415730337078653
DILMA;75.64102564102564;2;31.08108108108108
DILMA;46.902654867256636;2;9.252669039145907
DILMA;62.5;2;19.51219512195122
DILMA;61.951219512195124;2;12.156862745098039
DILMA;42.20183486238532;2;2.2813688212927756
DILMA;42.78350515463917;2;10.714285714285714
DILMA;43.61702127659574;2;29.019607843137255
DILMA;53.250773993808046;2;12.546125461254613
DILMA;47.755102040816325;2;9.45945945945946
DILMA;12.121212121212121;2;13.245033112582782
DILMA;66.04938271604938;2;29.464285714285715
DILMA;8.333333333333334;2;12.0
DILMA;41.8848167539267;2;28.627450980392158
DILMA;29.12621359223301;2;10.619469026548673
DILMA;88.19444444444444;2;23.91304347826087
DILMA;53.44827586206897;2;14.695340501792115
DILMA;60.204081632653065;2;40.65934065934066
DILMA;50.427350427350426;2;16.428571428571427
DILMA;56.89655172413793;2;22.36842105263158
DILMA;45.30386740331492;2;28.063241106719367
DILMA;53.2520325203252;2;9.830508474576272
DILMA;47.234042553191486;2;10.915492957746478
DILMA;37.956204379562045;2;30.573248407643312
DILMA;51.351351351351354;2;23.529411764705884
DILMA;27.33812949640288;2;36.72316384180791
DILMA;23.626373626373628;2;30.252100840336134
DILMA;28.21576763485477;2;16.906474820143885
DILMA;29.739776951672862;2;18.07909604519774
DILMA;38.392857142857146;2;21.91780821917808
DILMA;19.736842105263158;2;39.44636678200692
DILMA;20.982142857142858;2;38.513513513513516
DILMA;17.467248908296945;2;26.35135135135135
DILMA;19.469026548672566;2;28.522336769759452
DILMA;22.0532319391635;2;21.172638436482085
DILMA;21.890547263681594;2;35.07462686567164
DILMA;17.803030303030305;2;23.355263157894736
DILMA;20.717131474103585;2;17.333333333333332
DILMA;20.54794520547945;2;15.129151291512915
DILMA;25.0;2;20.093457943925234
DILMA;18.03921568627451;2;10.725552050473187
DILMA;27.238805970149254;2;24.07932011331445
DILMA;23.79182156133829;2;14.497041420118343
DILMA;27.77777777777778;2;22.471910112359552
DILMA;18.51851851851852;2;8.4
DILMA;18.88111888111888;2;9.831460674157304
DILMA;16.26984126984127;2;26.885245901639344
DILMA;24.870466321243523;2;46.186440677966104
DILMA;21.40077821011673;2;19.093851132686083
DILMA;31.985294117647058;2;16.477272727272727
DILMA;36.312849162011176;2;15.652173913043478
DILMA;28.96825396825397;2;21.27659574468085
DILMA;33.673469387755105;2;21.991701244813278
DILMA;20.218579234972676;2;13.425925925925926
DILMA;20.689655172413794;2;9.937888198757763
DILMA;25.925925925925927;2;24.481327800829874
DILMA;17.71217712177122;2;9.850746268656716
DILMA;32.94117647058823;2;17.314487632508833
DILMA;22.0;2;21.311475409836067
DILMA;23.381294964028775;2;10.32448377581121
DILMA;29.48207171314741;2;16.107382550335572
DILMA;22.22222222222222;2;13.362068965517242
DILMA;23.115577889447238;2;11.570247933884298
DILMA;15.625;2;11.041009463722398
DILMA;23.618090452261306;2;23.735408560311285
DILMA;30.434782608695652;2;17.218543046357617
DILMA;28.79377431906615;2;14.689265536723164
DILMA;38.75598086124402;2;21.52317880794702
DILMA;24.107142857142858;2;17.921146953405017
DILMA;30.065359477124183;2;33.0
DILMA;28.037383177570092;2;23.045267489711936
DILMA;16.49484536082474;2;18.548387096774192
DILMA;32.78145695364238;2;34.15384615384615
DILMA;23.15270935960591;2;25.910931174089068
DILMA;45.588235294117645;2;24.375
DILMA;28.048780487804876;2;23.48993288590604
DILMA;41.554054054054056;2;17.86833855799373
DILMA;34.065934065934066;2;25.603864734299517
DILMA;22.878228782287824;2;15.36144578313253
DILMA;28.651685393258425;2;23.353293413173652
DILMA;36.65689149560117;2;22.865853658536587
DILMA;34.437086092715234;2;26.25
DILMA;33.65384615384615;2;29.62962962962963
DILMA;20.3125;2;29.503105590062113
DILMA;20.361990950226243;2;27.92452830188679
DILMA;28.368794326241133;2;20.833333333333332
DILMA;32.20338983050848;2;40.27777777777778
DILMA;36.8;2;20.640569395017792
DILMA;39.42307692307692;2;51.724137931034484
DILMA;24.170616113744074;2;21.721311475409838
DILMA;16.071428571428573;2;14.215686274509803
DILMA;40.23668639053255;2;23.4375
DILMA;15.294117647058824;2;44.86486486486486
DILMA;30.726256983240223;2;24.675324675324674
DILMA;21.25;2;28.84012539184953
DILMA;16.205533596837945;2;15.309446254071661
DILMA;14.163090128755364;2;17.6056338028169
DILMA;18.59504132231405;2;13.028169014084508
DILMA;20.58823529411765;2;37.16216216216216
DILMA;15.246636771300448;2;8.75
DILMA;20.081967213114755;2;13.14102564102564
DILMA;22.598870056497177;2;32.57918552036199
DILMA;30.81761006289308;2;36.44444444444444
DILMA;33.443708609271525;2;24.55242966751918
DILMA;24.770642201834864;2;24.161073825503355
DILMA;13.422818791946309;2;9.836065573770492
DILMA;18.77133105802048;2;9.154929577464788
DILMA;45.45454545454545;2;20.833333333333332
DILMA;63.095238095238095;2;30.337078651685392
DILMA;20.068027210884352;2;8.264462809917354
DILMA;31.25;2;39.726027397260275
DILMA;49.333333333333336;2;27.835051546391753
DILMA;45.714285714285715;2;46.92307692307692
DILMA;18.674698795180724;2;23.744292237442924
DILMA;25.380710659898476;2;13.278008298755188
DILMA;25.668449197860962;2;17.84037558685446
DILMA;12.949640287769784;2;7.317073170731708
DILMA;17.29106628242075;2;3.2967032967032965
DILMA;18.597560975609756;2;7.526881720430108
DILMA;16.883116883116884;2;14.285714285714286
DILMA;31.52173913043478;2;30.472103004291846
DILMA;23.83419689119171;2;31.620553359683793
DILMA;18.72340425531915;2;17.56756756756757
DILMA;21.08433734939759;2;29.850746268656717
DILMA;28.37837837837838;2;24.90842490842491
DILMA;23.166023166023166;2;19.558359621451103
DILMA;18.410041841004183;2;29.209621993127147
DILMA;20.388349514563107;2;28.42105263157895
DILMA;18.0;2;15.772870662460567
DILMA;22.265625;2;22.448979591836736
DILMA;24.858757062146893;2;23.636363636363637
DILMA;18.49056603773585;2;18.63905325443787
DILMA;16.725978647686834;2;22.96511627906977
DILMA;23.728813559322035;2;20.555555555555557
DILMA;21.64179104477612;2;22.625698324022345
DILMA;19.747899159663866;2;11.987381703470032
DILMA;22.926829268292682;2;27.017543859649123
DILMA;14.201183431952662;2;20.930232558139537
DILMA;14.785992217898833;2;13.134328358208956
DILMA;23.170731707317074;2;26.3681592039801
DILMA;14.624505928853756;2;8.544303797468354
DILMA;23.076923076923077;2;29.707112970711297
DILMA;25.112107623318387;2;31.272727272727273
DILMA;16.05504587155963;2;13.523131672597865
DILMA;24.102564102564102;2;29.88929889298893
DILMA;21.58273381294964;2;36.41304347826087
DILMA;24.496644295302012;2;31.683168316831683
DILMA;22.325581395348838;2;24.90842490842491
DILMA;22.127659574468087;2;16.151202749140893
DILMA;17.343173431734318;2;20.87378640776699
DILMA;21.54696132596685;2;26.940639269406393
DILMA;17.94871794871795;2;18.636363636363637
DILMA;16.939890710382514;2;11.981566820276498
DILMA;21.708185053380785;2;25.358851674641148
DILMA;21.55688622754491;2;35.148514851485146
DILMA;14.84375;2;10.625
DILMA;18.99441340782123;2;10.232558139534884
DILMA;27.93522267206478;2;48.93617021276596
DILMA;25.210084033613445;2;35.54006968641115
DILMA;19.08713692946058;2;19.014084507042252
DILMA;18.88888888888889;2;6.018518518518518
DILMA;30.90909090909091;2;22.66187050359712
DILMA;21.140939597315437;2;33.63636363636363
DILMA;15.2;2;32.80632411067194
DILMA;37.6;2;50.30864197530864
DILMA;14.166666666666666;2;13.793103448275861
DILMA;17.78846153846154;2;21.85185185185185
DILMA;23.03370786516854;2;24.200913242009133
DILMA;31.40495867768595;2;38.65030674846626
DILMA;23.195876288659793;2;16.80672268907563
DILMA;13.186813186813186;2;16.35514018691589
DILMA;38.497652582159624;2;37.704918032786885
DILMA;23.004694835680752;2;20.37037037037037
DILMA;28.125;2;19.069767441860463
DILMA;17.272727272727273;2;15.602836879432624
DILMA;37.55458515283843;2;32.666666666666664
DILMA;30.48780487804878;2;43.63636363636363
DILMA;35.51401869158879;2;24.918032786885245
DILMA;27.155172413793103;2;16.666666666666668
DILMA;34.70319634703196;2;36.303630363036305
DILMA;18.46846846846847;2;12.631578947368421
DILMA;18.303571428571427;2;10.56338028169014
DILMA;35.094339622641506;2;39.75903614457831
DILMA;29.775280898876403;2;29.004329004329005
DILMA;37.11790393013101;2;29.152542372881356
DILMA;21.428571428571427;2;42.731277533039645
DILMA;19.54022988505747;2;9.872611464968152
DILMA;32.30769230769231;2;32.916666666666664
DILMA;36.75675675675676;2;20.524017467248907
DILMA;28.735632183908045;2;26.262626262626263
DILMA;25.0;2;25.862068965517242
DILMA;21.311475409836067;2;13.133640552995391
DILMA;23.056300268096514;2;10.169491525423728
DILMA;26.099706744868037;2;10.626702997275205
DILMA;13.066666666666666;2;4.197530864197531
DILMA;17.17948717948718;2;7.709750566893424
DILMA;16.949152542372882;2;7.048458149779735
DILMA;19.55922865013774;2;9.16030534351145
DILMA;19.060773480662984;2;9.296482412060302
DILMA;21.35135135135135;2;8.270676691729323
DILMA;17.557251908396946;2;9.565217391304348
DILMA;14.722222222222221;2;12.105263157894736
DILMA;14.663461538461538;2;8.351648351648352
DILMA;33.11258278145695;2;22.45508982035928
DILMA;35.46099290780142;2;24.64183381088825
DILMA;25.24590163934426;2;19.494584837545126
DILMA;22.429906542056074;2;8.587257617728532
DILMA;17.741935483870968;2;12.359550561797754
DILMA;20.87227414330218;2;8.672086720867208
DILMA;19.814241486068113;2;10.795454545454545
DILMA;16.86390532544379;2;6.36604774535809
DILMA;15.633423180592992;2;2.696078431372549
DILMA;18.75;2;9.67741935483871
DILMA;26.37795275590551;2;16.25441696113074
DILMA;17.263843648208468;2;5.900621118012422
DILMA;16.541353383458645;2;7.8475336322869955
DILMA;15.223880597014926;2;7.142857142857143
DILMA;24.444444444444443;2;10.985915492957746
DILMA;17.56756756756757;2;4.962779156327543
DILMA;24.390243902439025;2;6.442577030812325
DILMA;18.635170603674542;2;7.211538461538462
DILMA;20.098039215686274;2;8.597285067873303
DILMA;13.136729222520108;2;1.7073170731707317
DILMA;30.76923076923077;2;11.11111111111111
DILMA;16.032608695652176;2;2.4752475247524752
DILMA;35.687732342007436;2;16.9054441260745
DILMA;22.22222222222222;2;10.136986301369863
DILMA;18.229166666666668;2;6.506024096385542
DILMA;12.874251497005988;2;4.324324324324325
DILMA;10.975609756097562;2;6.301369863013699
DILMA;29.166666666666668;2;25.76419213973799
DILMA;26.48221343873518;2;14.946619217081851
DILMA;12.537313432835822;2;6.521739130434782
DILMA;14.444444444444445;2;6.0606060606060606
DILMA;15.384615384615385;2;7.605633802816901
DILMA;21.85929648241206;2;7.482993197278912
DILMA;22.424242424242426;2;10.86350974930362
DILMA;17.771084337349397;2;7.18232044198895
DILMA;19.25133689839572;2;8.716707021791768
DILMA;15.365239294710328;2;8.783783783783784
DILMA;21.661721068249257;2;9.418282548476455
DILMA;12.668463611859838;2;1.4962593516209477
DILMA;12.288135593220339;2;5.617977528089888
DILMA;12.953367875647668;2;4.215456674473068
DILMA;10.893854748603353;2;5.8201058201058204
DILMA;18.92744479495268;2;4.913294797687861
DILMA;11.722488038277511;2;2.4390243902439024
DILMA;12.16931216931217;2;6.862745098039215
DILMA;10.344827586206897;2;1.048951048951049
DILMA;15.864022662889518;2;5.866666666666666
DILMA;14.429530201342281;2;6.1946902654867255
DILMA;13.414634146341463;2;1.9662921348314606
DILMA;15.254237288135593;2;5.047318611987381
DILMA;21.428571428571427;2;5.144694533762058
DILMA;17.478510028653297;2;6.683804627249358
DILMA;15.662650602409638;2;5.149051490514905
DILMA;21.40921409214092;2;13.73873873873874
DILMA;31.715210355987054;2;8.746355685131196
DILMA;35.256410256410255;2;22.685185185185187
DILMA;19.430051813471504;2;9.619686800894854
DILMA;34.163701067615655;2;16.819571865443425
DILMA;19.34426229508197;2;8.181818181818182
DILMA;18.560606060606062;2;6.920415224913495
DILMA;14.044943820224718;2;3.4120734908136483
DILMA;15.0;2;3.8461538461538463
DILMA;9.67741935483871;2;8.333333333333334
DILMA;18.282548476454295;2;7.352941176470588
DILMA;14.42080378250591;2;4.3478260869565215
DILMA;17.92717086834734;2;8.793969849246231
DILMA;17.768595041322314;2;10.902255639097744
DILMA;15.263157894736842;2;3.6144578313253013
DILMA;11.528150134048257;2;4.545454545454546
DILMA;10.824742268041238;2;2.600472813238771
DILMA;20.0;2;4.205607476635514
DILMA;10.060975609756097;2;2.8011204481792715
DILMA;14.084507042253522;2;4.030226700251889
DILMA;13.941018766756033;2;3.676470588235294
DILMA;12.094395280235988;2;4.657534246575342
DILMA;43.542435424354245;2;18.33810888252149
DILMA;14.322250639386189;2;8.277404921700224
DILMA;13.872832369942197;2;8.83838383838384
DILMA;18.322981366459626;2;4.2492917847025495
DILMA;26.068376068376068;2;13.284132841328413
DILMA;13.803680981595091;2;4.054054054054054
DILMA;16.844919786096256;2;8.27250608272506
DILMA;19.565217391304348;2;3.4313725490196076
DILMA;23.463687150837988;2;5.970149253731344
DILMA;14.322916666666666;2;0.9685230024213075
DILMA;28.72340425531915;2;10.670731707317072
DILMA;21.21212121212121;2;11.470588235294118
DILMA;16.40378548895899;2;7.932011331444759
DILMA;21.076233183856502;2;12.109375
DILMA;15.934065934065934;2;3.0848329048843186
DILMA;22.15568862275449;2;10.054347826086957
DILMA;14.361702127659575;2;8.75912408759124
DILMA;16.71641791044776;2;8.91891891891892
DILMA;13.6;2;6.356968215158925
DILMA;30.827067669172934;2;20.74829931972789
DILMA;11.241217798594848;2;5.639913232104122
DILMA;39.3574297188755;2;20.60810810810811
DILMA;25.19083969465649;2;23.270440251572328
DILMA;25.0;2;14.739884393063583
DILMA;12.011173184357542;2;3.45679012345679
DILMA;14.921465968586388;2;1.4388489208633093
DILMA;11.26005361930295;2;4.028436018957346
DILMA;18.87905604719764;2;7.231920199501247
DILMA;13.221153846153847;2;1.5317286652078774
DILMA;31.1864406779661;2;18.181818181818183
DILMA;15.864022662889518;2;7.594936708860759
DILMA;17.153284671532848;2;4.861111111111111
DILMA;13.157894736842104;2;3.6319612590799033
DILMA;16.08040201005025;2;4.464285714285714
DILMA;22.55639097744361;2;15.047021943573668
DILMA;44.72573839662447;2;24.041811846689896
DILMA;13.648293963254593;2;5.594405594405594
DILMA;13.852813852813853;2;4.868913857677903
DILMA;20.34383954154728;2;7.336956521739131
DILMA;24.624624624624623;2;12.466124661246612
DILMA;12.652068126520682;2;4.05982905982906
DILMA;12.430939226519337;2;2.4630541871921183
DILMA;12.595419847328245;2;2.1052631578947367
DILMA;19.310344827586206;2;6.6455696202531644
DILMA;15.517241379310345;2;5.985037406483791
DILMA;18.345323741007196;2;6.188925081433225
DILMA;17.269076305220885;2;6.037735849056604
DILMA;11.023622047244094;2;2.5641025641025643
DILMA;15.0997150997151;2;1.2690355329949239
DILMA;32.0;2;16.320474777448073
DILMA;21.05263157894737;2;9.318181818181818
DILMA;18.233618233618234;2;9.876543209876543
DILMA;53.37837837837838;2;18.674698795180724
DILMA;14.285714285714286;2;2.1739130434782608
DILMA;15.819209039548022;2;6.598984771573604
DILMA;17.515923566878982;2;8.625336927223719
DILMA;13.58695652173913;2;6.334841628959276
DILMA;24.698795180722893;2;13.432835820895523
DILMA;15.025906735751295;2;4.761904761904762
DILMA;14.887640449438202;2;8.115183246073299
DILMA;14.594594594594595;2;10.123456790123457
DILMA;24.770642201834864;2;9.448818897637794
DILMA;25.0814332247557;2;12.860892388451443
DILMA;39.50617283950617;2;11.34020618556701
DILMA;15.536723163841808;2;5.5
DILMA;14.545454545454545;2;10.99476439790576
DILMA;16.292134831460675;2;6.91358024691358
DILMA;21.406727828746178;2;11.052631578947368
DILMA;19.333333333333332;2;6.7073170731707314
DILMA;31.40495867768595;2;16.783216783216783
DILMA;15.217391304347826;2;5.825242718446602
DILMA;17.819148936170212;2;13.375796178343949
DILMA;24.47129909365559;2;20.466321243523318
DILMA;16.455696202531644;2;3.956043956043956
DILMA;24.04092071611253;2;12.803532008830022
DILMA;13.51981351981352;2;5.421686746987952
DILMA;26.903553299492387;2;12.551440329218106
DILMA;10.48951048951049;2;2.140672782874618
DILMA;17.884130982367758;2;9.437751004016064
DILMA;35.625;2;14.07035175879397
DILMA;15.633423180592992;2;7.598039215686274
DILMA;19.047619047619047;2;10.0
DILMA;16.95906432748538;2;13.350125944584383
DILMA;31.496062992125985;2;14.50381679389313
DILMA;12.612612612612613;2;7.8085642317380355
DILMA;9.090909090909092;2;0.75
DILMA;27.058823529411764;2;14.893617021276595
DILMA;15.021459227467812;2;3.053435114503817
DILMA;17.391304347826086;2;13.368983957219251
DILMA;15.536723163841808;2;7.8085642317380355
DILMA;14.47721179624665;2;9.535452322738386
DILMA;33.587786259541986;2;11.656441717791411
DILMA;11.694510739856803;2;4.627766599597585
DILMA;20.155038759689923;2;15.705128205128204
DILMA;19.696969696969695;2;10.831234256926953
DILMA;21.62162162162162;2;11.71875
DILMA;40.0;2;21.16788321167883
DILMA;12.99638989169675;2;9.615384615384615
DILMA;14.018691588785046;2;8.661417322834646
DILMA;14.473684210526315;2;6.896551724137931
DILMA;14.285714285714286;2;5.2631578947368425
DILMA;12.698412698412698;2;8.823529411764707
DILMA;29.23728813559322;2;21.40221402214022
DILMA;19.19191919191919;2;8.258928571428571
DILMA;16.08040201005025;2;8.51528384279476
DILMA;17.452830188679247;2;7.239819004524887
DILMA;15.706806282722512;2;6.971153846153846
DILMA;13.744075829383887;2;2.304147465437788
DILMA;16.486486486486488;2;9.7799511002445
DILMA;14.516129032258064;2;9.565217391304348
DILMA;17.05685618729097;2;10.72463768115942
DILMA;17.034700315457414;2;6.936416184971098
DILMA;20.74074074074074;2;11.805555555555555
DILMA;29.365079365079364;2;21.708185053380785
DILMA;13.375796178343949;2;3.409090909090909
DILMA;12.580645161290322;2;10.115606936416185
DILMA;17.174515235457065;2;12.312312312312311
DILMA;17.452830188679247;2;9.090909090909092
DILMA;13.043478260869565;2;10.434782608695652
DILMA;15.774647887323944;2;4.411764705882353
DILMA;15.300546448087431;2;3.1325301204819276
DILMA;18.03713527851459;2;5.365853658536586
DILMA;13.609467455621301;2;5.2356020942408374
DILMA;22.941176470588236;2;4.324324324324325
DILMA;29.2;2;20.220588235294116
DILMA;23.25581395348837;2;12.365591397849462
DILMA;18.61198738170347;2;16.666666666666668
DILMA;21.451104100946374;2;11.202185792349727
DILMA;22.897196261682243;2;14.857142857142858
DILMA;19.838056680161944;2;9.782608695652174
DILMA;20.622568093385215;2;11.619718309859154
DILMA;23.42007434944238;2;12.837837837837839
DILMA;22.56809338521401;2;12.720848056537102
DILMA;18.13953488372093;2;10.071942446043165
DILMA;22.265625;2;14.492753623188406
DILMA;13.52112676056338;2;5.0
DILMA;14.16184971098266;2;4.75
DILMA;10.422535211267606;2;4.75
DILMA;21.068249258160236;2;11.602209944751381
DILMA;17.52577319587629;2;4.470588235294118
DILMA;13.520408163265307;2;2.823529411764706
DILMA;18.205128205128204;2;6.293706293706293
DILMA;10.755813953488373;2;5.630026809651475
DILMA;16.57608695652174;2;3.6231884057971016
DILMA;16.445623342175065;2;3.1707317073170733
DILMA;29.71698113207547;2;28.35820895522388
DILMA;14.19939577039275;2;4.310344827586207
DILMA;14.12639405204461;2;5.944055944055944
DILMA;15.555555555555555;2;4.026845637583893
DILMA;13.058419243986254;2;5.245901639344262
DILMA;19.23076923076923;2;1.7921146953405018
DILMA;13.358778625954198;2;2.1352313167259784
DILMA;17.15210355987055;2;9.850746268656716
DILMA;22.044728434504794;2;8.13953488372093
DILMA;18.91891891891892;2;6.297229219143577
DILMA;16.721311475409838;2;9.763313609467456
DILMA;26.52173913043478;2;23.79182156133829
DILMA;21.91780821917808;2;7.6452599388379205
DILMA;17.647058823529413;2;10.559006211180124
DILMA;16.107382550335572;2;8.841463414634147
DILMA;13.201320132013201;2;6.948640483383686
DILMA;11.186440677966102;2;4.38871473354232
DILMA;31.59722222222222;2;19.74921630094044
DILMA;11.748633879781421;2;4.842615012106537
DILMA;19.68503937007874;2;8.258928571428571
DILMA;19.346049046321525;2;12.5
DILMA;14.814814814814815;2;10.36036036036036
DILMA;33.50253807106599;2;29.05982905982906
DILMA;13.404825737265416;2;3.712871287128713
DILMA;12.182741116751268;2;2.4213075060532687
DILMA;16.422287390029325;2;5.835543766578249
DILMA;19.65811965811966;2;13.18407960199005
DILMA;16.42651296829971;2;8.641975308641975
DILMA;15.342465753424657;2;11.325301204819278
DILMA;17.073170731707318;2;11.666666666666666
DILMA;16.666666666666668;2;7.584269662921348
DILMA;16.890080428954423;2;5.966587112171838
DILMA;22.802197802197803;2;15.560640732265446
