PSL;0.6134969325153374;4;52.22222222222222
PSL;0.4219409282700422;4;52.592592592592595
PSL;0.3401360544217687;4;44.44444444444444
PSL;0.273224043715847;4;54.27927927927928
PSL;0.2638522427440633;4;51.50812064965197
PSL;0.31746031746031744;4;51.776649746192895
PSL;0.2631578947368421;4;51.45413870246085
PSL;0.42735042735042733;4;56.74603174603175
PSL;0.2949852507374631;4;55.25
PSL;0.2824858757062147;4;52.24274406332454
PSL;0.2506265664160401;4;56.62921348314607
PSL;0.24937655860349128;4;57.62331838565022
PSL;0.2915451895043732;4;45.93908629441624
PSL;0.26737967914438504;4;55.93607305936073
PSL;0.2849002849002849;4;55.25
PSL;0.3937007874015748;4;43.558282208588956
PSL;0.26737967914438504;4;58.666666666666664
PSL;0.2849002849002849;4;55.03685503685504
PSL;0.27100271002710025;4;55.198019801980195
PSL;0.4716981132075472;4;50.5338078291815
PSL;0.625;4;51.23152709359606
PSL;0.4291845493562232;4;53.46534653465346
PSL;0.35714285714285715;4;46.32911392405063
PSL;0.3861003861003861;4;50.692520775623265
PSL;0.36764705882352944;4;51.800554016620495
PSL;0.43103448275862066;4;54.340836012861736
PSL;0.43478260869565216;4;53.205128205128204
PSL;0.373134328358209;4;48.8235294117647
PSL;0.33783783783783783;4;50.0
PSL;0.7662835249042146;4;41.90981432360743
PSL;0.37593984962406013;4;49.859154929577464
PSL;0.45045045045045046;4;48.78048780487805
PSL;0.35714285714285715;4;53.40599455040872
PSL;0.7067137809187279;4;50.38167938931298
PSL;0.3412969283276451;4;49.36061381074169
PSL;0.32786885245901637;4;51.005025125628144
PSL;0.32894736842105265;4;46.56488549618321
PSL;0.3436426116838488;4;48.73737373737374
PSL;0.3115264797507788;4;49.87212276214834
PSL;0.37037037037037035;4;46.62756598240469
PSL;0.4048582995951417;4;49.554896142433236
PSL;0.6688963210702341;4;47.68041237113402
PSL;0.9966777408637874;4;53.403141361256544
PSL;0.42735042735042733;4;53.355704697986575
PSL;0.7905138339920948;4;53.674121405750796
PSL;0.37037037037037035;4;50.95367847411444
PSL;0.37593984962406013;4;50.872093023255815
PSL;0.3389830508474576;4;56.11702127659574
PSL;0.47619047619047616;4;43.70629370629371
PSL;0.8695652173913043;4;51.74418604651163
PSL;0.3125;4;49.746192893401016
PSL;0.3333333333333333;4;56.80628272251309
PSL;0.4716981132075472;4;55.511811023622045
PSL;0.373134328358209;4;48.86363636363637
PSL;0.3787878787878788;4;54.67836257309941
PSL;0.3968253968253968;4;51.18343195266272
PSL;0.5181347150259067;4;43.37748344370861
PSL;0.5617977528089888;4;49.193548387096776
PSL;0.425531914893617;4;47.138047138047135
PSL;0.4098360655737705;4;43.065693430656935
PSL;0.42016806722689076;4;44.40677966101695
PSL;0.49261083743842365;4;46.18473895582329
PSL;0.4878048780487805;4;44.50867052023121
PSL;0.7518796992481203;4;45.138888888888886
PSL;1.7543859649122806;4;39.682539682539684
PSL;0.6711409395973155;4;51.01010101010101
PSL;0.4065040650406504;4;43.558282208588956
PSL;0.4098360655737705;4;48.754448398576514
PSL;0.8333333333333334;4;43.7956204379562
PSL;0.5025125628140703;4;43.258426966292134
PSL;0.3215434083601286;4;49.32614555256065
PSL;0.36764705882352944;4;55.55555555555556
PSL;0.37593984962406013;4;49.70238095238095
PSL;0.5050505050505051;4;53.28185328185328
PSL;0.4065040650406504;4;52.20338983050848
PSL;0.39215686274509803;4;51.9434628975265
PSL;0.3952569169960474;4;47.35099337748344
PSL;0.6622516556291391;4;46.875
PSL;0.390625;4;48.4472049689441
PSL;0.4132231404958678;4;51.76056338028169
PSL;0.6024096385542169;4;47.48858447488585
PSL;0.5494505494505495;4;46.44351464435147
PSL;0.390625;4;43.125
PSL;0.37735849056603776;4;50.903614457831324
PSL;0.4366812227074236;4;42.3728813559322
PSL;0.273224043715847;4;44.70046082949309
PSL;0.2544529262086514;4;59.78260869565217
PSL;0.3546099290780142;4;46.41833810888252
PSL;0.24509803921568626;4;56.56108597285068
PSL;0.25125628140703515;4;53.96825396825397
PSL;0.30303030303030304;4;53.760445682451255
PSL;0.26737967914438504;4;53.26876513317191
PSL;0.6410256410256411;4;42.129629629629626
PSL;0.4132231404958678;4;51.50375939849624
PSL;0.2680965147453083;4;52.87081339712919
PSL;0.3546099290780142;4;49.69512195121951
PSL;0.3367003367003367;4;47.05882352941177
PSL;0.27472527472527475;4;54.498714652956295
PSL;0.37593984962406013;4;51.36054421768708
PSL;0.2617801047120419;4;50.83932853717026
PSL;0.3333333333333333;4;48.367952522255194
PSL;0.3105590062111801;4;56.149732620320854
PSL;0.4716981132075472;4;53.67965367965368
PSL;0.31545741324921134;4;53.763440860215056
PSL;0.29673590504451036;4;51.65745856353591
PSL;0.43478260869565216;4;48.698884758364315
PSL;0.2849002849002849;4;59.45273631840796
