DILMA;25.510204081632654;5;7.981220657276995
DILMA;19.196428571428573;5;24.686192468619247
DILMA;20.833333333333332;5;19.71014492753623
DILMA;20.063694267515924;5;16.045845272206304
DILMA;16.363636363636363;5;7.377049180327869
DILMA;22.274881516587676;5;3.389830508474576
DILMA;17.171717171717173;5;7.906976744186046
DILMA;17.791411042944784;5;5.0
DILMA;21.558441558441558;5;16.10576923076923
DILMA;16.75392670157068;5;15.328467153284672
DILMA;19.047619047619047;5;11.450381679389313
DILMA;26.495726495726494;5;11.320754716981131
DILMA;27.272727272727273;5;5.524861878453039
DILMA;18.42105263157895;5;7.042253521126761
DILMA;22.362869198312236;5;11.851851851851851
DILMA;13.503649635036496;5;7.590759075907591
DILMA;17.098445595854923;5;4.716981132075472
DILMA;23.497267759562842;5;24.50980392156863
DILMA;24.15730337078652;5;18.90547263681592
DILMA;17.41741741741742;5;6.770833333333333
DILMA;17.333333333333332;5;34.54545454545455
DILMA;14.347826086956522;5;7.258064516129032
DILMA;25.980392156862745;5;14.410480349344978
DILMA;27.027027027027028;5;11.25
DILMA;17.435897435897434;5;21.709006928406467
DILMA;20.408163265306122;5;22.93577981651376
DILMA;16.071428571428573;5;30.96330275229358
DILMA;20.388349514563107;5;6.140350877192983
DILMA;18.613138686131386;5;24.503311258278146
DILMA;16.883116883116884;5;13.017751479289942
DILMA;22.68041237113402;5;11.711711711711711
DILMA;19.306930693069308;5;9.90990990990991
DILMA;20.574162679425836;5;7.239819004524887
DILMA;24.770642201834864;5;3.141361256544503
DILMA;28.91156462585034;5;21.05263157894737
DILMA;22.916666666666668;5;5.882352941176471
DILMA;17.933130699088146;5;12.365591397849462
DILMA;17.934782608695652;5;1.5873015873015872
DILMA;19.672131147540984;5;41.33738601823708
DILMA;21.51394422310757;5;28.04428044280443
DILMA;14.423076923076923;5;3.587443946188341
DILMA;17.307692307692307;5;9.090909090909092
DILMA;21.066666666666666;5;30.62645011600928
DILMA;24.415584415584416;5;20.0
DILMA;22.22222222222222;5;8.994708994708995
DILMA;16.526610644257705;5;18.592964824120603
DILMA;17.081850533807827;5;23.588039867109636
DILMA;17.008797653958943;5;21.05263157894737
DILMA;16.095890410958905;5;26.878612716763005
DILMA;17.22689075630252;5;19.366197183098592
DILMA;17.117117117117118;5;41.8848167539267
DILMA;14.418604651162791;5;48.4304932735426
DILMA;17.131474103585656;5;11.397058823529411
DILMA;16.145833333333332;5;12.98076923076923
DILMA;19.877675840978593;5;16.710182767624023
DILMA;17.12707182320442;5;17.46031746031746
DILMA;14.285714285714286;5;24.277456647398843
DILMA;20.975609756097562;5;11.52073732718894
DILMA;21.55388471177945;5;24.16851441241685
DILMA;19.895287958115183;5;6.542056074766355
DILMA;21.18380062305296;5;24.705882352941178
DILMA;18.507462686567163;5;23.7467018469657
DILMA;14.423076923076923;5;12.608695652173912
DILMA;20.72829131652661;5;7.425742574257426
DILMA;21.13095238095238;5;14.525139664804469
DILMA;18.13953488372093;5;16.883116883116884
DILMA;12.600536193029491;5;25.11520737327189
DILMA;21.818181818181817;5;29.226361031518625
DILMA;22.3433242506812;5;29.86111111111111
DILMA;19.81566820276498;5;9.82905982905983
DILMA;20.39660056657224;5;20.707070707070706
DILMA;22.083333333333332;5;41.732283464566926
DILMA;23.497267759562842;5;25.88235294117647
DILMA;18.34061135371179;5;18.0
DILMA;16.097560975609756;5;13.821138211382113
DILMA;23.206751054852322;5;2.962962962962963
DILMA;14.537444933920705;5;6.147540983606557
DILMA;22.83653846153846;5;19.264069264069263
DILMA;19.93127147766323;5;20.058139534883722
DILMA;19.714285714285715;5;23.46938775510204
DILMA;13.454545454545455;5;13.377926421404682
DILMA;18.99441340782123;5;7.389162561576355
DILMA;16.161616161616163;5;28.994082840236686
DILMA;15.929203539823009;5;19.02834008097166
DILMA;18.617021276595743;5;39.51219512195122
DILMA;16.955017301038062;5;28.862973760932945
DILMA;19.672131147540984;5;23.16176470588235
DILMA;17.67676767676768;5;24.537037037037038
DILMA;24.86631016042781;5;23.181818181818183
DILMA;20.218579234972676;5;20.495495495495497
DILMA;16.402116402116402;5;28.863636363636363
DILMA;17.21518987341772;5;33.92070484581498
DILMA;19.25;5;28.666666666666668
DILMA;17.70186335403727;5;17.613636363636363
DILMA;16.091954022988507;5;10.256410256410257
DILMA;19.74921630094044;5;38.285714285714285
DILMA;13.526570048309178;5;36.72566371681416
DILMA;18.911174785100286;5;27.93733681462141
DILMA;16.886543535620053;5;28.53828306264501
DILMA;15.97938144329897;5;44.01913875598086
DILMA;21.631205673758867;5;18.125
DILMA;22.71386430678466;5;36.675461741424805
DILMA;28.26086956521739;5;31.136363636363637
DILMA;15.53133514986376;5;27.85388127853881
DILMA;16.50793650793651;5;38.29201101928375
DILMA;20.0;5;37.468982630272954
DILMA;17.36842105263158;5;36.54708520179372
DILMA;14.864864864864865;5;30.839002267573697
DILMA;16.034985422740526;5;49.87012987012987
DILMA;18.681318681318682;5;37.06467661691542
DILMA;21.11111111111111;5;31.862745098039216
DILMA;15.856777493606138;5;30.176211453744493
DILMA;30.346820809248555;5;32.53333333333333
DILMA;15.584415584415584;5;43.91891891891892
DILMA;15.492957746478874;5;34.4559585492228
DILMA;19.261213720316622;5;34.375
DILMA;13.577023498694517;5;42.152466367713004
DILMA;14.24731182795699;5;31.422018348623855
DILMA;18.351063829787233;5;32.7906976744186
DILMA;16.129032258064516;5;10.454545454545455
DILMA;29.081632653061224;5;38.986784140969164
DILMA;19.756838905775076;5;29.18918918918919
DILMA;15.601023017902813;5;34.08577878103837
DILMA;17.251461988304094;5;39.322916666666664
DILMA;23.14814814814815;5;37.534246575342465
DILMA;22.53968253968254;5;30.96446700507614
DILMA;32.20338983050848;5;28.571428571428573
DILMA;18.627450980392158;5;54.22740524781341
DILMA;22.352941176470587;5;21.717171717171716
DILMA;17.91530944625407;5;35.632183908045974
DILMA;21.717171717171716;5;17.82608695652174
DILMA;12.565445026178011;5;35.30751708428246
DILMA;24.345549738219894;5;33.78076062639821
DILMA;16.554054054054053;5;31.83183183183183
DILMA;21.31979695431472;5;29.41176470588235
DILMA;16.623376623376622;5;24.60850111856823
DILMA;15.856777493606138;5;24.48512585812357
DILMA;17.933130699088146;5;26.342710997442456
DILMA;17.105263157894736;5;26.50334075723831
DILMA;14.790996784565916;5;23.796033994334277
DILMA;20.157068062827225;5;24.719101123595507
DILMA;32.947976878612714;5;16.176470588235293
DILMA;18.068535825545172;5;17.333333333333332
DILMA;17.662337662337663;5;20.267260579064587
DILMA;16.853932584269664;5;30.9255079006772
DILMA;17.56756756756757;5;21.271393643031786
DILMA;16.778523489932887;5;22.941176470588236
DILMA;15.877437325905293;5;19.40639269406393
DILMA;10.909090909090908;5;24.053452115812917
DILMA;16.56441717791411;5;24.083769633507853
DILMA;16.358839050131927;5;20.89887640449438
DILMA;20.0;5;27.17948717948718
DILMA;20.54054054054054;5;19.721577726218097
DILMA;28.83211678832117;5;20.0
DILMA;25.55205047318612;5;20.844327176781004
DILMA;16.822429906542055;5;20.670391061452513
DILMA;21.329639889196677;5;22.779043280182233
DILMA;18.674698795180724;5;33.07888040712468
DILMA;21.05263157894737;5;26.174496644295303
DILMA;17.94871794871795;5;22.22222222222222
DILMA;21.0727969348659;5;22.45614035087719
DILMA;21.73913043478261;5;30.46875
DILMA;22.10242587601078;5;24.686192468619247
DILMA;20.66115702479339;5;24.465558194774346
DILMA;20.30075187969925;5;25.502008032128515
DILMA;22.392638036809817;5;29.545454545454547
DILMA;18.932038834951456;5;30.041152263374485
DILMA;14.245014245014245;5;25.75
DILMA;17.757009345794394;5;28.776978417266186
DILMA;19.014084507042252;5;27.766599597585515
DILMA;20.384615384615383;5;16.433566433566433
DILMA;19.911504424778762;5;13.524590163934427
DILMA;22.857142857142858;5;29.801324503311257
DILMA;17.066666666666666;5;27.313769751693002
DILMA;15.894039735099337;5;26.50602409638554
DILMA;20.597014925373134;5;24.869109947643977
DILMA;23.80952380952381;5;27.82608695652174
DILMA;16.176470588235293;5;30.72289156626506
DILMA;19.047619047619047;5;28.427419354838708
DILMA;22.84263959390863;5;21.011673151750973
DILMA;15.267175572519085;5;28.125
DILMA;19.157088122605366;5;30.368098159509202
DILMA;18.385650224215247;5;12.704918032786885
DILMA;15.596330275229358;5;23.015873015873016
DILMA;16.666666666666668;5;26.74418604651163
DILMA;20.307692307692307;5;9.803921568627452
DILMA;16.53543307086614;5;10.921501706484642
DILMA;20.14388489208633;5;31.73076923076923
DILMA;23.529411764705884;5;27.508090614886733
DILMA;20.714285714285715;5;29.712460063897762
DILMA;20.072992700729927;5;31.511254019292604
DILMA;16.990291262135923;5;31.896551724137932
DILMA;22.105263157894736;5;34.177215189873415
DILMA;21.717171717171716;5;22.247191011235955
DILMA;16.071428571428573;5;14.893617021276595
DILMA;19.90950226244344;5;13.414634146341463
DILMA;18.226600985221676;5;21.68141592920354
DILMA;16.666666666666668;5;10.915492957746478
DILMA;19.047619047619047;5;25.392670157068064
DILMA;16.207951070336392;5;32.15258855585831
DILMA;15.223880597014926;5;32.28346456692913
DILMA;21.533923303834808;5;29.75
DILMA;19.213973799126638;5;14.396887159533074
DILMA;26.08695652173913;5;16.600790513833992
DILMA;22.594142259414227;5;18.146718146718147
DILMA;21.57676348547718;5;14.492753623188406
DILMA;17.180616740088105;5;18.503937007874015
DILMA;13.973799126637555;5;20.930232558139537
DILMA;20.62780269058296;5;14.46808510638298
DILMA;19.289340101522843;5;18.46846846846847
DILMA;17.48633879781421;5;22.065727699530516
DILMA;21.02803738317757;5;12.340425531914894
DILMA;22.4390243902439;5;15.283842794759826
DILMA;18.4;5;23.357664233576642
DILMA;42.435424354243544;5;10.869565217391305
DILMA;27.868852459016395;5;1.7937219730941705
DILMA;18.13031161473088;5;16.3265306122449
DILMA;16.939890710382514;5;20.603015075376884
DILMA;20.218579234972676;5;10.945273631840797
DILMA;17.97752808988764;5;13.5
DILMA;17.679558011049725;5;12.105263157894736
DILMA;17.587939698492463;5;12.631578947368421
DILMA;15.044247787610619;5;35.59782608695652
DILMA;12.852664576802507;5;45.86894586894587
DILMA;16.614420062695924;5;34.26183844011142
DILMA;15.819209039548022;5;54.35356200527705
DILMA;32.234432234432234;5;17.391304347826086
DILMA;14.5;5;35.426008968609864
DILMA;12.0;5;48.93048128342246
DILMA;46.236559139784944;5;37.08206686930091
DILMA;27.531645569620252;5;35.35911602209945
DILMA;28.37837837837838;5;32.93413173652694
DILMA;18.045112781954888;5;42.247191011235955
DILMA;15.71072319201995;5;41.03139013452915
DILMA;14.855072463768115;5;48.717948717948715
DILMA;14.603174603174603;5;43.731778425655975
DILMA;10.526315789473685;5;32.70142180094787
DILMA;27.697841726618705;5;20.353982300884955
DILMA;23.61516034985423;5;39.08629441624365
DILMA;13.897280966767372;5;45.62841530054645
DILMA;16.120906801007557;5;39.86636971046771
DILMA;47.766323024054984;5;31.693989071038253
DILMA;29.714285714285715;5;33.333333333333336
DILMA;11.046511627906977;5;47.567567567567565
DILMA;12.844036697247706;5;30.833333333333332
DILMA;28.859060402684563;5;36.58536585365854
DILMA;27.946127946127945;5;26.956521739130434
DILMA;36.22047244094488;5;25.889967637540455
DILMA;27.796610169491526;5;33.2378223495702
DILMA;10.606060606060606;5;51.83098591549296
DILMA;35.49488054607509;5;43.93063583815029
DILMA;11.910669975186105;5;38.35920177383592
DILMA;17.478510028653297;5;44.584382871536526
DILMA;22.023809523809526;5;21.363636363636363
DILMA;12.181303116147308;5;44.44444444444444
DILMA;9.480122324159021;5;49.86149584487535
DILMA;16.91842900302115;5;37.04735376044568
DILMA;13.86861313868613;5;53.333333333333336
DILMA;13.119533527696793;5;37.60217983651226
DILMA;66.53543307086615;5;24.06779661016949
DILMA;14.137931034482758;5;33.546325878594246
DILMA;12.647058823529411;5;45.0402144772118
DILMA;13.10344827586207;5;47.756410256410255
DILMA;16.70886075949367;5;40.136054421768705
DILMA;19.71014492753623;5;44.783715012722645
DILMA;25.668449197860962;5;37.67123287671233
DILMA;15.652173913043478;5;35.233160621761655
DILMA;17.647058823529413;5;35.27918781725889
DILMA;12.864077669902912;5;46.63677130044843
DILMA;9.06515580736544;5;46.07329842931937
DILMA;13.333333333333334;5;18.543046357615893
DILMA;13.178294573643411;5;43.468468468468465
DILMA;29.36802973977695;5;36.25730994152047
DILMA;13.135593220338983;5;36.96498054474708
DILMA;16.615384615384617;5;39.8876404494382
DILMA;12.27621483375959;5;47.56380510440835
DILMA;13.128491620111731;5;37.5
DILMA;20.858895705521473;5;41.111111111111114
DILMA;10.199004975124378;5;44.713656387665196
DILMA;40.51094890510949;5;34.954407294832826
DILMA;10.662824207492795;5;42.41645244215938
DILMA;14.661654135338345;5;17.449664429530202
DILMA;29.807692307692307;5;39.44444444444444
DILMA;18.823529411764707;5;34.84848484848485
DILMA;28.333333333333332;5;24.719101123595507
DILMA;10.526315789473685;5;36.04060913705584
DILMA;14.540816326530612;5;37.83783783783784
DILMA;15.776081424936386;5;42.081447963800905
DILMA;14.857142857142858;5;49.743589743589745
DILMA;11.073825503355705;5;26.82215743440233
DILMA;13.506493506493506;5;34.831460674157306
DILMA;17.934782608695652;5;16.097560975609756
DILMA;11.042944785276074;5;33.2409972299169
DILMA;16.38888888888889;5;28.68020304568528
DILMA;13.170731707317072;5;36.711711711711715
DILMA;17.45562130177515;5;30.303030303030305
DILMA;21.188630490956072;5;31.306306306306308
DILMA;10.429447852760736;5;24.184782608695652
DILMA;10.204081632653061;5;30.05181347150259
DILMA;13.300492610837438;5;19.501133786848072
DILMA;35.483870967741936;5;21.241830065359476
DILMA;15.217391304347826;5;23.12775330396476
DILMA;15.168539325842696;5;17.67676767676768
DILMA;21.119592875318066;5;25.27964205816555
DILMA;12.280701754385966;5;17.05607476635514
DILMA;13.28125;5;19.11111111111111
DILMA;16.86046511627907;5;23.979591836734695
DILMA;18.289085545722713;5;26.41025641025641
DILMA;12.436548223350254;5;21.300448430493272
DILMA;11.029411764705882;5;17.50841750841751
DILMA;15.895953757225433;5;30.569948186528496
DILMA;21.03448275862069;5;18.210862619808307
DILMA;10.909090909090908;5;15.36388140161725
DILMA;17.404129793510325;5;21.428571428571427
DILMA;14.110429447852761;5;21.428571428571427
DILMA;29.15129151291513;5;19.186046511627907
DILMA;14.779874213836479;5;27.2
DILMA;18.91025641025641;5;24.48377581120944
DILMA;12.222222222222221;5;20.58823529411765
DILMA;16.164383561643834;5;23.891625615763548
DILMA;25.0;5;12.98342541436464
DILMA;17.045454545454547;5;18.205128205128204
DILMA;13.399503722084367;5;15.521064301552107
DILMA;46.64179104477612;5;13.477088948787062
DILMA;14.534883720930232;5;19.3717277486911
DILMA;29.454545454545453;5;20.238095238095237
DILMA;17.59776536312849;5;20.930232558139537
DILMA;13.105413105413106;5;19.896640826873384
DILMA;11.733333333333333;5;29.894179894179896
DILMA;31.896551724137932;5;18.543046357615893
DILMA;19.29824561403509;5;1.3333333333333333
DILMA;13.846153846153847;5;29.69187675070028
DILMA;13.043478260869565;5;2.7027027027027026
DILMA;13.274336283185841;5;21.899736147757256
DILMA;14.325068870523417;5;25.77319587628866
DILMA;13.68421052631579;5;25.233644859813083
DILMA;14.759036144578314;5;29.014084507042252
DILMA;12.776412776412776;5;18.120805369127517
DILMA;13.194444444444445;5;19.696969696969695
DILMA;17.58957654723127;5;22.282608695652176
DILMA;34.48275862068966;5;15.105740181268882
DILMA;19.148936170212767;5;28.074245939675173
DILMA;32.95880149812734;5;21.72523961661342
DILMA;20.05730659025788;5;22.167487684729064
DILMA;18.03713527851459;5;23.908045977011493
DILMA;14.838709677419354;5;21.02102102102102
DILMA;16.31419939577039;5;28.726287262872628
DILMA;14.882506527415144;5;14.476614699331849
DILMA;15.277777777777779;5;22.043010752688172
DILMA;18.13186813186813;5;15.49636803874092
DILMA;10.658307210031348;5;29.096045197740114
DILMA;15.0;5;20.754716981132077
DILMA;32.394366197183096;5;13.294797687861271
DILMA;17.223650385604113;5;29.069767441860463
DILMA;21.022727272727273;5;26.41509433962264
DILMA;18.181818181818183;5;20.474777448071215
DILMA;15.957446808510639;5;30.65326633165829
DILMA;15.691489361702128;5;20.495495495495497
DILMA;11.845730027548209;5;22.950819672131146
DILMA;19.946091644204852;5;25.39325842696629
DILMA;15.384615384615385;5;20.235294117647058
DILMA;14.520547945205479;5;21.73913043478261
DILMA;12.747875354107649;5;25.5
DILMA;22.22222222222222;5;32.773109243697476
DILMA;17.37704918032787;5;21.791044776119403
DILMA;15.406162464985995;5;30.18867924528302
DILMA;14.893617021276595;5;22.48062015503876
DILMA;23.36182336182336;5;29.75
DILMA;15.750915750915752;5;28.877005347593585
DILMA;12.236286919831224;5;16.363636363636363
DILMA;17.073170731707318;5;31.192660550458715
DILMA;15.568862275449101;5;20.833333333333332
DILMA;20.12578616352201;5;17.613636363636363
DILMA;18.803418803418804;5;22.595078299776286
DILMA;14.285714285714286;5;22.22222222222222
DILMA;14.50381679389313;5;20.26578073089701
DILMA;21.22905027932961;5;23.636363636363637
DILMA;13.333333333333334;5;20.0
DILMA;15.384615384615385;5;15.533980582524272
DILMA;20.408163265306122;5;27.932960893854748
DILMA;17.647058823529413;5;15.254237288135593
DILMA;18.91891891891892;5;22.105263157894736
DILMA;17.91530944625407;5;16.901408450704224
DILMA;16.459627329192546;5;24.507042253521128
DILMA;13.548387096774194;5;26.30057803468208
DILMA;39.76377952755905;5;25.460122699386503
DILMA;13.80281690140845;5;22.12121212121212
DILMA;13.978494623655914;5;16.915422885572138
DILMA;21.195652173913043;5;17.5
DILMA;17.46987951807229;5;27.688172043010752
DILMA;15.789473684210526;5;28.88283378746594
DILMA;14.733542319749215;5;27.493261455525605
DILMA;9.701492537313433;5;22.40802675585284
DILMA;11.02661596958175;5;26.87074829931973
DILMA;17.428571428571427;5;12.820512820512821
DILMA;16.80911680911681;5;12.72264631043257
DILMA;40.225563909774436;5;23.404255319148938
DILMA;8.55457227138643;5;28.534031413612567
DILMA;16.75977653631285;5;7.368421052631579
DILMA;14.024390243902438;5;43.646408839779006
DILMA;14.805194805194805;5;24.651162790697676
DILMA;17.28723404255319;5;27.166276346604217
DILMA;18.666666666666668;5;17.906976744186046
DILMA;14.824797843665769;5;23.696682464454977
DILMA;16.182572614107883;5;9.505703422053232
DILMA;19.758064516129032;5;8.171206225680933
DILMA;14.893617021276595;5;16.34980988593156
DILMA;29.26829268292683;5;5.504587155963303
DILMA;13.66120218579235;5;17.412935323383085
DILMA;20.670391061452513;5;5.641025641025641
DILMA;14.525139664804469;5;13.020833333333334
DILMA;17.197452229299362;5;20.0
DILMA;15.451895043731778;5;21.963824289405686
DILMA;15.44943820224719;5;21.44702842377261
DILMA;18.26625386996904;5;22.969187675070028
DILMA;18.84498480243161;5;27.900552486187845
DILMA;14.285714285714286;5;21.71945701357466
DILMA;12.121212121212121;5;23.451327433628318
DILMA;36.8421052631579;5;0.46511627906976744
DILMA;11.594202898550725;5;29.56989247311828
DILMA;16.573033707865168;5;20.356234096692113
DILMA;18.591549295774648;5;17.602040816326532
DILMA;18.181818181818183;5;18.852459016393443
DILMA;16.923076923076923;5;21.22641509433962
DILMA;17.112299465240643;5;24.88888888888889
DILMA;19.104477611940297;5;19.059405940594058
DILMA;19.273743016759777;5;25.37313432835821
DILMA;20.22792022792023;5;32.432432432432435
DILMA;17.045454545454547;5;34.02061855670103
DILMA;29.10958904109589;5;9.01639344262295
DILMA;13.150684931506849;5;19.64735516372796
DILMA;16.486486486486488;5;21.391752577319586
DILMA;17.052023121387283;5;25.44987146529563
DILMA;14.112903225806452;5;12.639405204460967
DILMA;13.623978201634877;5;22.35872235872236
DILMA;10.526315789473685;5;18.867924528301888
DILMA;15.725806451612904;5;13.846153846153847
DILMA;10.839160839160838;5;21.428571428571427
DILMA;12.544802867383513;5;47.61904761904762
DILMA;15.104166666666666;5;22.666666666666668
DILMA;26.440677966101696;5;19.94535519125683
DILMA;16.358839050131927;5;19.10112359550562
DILMA;15.0;5;21.973094170403588
DILMA;18.367346938775512;5;26.444444444444443
DILMA;19.52054794520548;5;35.646687697160885
DILMA;16.666666666666668;5;20.238095238095237
DILMA;11.656441717791411;5;22.22222222222222
DILMA;14.16184971098266;5;25.319693094629155
DILMA;13.994169096209912;5;20.71611253196931
DILMA;18.495297805642632;5;25.96685082872928
DILMA;29.41176470588235;5;33.51648351648352
DILMA;13.26530612244898;5;39.62703962703963
DILMA;15.656565656565656;5;17.272727272727273
DILMA;12.88659793814433;5;38.388625592417064
DILMA;27.761194029850746;5;30.581039755351682
DILMA;12.56281407035176;5;20.945945945945947
DILMA;11.380145278450364;5;28.47682119205298
DILMA;12.745098039215685;5;21.428571428571427
DILMA;10.591133004926109;5;30.580357142857142
DILMA;12.466124661246612;5;37.12871287128713
DILMA;39.63963963963964;5;18.86120996441281
DILMA;35.16949152542373;5;19.841269841269842
DILMA;34.92063492063492;5;26.567164179104477
DILMA;43.50282485875706;5;13.333333333333334
DILMA;43.111111111111114;5;33.21917808219178
DILMA;36.69724770642202;5;33.79790940766551
DILMA;44.01709401709402;5;38.26714801444043
DILMA;36.24454148471616;5;21.79930795847751
DILMA;39.473684210526315;5;12.280701754385966
DILMA;40.43478260869565;5;21.73913043478261
DILMA;37.96296296296296;5;25.34722222222222
DILMA;35.111111111111114;5;13.167259786476869
DILMA;42.731277533039645;5;21.50537634408602
DILMA;38.13953488372093;5;21.673003802281368
DILMA;42.857142857142854;5;21.45748987854251
DILMA;47.32142857142857;5;37.45704467353952
DILMA;36.21621621621622;5;37.5
DILMA;39.42307692307692;5;16.22641509433962
DILMA;38.17427385892116;5;29.12621359223301
DILMA;47.808764940239044;5;24.705882352941178
DILMA;40.09661835748792;5;24.537037037037038
DILMA;40.43478260869565;5;41.605839416058394
DILMA;40.0;5;18.79432624113475
DILMA;34.32203389830509;5;65.7439446366782
DILMA;36.986301369863014;5;24.489795918367346
DILMA;58.333333333333336;5;33.333333333333336
DILMA;82.67716535433071;5;30.08130081300813
DILMA;73.39449541284404;5;25.19083969465649
DILMA;70.71428571428571;5;30.97345132743363
DILMA;14.285714285714286;5;26.85185185185185
DILMA;45.16129032258065;5;28.235294117647058
DILMA;40.56603773584906;5;20.284697508896798
DILMA;39.34426229508197;5;14.0
DILMA;48.76543209876543;5;18.89763779527559
DILMA;43.61702127659574;5;14.054054054054054
DILMA;44.97607655502392;5;23.42007434944238
DILMA;31.756756756756758;5;15.028901734104046
DILMA;50.72463768115942;5;15.853658536585366
DILMA;57.05521472392638;5;14.84375
DILMA;39.38053097345133;5;23.026315789473685
DILMA;36.563876651982376;5;25.0814332247557
DILMA;37.30769230769231;5;21.32867132867133
DILMA;37.102473498233216;5;24.2320819112628
DILMA;29.611650485436893;5;22.22222222222222
DILMA;24.025974025974026;5;20.100502512562816
DILMA;6.722689075630252;5;27.741935483870968
DILMA;50.0;5;29.918032786885245
DILMA;48.57142857142857;5;25.31645569620253
DILMA;19.375;5;23.15270935960591
DILMA;22.746781115879827;5;15.841584158415841
DILMA;35.741444866920155;5;15.517241379310345
DILMA;22.55639097744361;5;16.455696202531644
DILMA;49.18032786885246;5;38.35616438356164
DILMA;20.714285714285715;5;15.69620253164557
DILMA;25.78397212543554;5;20.603015075376884
DILMA;21.428571428571427;5;20.10723860589812
DILMA;21.245421245421245;5;23.9010989010989
DILMA;25.096525096525095;5;21.606648199445985
DILMA;21.691176470588236;5;21.606648199445985
DILMA;24.456521739130434;5;11.475409836065573
DILMA;23.295454545454547;5;9.795918367346939
DILMA;23.70689655172414;5;20.257234726688104
DILMA;24.41860465116279;5;23.121387283236995
DILMA;29.46058091286307;5;22.115384615384617
DILMA;26.956521739130434;5;21.153846153846153
DILMA;22.65625;5;24.203821656050955
DILMA;26.970954356846473;5;23.867069486404834
DILMA;30.223880597014926;5;23.823529411764707
DILMA;23.728813559322035;5;26.737967914438503
DILMA;26.35135135135135;5;27.925531914893618
DILMA;25.080385852090032;5;22.531645569620252
DILMA;24.333333333333332;5;19.437340153452684
DILMA;20.689655172413794;5;25.19893899204244
DILMA;31.203007518796994;5;20.845070422535212
DILMA;21.568627450980394;5;22.340425531914892
DILMA;28.37837837837838;5;29.26829268292683
DILMA;26.053639846743295;5;23.224043715846996
DILMA;28.928571428571427;5;23.978201634877383
DILMA;22.340425531914892;5;22.82051282051282
DILMA;21.908127208480565;5;17.302798982188296
DILMA;24.573378839590443;5;16.36828644501279
DILMA;28.8135593220339;5;12.133891213389122
DILMA;25.146198830409357;5;10.0418410041841
DILMA;28.436018957345972;5;22.75862068965517
DILMA;26.778242677824267;5;21.44927536231884
DILMA;27.31958762886598;5;19.736842105263158
DILMA;31.80327868852459;5;30.402010050251256
DILMA;33.440514469453376;5;28.391959798994975
DILMA;42.508710801393725;5;16.120906801007557
DILMA;35.85526315789474;5;26.208651399491096
DILMA;40.549828178694156;5;25.252525252525253
DILMA;36.271186440677965;5;20.707070707070706
DILMA;39.23076923076923;5;30.555555555555557
DILMA;36.462093862815884;5;32.96398891966759
DILMA;40.67796610169491;5;28.860759493670887
DILMA;26.79127725856698;5;18.67007672634271
DILMA;41.666666666666664;5;22.84263959390863
DILMA;41.355932203389834;5;27.94871794871795
DILMA;42.532467532467535;5;31.89873417721519
DILMA;26.200873362445414;5;22.53968253968254
DILMA;22.68041237113402;5;25.40106951871658
DILMA;27.40740740740741;5;15.835777126099707
DILMA;24.344569288389515;5;22.608695652173914
DILMA;18.62348178137652;5;22.551928783382788
DILMA;43.24324324324324;5;15.2317880794702
DILMA;41.666666666666664;5;39.33161953727507
DILMA;25.752508361204015;5;17.010309278350515
DILMA;35.84905660377358;5;28.15126050420168
DILMA;24.154589371980677;5;43.309859154929576
DILMA;24.257425742574256;5;59.583333333333336
DILMA;23.228346456692915;5;65.2037617554859
DILMA;24.0;5;40.93567251461988
DILMA;35.256410256410255;5;36.40167364016737
DILMA;23.694779116465863;5;51.446945337620576
DILMA;23.10924369747899;5;62.22222222222222
DILMA;23.417721518987342;5;58.333333333333336
DILMA;20.233463035019454;5;67.6737160120846
DILMA;27.309236947791163;5;19.883040935672515
DILMA;23.25581395348837;5;40.83769633507853
DILMA;29.914529914529915;5;68.45637583892618
DILMA;40.64748201438849;5;41.26984126984127
DILMA;23.076923076923077;5;46.29156010230179
DILMA;19.76284584980237;5;64.85623003194888
DILMA;24.409448818897637;5;47.46835443037975
DILMA;37.01298701298701;5;28.270042194092827
DILMA;21.363636363636363;5;40.13157894736842
DILMA;23.134328358208954;5;16.71641791044776
DILMA;28.755364806866954;5;22.115384615384617
DILMA;31.40495867768595;5;16.76300578034682
DILMA;18.75;5;18.9873417721519
DILMA;18.502202643171806;5;17.73049645390071
DILMA;29.721362229102166;5;18.072289156626507
DILMA;18.218623481781375;5;23.69942196531792
DILMA;24.056603773584907;5;30.970149253731343
DILMA;48.1981981981982;5;22.352941176470587
DILMA;32.5;5;28.651685393258425
DILMA;26.96629213483146;5;25.441696113074205
DILMA;36.13861386138614;5;18.151815181518153
DILMA;39.11290322580645;5;16.9054441260745
DILMA;27.77777777777778;5;25.068119891008173
DILMA;19.047619047619047;5;14.566929133858268
DILMA;21.804511278195488;5;9.593023255813954
DILMA;26.460481099656356;5;18.80108991825613
DILMA;21.694915254237287;5;11.436170212765957
DILMA;19.488817891373802;5;14.50381679389313
DILMA;29.677419354838708;5;31.27962085308057
DILMA;9.852216748768473;5;28.719723183391004
DILMA;5.555555555555555;5;3.8461538461538463
DILMA;46.753246753246756;5;27.102803738317757
DILMA;31.407942238267147;5;17.183098591549296
DILMA;37.903225806451616;5;3.048780487804878
DILMA;35.80246913580247;5;20.73170731707317
DILMA;51.14754098360656;5;17.015706806282722
DILMA;55.921052631578945;5;17.5531914893617
DILMA;44.97991967871486;5;19.57831325301205
DILMA;54.51807228915663;5;27.56892230576441
DILMA;33.50253807106599;5;38.0
DILMA;37.56613756613756;5;4.40251572327044
DILMA;24.91103202846975;5;36.36363636363637
DILMA;25.714285714285715;5;16.08040201005025
DILMA;28.40909090909091;5;32.340425531914896
DILMA;28.67924528301887;5;20.579710144927535
DILMA;22.175732217573223;5;33.44709897610922
DILMA;28.571428571428573;5;16.35514018691589
DILMA;49.280575539568346;5;35.869565217391305
DILMA;50.88339222614841;5;33.85826771653543
DILMA;39.548022598870055;5;34.63203463203463
DILMA;30.8411214953271;5;14.204545454545455
DILMA;39.37007874015748;5;12.690355329949238
DILMA;31.135531135531135;5;27.565982404692082
DILMA;28.15884476534296;5;28.732394366197184
DILMA;28.35820895522388;5;34.63687150837989
DILMA;35.678391959798994;5;21.839080459770116
DILMA;30.76923076923077;5;21.0
DILMA;31.65137614678899;5;10.0
DILMA;45.76271186440678;5;9.090909090909092
DILMA;32.89473684210526;5;23.15270935960591
DILMA;32.56704980842912;5;17.97752808988764
DILMA;32.377049180327866;5;29.62962962962963
DILMA;30.0;5;21.487603305785125
DILMA;50.34722222222222;5;28.68020304568528
DILMA;34.69387755102041;5;12.595419847328245
DILMA;30.47945205479452;5;31.33903133903134
DILMA;36.206896551724135;5;22.083333333333332
DILMA;27.480916030534353;5;22.22222222222222
DILMA;26.976744186046513;5;21.73913043478261
DILMA;37.827715355805246;5;24.022346368715084
DILMA;46.09665427509294;5;31.83023872679045
DILMA;46.22641509433962;5;38.888888888888886
DILMA;50.0;5;29.080118694362017
DILMA;37.74834437086093;5;18.3206106870229
DILMA;48.63013698630137;5;31.758530183727036
DILMA;45.55160142348755;5;32.12435233160622
DILMA;54.13793103448276;5;35.714285714285715
DILMA;36.633663366336634;5;15.862068965517242
DILMA;35.22727272727273;5;19.59287531806616
DILMA;36.597938144329895;5;19.21708185053381
DILMA;32.870370370370374;5;22.727272727272727
DILMA;55.79710144927536;5;11.578947368421053
DILMA;42.016806722689076;5;17.0
DILMA;43.1438127090301;5;31.97969543147208
DILMA;29.365079365079364;5;25.625
DILMA;25.503355704697988;5;26.4
DILMA;32.6271186440678;5;41.07744107744108
DILMA;29.515418502202643;5;25.3125
DILMA;29.6875;5;31.53153153153153
DILMA;38.22393822393823;5;46.38157894736842
DILMA;47.69230769230769;5;37.327188940092164
DILMA;52.84280936454849;5;35.24804177545692
DILMA;48.18652849740933;5;19.25925925925926
DILMA;40.95238095238095;5;21.32867132867133
DILMA;54.93827160493827;5;39.795918367346935
DILMA;13.836477987421384;5;36.50190114068441
DILMA;54.09836065573771;5;22.54335260115607
DILMA;32.298136645962735;5;32.78688524590164
DILMA;29.04564315352697;5;43.54838709677419
DILMA;36.655948553054664;5;27.735368956743002
DILMA;33.0188679245283;5;5.47945205479452
DILMA;41.74757281553398;5;16.725978647686834
DILMA;37.56345177664975;5;19.93006993006993
DILMA;43.36734693877551;5;32.214765100671144
DILMA;23.346303501945524;5;36.734693877551024
DILMA;52.54237288135593;5;22.598870056497177
DILMA;31.95020746887967;5;38.27160493827161
DILMA;32.42009132420091;5;35.714285714285715
DILMA;52.94117647058823;5;28.484848484848484
DILMA;32.103321033210335;5;40.821917808219176
DILMA;24.623115577889447;5;47.43589743589744
DILMA;54.75409836065574;5;48.257372654155496
DILMA;66.66666666666667;5;46.276595744680854
DILMA;52.4822695035461;5;30.0
DILMA;31.182795698924732;5;41.44927536231884
DILMA;30.476190476190474;5;58.608058608058606
DILMA;32.342007434944236;5;37.38317757009346
DILMA;26.666666666666668;5;46.49859943977591
DILMA;24.738675958188153;5;59.12806539509537
DILMA;29.80392156862745;5;48.318042813455655
DILMA;51.77514792899408;5;56.20253164556962
DILMA;35.80246913580247;5;40.61433447098976
DILMA;27.966101694915253;5;31.446540880503143
DILMA;36.87707641196013;5;34.97409326424871
DILMA;26.492537313432837;5;50.588235294117645
DILMA;36.177474402730375;5;49.87212276214834
DILMA;41.34615384615385;5;36.15384615384615
DILMA;35.44973544973545;5;50.21459227467811
DILMA;26.905829596412556;5;55.32646048109966
DILMA;34.55882352941177;5;47.8134110787172
DILMA;32.69230769230769;5;6.578947368421052
DILMA;28.88888888888889;5;4.25531914893617
DILMA;47.417840375586856;5;40.89219330855018
DILMA;54.54545454545455;5;46.470588235294116
DILMA;47.24770642201835;5;42.04946996466431
DILMA;37.71043771043771;5;50.28735632183908
DILMA;29.661016949152543;5;40.54054054054054
DILMA;50.90252707581227;5;45.53072625698324
DILMA;27.551020408163264;5;29.805013927576603
DILMA;37.5;5;41.947565543071164
DILMA;66.66666666666667;5;24.863387978142075
DILMA;30.70175438596491;5;3.9473684210526314
DILMA;20.930232558139537;5;24.84472049689441
DILMA;41.29353233830846;5;37.2
DILMA;38.9937106918239;5;46.889952153110045
DILMA;28.01556420233463;5;49.849849849849846
DILMA;27.96934865900383;5;36.01190476190476
DILMA;42.10526315789474;5;59.48275862068966
DILMA;53.57142857142857;5;50.91863517060367
DILMA;54.42176870748299;5;28.26086956521739
DILMA;52.94117647058823;5;28.719723183391004
DILMA;33.439490445859875;5;46.42857142857143
DILMA;32.075471698113205;5;13.963963963963964
DILMA;34.716981132075475;5;44.04432132963989
DILMA;62.608695652173914;5;37.7906976744186
DILMA;23.333333333333332;5;30.17241379310345
DILMA;56.09756097560975;5;32.57328990228013
DILMA;42.857142857142854;5;42.857142857142854
DILMA;61.39705882352941;5;30.64066852367688
DILMA;34.177215189873415;5;31.527093596059114
DILMA;42.916666666666664;5;24.605678233438486
DILMA;40.40816326530612;5;31.626506024096386
DILMA;36.75213675213675;5;35.9375
DILMA;47.142857142857146;5;32.33830845771144
DILMA;56.64739884393064;5;31.98992443324937
DILMA;59.48275862068966;5;33.793103448275865
DILMA;54.13533834586466;5;25.525525525525527
DILMA;50.22831050228311;5;32.142857142857146
DILMA;40.963855421686745;5;26.751592356687897
DILMA;24.242424242424242;5;26.073619631901842
DILMA;52.70935960591133;5;30.670926517571885
DILMA;32.967032967032964;5;48.39650145772595
DILMA;48.84615384615385;5;42.72997032640949
DILMA;30.181818181818183;5;39.24418604651163
DILMA;44.680851063829785;5;32.36363636363637
DILMA;22.99651567944251;5;36.41456582633053
DILMA;30.303030303030305;5;34.30962343096234
DILMA;36.08695652173913;5;36.08562691131498
DILMA;52.44755244755245;5;25.654450261780106
DILMA;22.09737827715356;5;29.69187675070028
DILMA;23.828125;5;23.333333333333332
DILMA;41.1764705882353;5;23.270440251572328
DILMA;27.941176470588236;5;23.91304347826087
DILMA;48.125;5;27.66497461928934
DILMA;49.26470588235294;5;27.700831024930746
DILMA;36.7003367003367;5;28.8659793814433
DILMA;29.537366548042705;5;22.493224932249323
DILMA;21.25;5;27.160493827160494
DILMA;31.294964028776977;5;25.14792899408284
DILMA;25.862068965517242;5;24.74576271186441
DILMA;30.103806228373703;5;22.427440633245382
DILMA;36.58536585365854;5;20.48780487804878
DILMA;30.76923076923077;5;25.663716814159294
DILMA;31.666666666666668;5;24.050632911392405
DILMA;37.2093023255814;5;25.21246458923513
DILMA;32.45614035087719;5;20.37037037037037
DILMA;47.31182795698925;5;28.65497076023392
DILMA;34.857142857142854;5;27.049180327868854
DILMA;54.15384615384615;5;20.865139949109416
DILMA;61.570247933884296;5;34.62686567164179
DILMA;49.501661129568106;5;28.272251308900522
DILMA;28.14814814814815;5;20.579710144927535
DILMA;51.01010101010101;5;18.29268292682927
DILMA;33.027522935779814;5;28.666666666666668
DILMA;29.365079365079364;5;24.870466321243523
DILMA;48.0;5;21.98952879581152
DILMA;55.223880597014926;5;36.44444444444444
DILMA;68.32579185520362;5;31.53846153846154
DILMA;26.818181818181817;5;28.776978417266186
DILMA;47.602739726027394;5;28.64864864864865
DILMA;69.33962264150944;5;20.47244094488189
DILMA;78.81619937694704;5;27.40963855421687
DILMA;29.447852760736197;5;12.31527093596059
DILMA;47.111111111111114;5;13.442622950819672
DILMA;24.352331606217618;5;19.615384615384617
DILMA;37.391304347826086;5;39.57703927492447
DILMA;52.15311004784689;5;30.711610486891384
DILMA;32.6241134751773;5;17.251461988304094
DILMA;37.755102040816325;5;18.51851851851852
DILMA;42.16867469879518;5;16.621983914209114
DILMA;12.941176470588236;5;23.91304347826087
DILMA;67.6056338028169;5;18.095238095238095
DILMA;24.46808510638298;5;17.827298050139277
DILMA;30.501930501930502;5;18.154761904761905
DILMA;34.285714285714285;5;23.364485981308412
DILMA;23.529411764705884;5;16.27906976744186
DILMA;23.076923076923077;5;27.049180327868854
DILMA;17.97752808988764;5;29.149797570850204
DILMA;54.5;5;33.624454148471614
DILMA;51.207729468599034;5;25.40983606557377
DILMA;55.913978494623656;5;19.166666666666668
DILMA;24.81203007518797;5;19.345238095238095
DILMA;46.57534246575342;5;25.592417061611375
DILMA;60.58091286307054;5;23.214285714285715
DILMA;64.97695852534562;5;15.985130111524164
DILMA;59.310344827586206;5;27.46113989637306
DILMA;28.32369942196532;5;1.3513513513513513
DILMA;36.7816091954023;5;19.51219512195122
DILMA;13.68421052631579;5;31.6017316017316
DILMA;31.132075471698112;5;27.00729927007299
DILMA;85.15625;5;21.893491124260354
DILMA;50.0;5;21.85430463576159
DILMA;36.53846153846154;5;18.13186813186813
DILMA;33.333333333333336;5;33.08270676691729
DILMA;75.38461538461539;5;25.179856115107913
DILMA;52.525252525252526;5;24.59016393442623
DILMA;63.06818181818182;5;29.533678756476682
DILMA;27.40740740740741;5;21.145374449339208
DILMA;55.483870967741936;5;23.224043715846996
DILMA;75.0;5;33.333333333333336
DILMA;32.11009174311926;5;26.717557251908396
DILMA;75.75757575757575;5;29.473684210526315
DILMA;61.904761904761905;5;29.0
DILMA;27.062706270627064;5;15.926892950391645
DILMA;34.86842105263158;5;30.113636363636363
DILMA;51.14942528735632;5;24.102564102564102
DILMA;75.625;5;30.569948186528496
DILMA;44.0;5;26.271186440677965
DILMA;37.5;5;28.251121076233183
DILMA;60.3448275862069;5;32.92181069958848
DILMA;48.51485148514851;5;30.37037037037037
DILMA;27.335640138408305;5;14.577259475218659
DILMA;33.44827586206897;5;20.520231213872833
DILMA;52.0;5;24.342105263157894
DILMA;55.34591194968554;5;30.476190476190474
DILMA;7.299270072992701;5;33.48623853211009
DILMA;45.018450184501845;5;19.39163498098859
DILMA;32.720588235294116;5;16.285714285714285
DILMA;54.91803278688525;5;27.044025157232703
DILMA;28.75;5;13.793103448275861
DILMA;52.20338983050848;5;13.333333333333334
DILMA;43.037974683544306;5;15.517241379310345
DILMA;26.666666666666668;5;15.88785046728972
DILMA;48.07692307692308;5;18.0327868852459
DILMA;30.62200956937799;5;7.051282051282051
DILMA;29.850746268656717;5;27.84090909090909
DILMA;28.436018957345972;5;32.04225352112676
DILMA;27.941176470588236;5;22.255192878338278
DILMA;28.625954198473284;5;21.428571428571427
DILMA;29.32330827067669;5;22.9607250755287
DILMA;24.793388429752067;5;22.71186440677966
DILMA;33.65853658536585;5;15.547703180212014
DILMA;32.870370370370374;5;15.957446808510639
DILMA;35.034013605442176;5;25.575447570332482
DILMA;28.630705394190873;5;22.38372093023256
DILMA;28.01556420233463;5;26.567164179104477
DILMA;31.3953488372093;5;29.376854599406528
DILMA;28.957528957528957;5;33.23353293413174
DILMA;27.81954887218045;5;36.36363636363637
DILMA;27.976190476190474;5;0.8547008547008547
DILMA;18.250950570342205;5;41.31736526946108
DILMA;31.73076923076923;5;4.40251572327044
DILMA;30.939226519337016;5;23.26530612244898
DILMA;35.38461538461539;5;18.930041152263374
DILMA;29.64426877470356;5;29.325513196480937
DILMA;34.04255319148936;5;42.13649851632047
DILMA;30.612244897959183;5;34.166666666666664
DILMA;30.939226519337016;5;3.10077519379845
DILMA;32.20973782771536;5;22.123893805309734
DILMA;32.196969696969695;5;26.608187134502923
DILMA;36.612021857923494;5;25.423728813559322
DILMA;37.2093023255814;5;10.502283105022832
DILMA;25.19685039370079;5;14.678899082568808
DILMA;33.333333333333336;5;23.902439024390244
DILMA;29.11392405063291;5;15.92039800995025
DILMA;34.78260869565217;5;18.048780487804876
DILMA;29.545454545454547;5;24.624624624624623
DILMA;29.533678756476682;5;4.195804195804196
DILMA;29.577464788732396;5;4.117647058823529
DILMA;23.387096774193548;5;15.846994535519126
DILMA;36.170212765957444;5;0.9615384615384616
DILMA;41.851851851851855;5;31.510416666666668
DILMA;48.78048780487805;5;21.13095238095238
DILMA;42.5531914893617;5;32.36151603498542
DILMA;39.11290322580645;5;25.94752186588921
DILMA;53.90334572490706;5;29.38144329896907
DILMA;54.729729729729726;5;21.818181818181817
DILMA;45.149253731343286;5;21.899736147757256
DILMA;45.833333333333336;5;26.719576719576718
DILMA;38.225255972696246;5;9.923664122137405
DILMA;38.888888888888886;5;9.187279151943462
DILMA;40.08810572687225;5;7.191780821917808
DILMA;40.104166666666664;5;13.432835820895523
DILMA;32.77777777777778;5;14.50381679389313
DILMA;40.08438818565401;5;15.2317880794702
DILMA;34.859154929577464;5;23.796033994334277
DILMA;38.46153846153846;5;26.4
DILMA;47.55555555555556;5;19.016393442622952
DILMA;42.22222222222222;5;17.59656652360515
DILMA;37.89808917197452;5;26.717557251908396
DILMA;39.333333333333336;5;25.76530612244898
DILMA;42.69230769230769;5;37.44292237442922
DILMA;44.70198675496689;5;29.591836734693878
DILMA;42.42424242424242;5;27.92207792207792
DILMA;40.07936507936508;5;20.118343195266274
DILMA;44.04145077720207;5;23.178807947019866
DILMA;53.55648535564853;5;26.993865030674847
DILMA;39.15343915343915;5;33.333333333333336
DILMA;5.747126436781609;5;26.31578947368421
DILMA;85.33333333333333;5;31.25
DILMA;69.51219512195122;5;33.333333333333336
DILMA;44.05940594059406;5;15.95330739299611
DILMA;54.7085201793722;5;10.726643598615917
DILMA;85.96491228070175;5;34.666666666666664
DILMA;49.586776859504134;5;25.477707006369428
DILMA;38.857142857142854;5;14.545454545454545
DILMA;47.916666666666664;5;19.41176470588235
DILMA;41.97530864197531;5;17.22972972972973
DILMA;68.26923076923077;5;15.447154471544716
DILMA;54.49438202247191;5;11.693548387096774
DILMA;56.70103092783505;5;7.9245283018867925
DILMA;45.23809523809524;5;28.94736842105263
DILMA;42.99516908212561;5;30.76923076923077
DILMA;45.6140350877193;5;31.493506493506494
DILMA;44.134078212290504;5;19.23076923076923
DILMA;39.86486486486486;5;7.627118644067797
DILMA;41.276595744680854;5;18.181818181818183
DILMA;43.19526627218935;5;14.345991561181435
DILMA;48.10126582278481;5;21.895424836601308
DILMA;46.733668341708544;5;19.17808219178082
DILMA;47.61904761904762;5;13.147410358565738
DILMA;43.69747899159664;5;22.22222222222222
DILMA;36.6412213740458;5;20.640569395017792
DILMA;43.81443298969072;5;21.660649819494584
DILMA;51.26903553299493;5;20.54794520547945
DILMA;38.94230769230769;5;16.271186440677965
DILMA;40.2390438247012;5;17.57188498402556
DILMA;38.095238095238095;5;15.306122448979592
DILMA;44.29223744292238;5;21.766561514195583
DILMA;50.40983606557377;5;22.26277372262774
DILMA;48.78048780487805;5;24.573378839590443
DILMA;43.82022471910113;5;19.083969465648856
DILMA;42.131979695431475;5;25.555555555555557
DILMA;46.07843137254902;5;12.969283276450511
DILMA;46.788990825688074;5;21.262458471760798
DILMA;49.04761904761905;5;29.181494661921707
DILMA;41.55251141552512;5;16.37630662020906
DILMA;46.08294930875576;5;32.65993265993266
DILMA;54.62555066079295;5;51.36986301369863
DILMA;53.42465753424658;5;29.37062937062937
DILMA;41.08910891089109;5;24.915824915824917
DILMA;51.196172248803826;5;25.08833922261484
DILMA;50.69124423963134;5;52.233676975945016
DILMA;45.893719806763286;5;44.982698961937714
DILMA;45.91836734693877;5;52.713178294573645
DILMA;46.408839779005525;5;59.48275862068966
DILMA;44.72573839662447;5;32.88135593220339
DILMA;44.53781512605042;5;25.423728813559322
DILMA;53.723404255319146;5;52.63157894736842
DILMA;44.166666666666664;5;58.17490494296578
DILMA;59.35828877005348;5;36.254980079681275
DILMA;52.293577981651374;5;20.58823529411765
DILMA;57.74647887323944;5;48.4641638225256
DILMA;53.475935828877006;5;40.22140221402214
DILMA;43.51464435146443;5;53.48837209302326
DILMA;55.68181818181818;5;48.031496062992126
DILMA;70.05988023952096;5;24.41860465116279
DILMA;65.54054054054055;5;47.601476014760145
DILMA;58.641975308641975;5;21.62162162162162
DILMA;58.267716535433074;5;35.0
DILMA;49.20634920634921;5;70.37037037037037
DILMA;41.578947368421055;5;22.545454545454547
DILMA;71.25;5;28.176795580110497
DILMA;72.41379310344827;5;44.97991967871486
DILMA;54.54545454545455;5;39.21568627450981
DILMA;71.70731707317073;5;38.15028901734104
DILMA;64.07766990291262;5;31.48148148148148
DILMA;10.407239819004525;5;37.458193979933114
DILMA;11.764705882352942;5;14.5
DILMA;44.93927125506073;5;47.651006711409394
DILMA;50.24154589371981;5;50.74074074074074
DILMA;47.71573604060914;5;34.54545454545455
DILMA;41.02564102564103;5;26.688102893890676
DILMA;43.1578947368421;5;24.206349206349206
DILMA;51.81818181818182;5;23.64864864864865
DILMA;57.2093023255814;5;25.93984962406015
DILMA;60.19417475728155;5;37.0
DILMA;78.03468208092485;5;28.095238095238095
DILMA;38.048780487804876;5;17.269076305220885
DILMA;44.24242424242424;5;21.49532710280374
DILMA;47.389558232931726;5;13.043478260869565
DILMA;51.48514851485149;5;17.24137931034483
DILMA;70.55555555555556;5;17.391304347826086
DILMA;50.46296296296296;5;35.333333333333336
DILMA;53.21888412017167;5;14.035087719298245
DILMA;52.72727272727273;5;18.213058419243985
DILMA;48.917748917748916;5;12.794612794612794
DILMA;59.130434782608695;5;14.385964912280702
DILMA;46.04651162790697;5;14.17910447761194
DILMA;49.09090909090909;5;25.078369905956112
DILMA;44.33497536945813;5;17.716535433070867
DILMA;55.0;5;17.452830188679247
DILMA;48.648648648648646;5;15.22491349480969
DILMA;32.86713286713287;5;13.26530612244898
DILMA;53.374233128834355;5;15.023474178403756
DILMA;30.102040816326532;5;19.46564885496183
DILMA;22.535211267605632;5;20.441988950276244
DILMA;57.7639751552795;5;22.22222222222222
DILMA;42.5531914893617;5;25.714285714285715
DILMA;52.083333333333336;5;23.783783783783782
DILMA;56.390977443609025;5;19.444444444444443
DILMA;52.25806451612903;5;30.373831775700936
DILMA;18.835616438356166;5;17.379679144385026
DILMA;22.727272727272727;5;21.09826589595376
DILMA;24.81203007518797;5;24.057971014492754
DILMA;63.73626373626374;5;34.54545454545455
DILMA;29.82456140350877;5;11.11111111111111
DILMA;34.899328859060404;5;16.161616161616163
DILMA;22.388059701492537;5;16.901408450704224
DILMA;50.68493150684932;5;12.5
DILMA;18.0327868852459;5;25.714285714285715
DILMA;58.42696629213483;5;16.0
DILMA;42.592592592592595;5;30.337078651685392
DILMA;35.294117647058826;5;30.508474576271187
DILMA;21.818181818181817;5;18.155619596541786
DILMA;81.66666666666667;5;19.318181818181817
DILMA;26.984126984126984;5;18.586387434554975
DILMA;30.344827586206897;5;11.822660098522167
DILMA;34.36293436293436;5;15.680473372781066
DILMA;32.015810276679844;5;20.754716981132077
DILMA;43.44827586206897;5;16.08040201005025
DILMA;33.54430379746835;5;15.789473684210526
DILMA;37.735849056603776;5;18.137254901960784
DILMA;33.035714285714285;5;30.141843971631207
DILMA;34.09090909090909;5;33.2129963898917
DILMA;31.30081300813008;5;10.429447852760736
DILMA;28.448275862068964;5;17.475728155339805
DILMA;42.013888888888886;5;17.195767195767196
DILMA;36.55172413793103;5;20.698924731182796
DILMA;26.609442060085836;5;17.02127659574468
DILMA;24.398625429553263;5;16.071428571428573
DILMA;33.83458646616541;5;22.00557103064067
DILMA;37.89473684210526;5;19.28374655647383
DILMA;18.21561338289963;5;25.892857142857142
DILMA;32.82828282828283;5;17.573221757322177
DILMA;40.20100502512563;5;18.59504132231405
DILMA;40.87591240875913;5;18.92744479495268
DILMA;29.487179487179485;5;19.84536082474227
DILMA;41.886792452830186;5;17.940199335548172
DILMA;45.09803921568628;5;19.607843137254903
DILMA;30.21276595744681;5;14.666666666666666
DILMA;34.285714285714285;5;16.748768472906406
DILMA;27.547169811320753;5;20.172910662824208
DILMA;46.103896103896105;5;28.45528455284553
DILMA;43.31983805668016;5;36.0
DILMA;30.285714285714285;5;11.881188118811881
DILMA;31.736526946107784;5;9.30232558139535
DILMA;23.29749103942652;5;13.043478260869565
DILMA;28.46153846153846;5;20.94395280235988
DILMA;28.51063829787234;5;24.579124579124578
DILMA;20.077220077220076;5;20.46783625730994
DILMA;40.16393442622951;5;28.82562277580071
DILMA;30.837004405286343;5;6.0200668896321075
DILMA;26.79245283018868;5;16.666666666666668
DILMA;24.50980392156863;5;18.65284974093264
DILMA;20.149253731343283;5;19.41176470588235
DILMA;24.814814814814813;5;15.988372093023257
DILMA;23.202614379084967;5;20.8
DILMA;33.68055555555556;5;13.066666666666666
DILMA;21.895424836601308;5;29.066666666666666
DILMA;24.705882352941178;5;20.0
DILMA;45.18828451882845;5;37.5
DILMA;27.555555555555557;5;25.17241379310345
DILMA;66.66666666666667;5;18.978102189781023
DILMA;34.74178403755869;5;17.79935275080906
DILMA;42.7710843373494;5;23.333333333333332
DILMA;30.65326633165829;5;23.59550561797753
DILMA;20.80536912751678;5;26.54639175257732
DILMA;35.55555555555556;5;17.49174917491749
DILMA;25.925925925925927;5;35.924932975871315
DILMA;22.635135135135137;5;34.97267759562842
DILMA;31.501831501831504;5;24.41176470588235
DILMA;35.294117647058826;5;30.327868852459016
DILMA;22.5;5;31.470588235294116
DILMA;26.688102893890676;5;21.29380053908356
DILMA;40.76246334310851;5;39.69465648854962
DILMA;29.197080291970803;5;34.20289855072464
DILMA;25.0;5;38.73873873873874
DILMA;53.42465753424658;5;20.0
DILMA;29.361702127659573;5;15.841584158415841
DILMA;34.64052287581699;5;32.04419889502763
DILMA;32.78688524590164;5;27.142857142857142
DILMA;23.711340206185568;5;22.033898305084747
DILMA;43.75;5;47.756410256410255
DILMA;35.504885993485345;5;42.24598930481283
DILMA;36.51877133105802;5;48.888888888888886
DILMA;33.21799307958477;5;48.54651162790697
DILMA;19.858156028368793;5;37.64705882352941
DILMA;72.636815920398;5;31.17408906882591
DILMA;77.35849056603773;5;27.61904761904762
DILMA;33.02325581395349;5;15.282392026578073
DILMA;33.57664233576642;5;54.09356725146199
DILMA;37.98701298701299;5;45.98930481283423
DILMA;18.01801801801802;5;22.26277372262774
DILMA;34.21052631578947;5;59.523809523809526
DILMA;28.415300546448087;5;39.6551724137931
DILMA;37.03703703703704;5;36.56509695290859
DILMA;24.67948717948718;5;36.760925449871465
DILMA;35.273972602739725;5;37.637362637362635
DILMA;33.11897106109325;5;17.223650385604113
DILMA;31.428571428571427;5;34.593023255813954
DILMA;23.75886524822695;5;21.095890410958905
DILMA;40.66390041493776;5;26.5993265993266
DILMA;32.967032967032964;5;17.696629213483146
DILMA;38.38028169014085;5;14.525139664804469
DILMA;31.986531986531986;5;20.43010752688172
DILMA;38.118811881188115;5;16.22641509433962
DILMA;35.8974358974359;5;15.675675675675675
DILMA;36.53846153846154;5;19.047619047619047
DILMA;54.335260115606935;5;23.68421052631579
DILMA;9.23076923076923;5;29.032258064516128
DILMA;49.029126213592235;5;15.636363636363637
DILMA;46.07843137254902;5;16.342412451361866
DILMA;48.421052631578945;5;15.053763440860216
DILMA;46.42857142857143;5;15.467625899280575
DILMA;46.3768115942029;5;14.590747330960854
DILMA;43.65482233502538;5;18.411552346570396
DILMA;49.029126213592235;5;14.946619217081851
DILMA;46.666666666666664;5;6.956521739130435
DILMA;45.58139534883721;5;18.88111888111888
DILMA;51.207729468599034;5;15.328467153284672
DILMA;42.5;5;32.74021352313167
DILMA;48.205128205128204;5;12.4031007751938
DILMA;47.417840375586856;5;13.636363636363637
DILMA;41.395348837209305;5;13.409961685823754
DILMA;43.43434343434343;5;10.077519379844961
DILMA;44.61538461538461;5;16.602316602316602
DILMA;46.15384615384615;5;12.0
DILMA;48.5;5;23.30827067669173
DILMA;48.108108108108105;5;26.74418604651163
DILMA;48.80952380952381;5;24.663677130044842
DILMA;50.943396226415096;5;15.584415584415584
DILMA;52.15311004784689;5;22.69503546099291
DILMA;40.19138755980861;5;11.96911196911197
DILMA;53.5;5;10.431654676258994
DILMA;50.96153846153846;5;9.926470588235293
DILMA;47.29064039408867;5;15.467625899280575
DILMA;49.107142857142854;5;60.64981949458484
DILMA;57.6036866359447;5;39.37282229965157
DILMA;46.96969696969697;5;37.83783783783784
DILMA;53.09278350515464;5;50.602409638554214
DILMA;45.416666666666664;5;55.25423728813559
DILMA;50.23474178403756;5;62.452107279693486
DILMA;46.18834080717489;5;64.68531468531468
DILMA;50.0;5;15.708812260536398
DILMA;65.78947368421052;5;69.8961937716263
DILMA;59.04761904761905;5;58.57142857142857
DILMA;50.73170731707317;5;53.96825396825397
DILMA;42.6865671641791;5;56.016597510373444
DILMA;52.48868778280543;5;66.4259927797834
DILMA;87.26415094339623;5;32.450331125827816
DILMA;63.2183908045977;5;39.42857142857143
DILMA;81.13207547169812;5;33.734939759036145
DILMA;62.60504201680672;5;39.16083916083916
DILMA;54.09090909090909;5;32.49097472924188
DILMA;43.43434343434343;5;18.39080459770115
DILMA;44.60093896713615;5;24.253731343283583
DILMA;40.67796610169491;5;17.24137931034483
DILMA;79.0909090909091;5;34.26966292134831
DILMA;75.64102564102564;5;39.86486486486486
DILMA;46.902654867256636;5;15.658362989323843
DILMA;62.5;5;21.951219512195124
DILMA;61.951219512195124;5;17.254901960784313
DILMA;42.20183486238532;5;6.844106463878327
DILMA;42.78350515463917;5;18.253968253968253
DILMA;43.61702127659574;5;9.803921568627452
DILMA;53.250773993808046;5;13.284132841328413
DILMA;47.755102040816325;5;14.18918918918919
DILMA;12.121212121212121;5;26.490066225165563
DILMA;66.04938271604938;5;30.357142857142858
DILMA;8.333333333333334;5;27.333333333333332
DILMA;41.8848167539267;5;14.901960784313726
DILMA;29.12621359223301;5;22.123893805309734
DILMA;88.19444444444444;5;34.78260869565217
DILMA;53.44827586206897;5;17.921146953405017
DILMA;60.204081632653065;5;25.274725274725274
DILMA;50.427350427350426;5;14.285714285714286
DILMA;56.89655172413793;5;19.736842105263158
DILMA;45.30386740331492;5;11.462450592885375
DILMA;53.2520325203252;5;15.932203389830509
DILMA;47.234042553191486;5;15.140845070422536
DILMA;37.956204379562045;5;23.56687898089172
DILMA;51.351351351351354;5;12.549019607843137
DILMA;27.33812949640288;5;16.384180790960453
DILMA;23.626373626373628;5;16.386554621848738
DILMA;28.21576763485477;5;28.41726618705036
DILMA;29.739776951672862;5;28.8135593220339
DILMA;38.392857142857146;5;20.205479452054796
DILMA;19.736842105263158;5;3.4602076124567476
DILMA;20.982142857142858;5;5.0675675675675675
DILMA;17.467248908296945;5;9.797297297297296
DILMA;19.469026548672566;5;10.309278350515465
DILMA;22.0532319391635;5;27.68729641693811
DILMA;21.890547263681594;5;14.552238805970148
DILMA;17.803030303030305;5;26.973684210526315
DILMA;20.717131474103585;5;50.0
DILMA;20.54794520547945;5;43.542435424354245
DILMA;25.0;5;39.25233644859813
DILMA;18.03921568627451;5;42.90220820189275
DILMA;27.238805970149254;5;30.311614730878187
DILMA;23.79182156133829;5;37.27810650887574
DILMA;27.77777777777778;5;44.19475655430712
DILMA;18.51851851851852;5;46.0
DILMA;18.88111888111888;5;31.179775280898877
DILMA;16.26984126984127;5;28.524590163934427
DILMA;24.870466321243523;5;44.49152542372882
DILMA;21.40077821011673;5;22.977346278317153
DILMA;31.985294117647058;5;43.75
DILMA;36.312849162011176;5;53.47826086956522
DILMA;28.96825396825397;5;37.08206686930091
DILMA;33.673469387755105;5;30.29045643153527
DILMA;20.218579234972676;5;37.96296296296296
DILMA;20.689655172413794;5;40.683229813664596
DILMA;25.925925925925927;5;22.821576763485478
DILMA;17.71217712177122;5;41.791044776119406
DILMA;32.94117647058823;5;32.50883392226148
DILMA;22.0;5;45.49180327868852
DILMA;23.381294964028775;5;28.908554572271388
DILMA;29.48207171314741;5;23.825503355704697
DILMA;22.22222222222222;5;46.12068965517241
DILMA;23.115577889447238;5;38.84297520661157
DILMA;15.625;5;32.49211356466877
DILMA;23.618090452261306;5;29.182879377431906
DILMA;30.434782608695652;5;20.52980132450331
DILMA;28.79377431906615;5;34.18079096045198
DILMA;38.75598086124402;5;24.834437086092716
DILMA;24.107142857142858;5;33.333333333333336
DILMA;30.065359477124183;5;29.0
DILMA;28.037383177570092;5;15.22633744855967
DILMA;16.49484536082474;5;12.096774193548388
DILMA;32.78145695364238;5;25.846153846153847
DILMA;23.15270935960591;5;27.125506072874494
DILMA;45.588235294117645;5;15.0
DILMA;28.048780487804876;5;17.114093959731544
DILMA;41.554054054054056;5;26.95924764890282
DILMA;34.065934065934066;5;26.08695652173913
DILMA;22.878228782287824;5;25.301204819277107
DILMA;28.651685393258425;5;17.964071856287426
DILMA;36.65689149560117;5;23.170731707317074
DILMA;34.437086092715234;5;23.125
DILMA;33.65384615384615;5;18.51851851851852
DILMA;20.3125;5;13.664596273291925
DILMA;20.361990950226243;5;17.735849056603772
DILMA;28.368794326241133;5;24.404761904761905
DILMA;32.20338983050848;5;22.22222222222222
DILMA;36.8;5;22.06405693950178
DILMA;39.42307692307692;5;18.103448275862068
DILMA;24.170616113744074;5;18.852459016393443
DILMA;16.071428571428573;5;22.54901960784314
DILMA;40.23668639053255;5;17.708333333333332
DILMA;15.294117647058824;5;17.2972972972973
DILMA;30.726256983240223;5;24.675324675324674
DILMA;21.25;5;21.003134796238246
DILMA;16.205533596837945;5;21.172638436482085
DILMA;14.163090128755364;5;22.535211267605632
DILMA;18.59504132231405;5;20.774647887323944
DILMA;20.58823529411765;5;22.2972972972973
DILMA;15.246636771300448;5;25.0
DILMA;20.081967213114755;5;16.346153846153847
DILMA;22.598870056497177;5;8.144796380090497
DILMA;30.81761006289308;5;23.11111111111111
DILMA;33.443708609271525;5;17.647058823529413
DILMA;24.770642201834864;5;16.107382550335572
DILMA;13.422818791946309;5;27.868852459016395
DILMA;18.77133105802048;5;18.309859154929576
DILMA;45.45454545454545;5;28.125
DILMA;63.095238095238095;5;26.96629213483146
DILMA;20.068027210884352;5;14.87603305785124
DILMA;31.25;5;28.767123287671232
DILMA;49.333333333333336;5;24.742268041237114
DILMA;45.714285714285715;5;26.153846153846153
DILMA;18.674698795180724;5;20.091324200913242
DILMA;25.380710659898476;5;23.651452282157678
DILMA;25.668449197860962;5;11.267605633802816
DILMA;12.949640287769784;5;25.609756097560975
DILMA;17.29106628242075;5;23.076923076923077
DILMA;18.597560975609756;5;19.35483870967742
DILMA;16.883116883116884;5;21.428571428571427
DILMA;31.52173913043478;5;13.733905579399142
DILMA;23.83419689119171;5;14.229249011857707
DILMA;18.72340425531915;5;22.635135135135137
DILMA;21.08433734939759;5;18.407960199004975
DILMA;28.37837837837838;5;25.274725274725274
DILMA;23.166023166023166;5;16.08832807570978
DILMA;18.410041841004183;5;11.683848797250858
DILMA;20.388349514563107;5;17.894736842105264
DILMA;18.0;5;20.820189274447948
DILMA;22.265625;5;23.61516034985423
DILMA;24.858757062146893;5;10.454545454545455
DILMA;18.49056603773585;5;19.82248520710059
DILMA;16.725978647686834;5;17.151162790697676
DILMA;23.728813559322035;5;27.22222222222222
DILMA;21.64179104477612;5;24.58100558659218
DILMA;19.747899159663866;5;30.599369085173503
DILMA;22.926829268292682;5;21.05263157894737
DILMA;14.201183431952662;5;21.86046511627907
DILMA;14.785992217898833;5;26.26865671641791
DILMA;23.170731707317074;5;8.955223880597014
DILMA;14.624505928853756;5;31.962025316455698
DILMA;23.076923076923077;5;31.799163179916317
DILMA;25.112107623318387;5;26.545454545454547
DILMA;16.05504587155963;5;22.419928825622776
DILMA;24.102564102564102;5;18.081180811808117
DILMA;21.58273381294964;5;21.195652173913043
DILMA;24.496644295302012;5;14.356435643564357
DILMA;22.325581395348838;5;13.91941391941392
DILMA;22.127659574468087;5;19.243986254295532
DILMA;17.343173431734318;5;25.24271844660194
DILMA;21.54696132596685;5;26.484018264840184
DILMA;17.94871794871795;5;21.363636363636363
DILMA;16.939890710382514;5;11.059907834101383
DILMA;21.708185053380785;5;27.272727272727273
DILMA;21.55688622754491;5;6.435643564356436
DILMA;14.84375;5;25.9375
DILMA;18.99441340782123;5;38.604651162790695
DILMA;27.93522267206478;5;13.373860182370821
DILMA;25.210084033613445;5;12.543554006968641
DILMA;19.08713692946058;5;18.309859154929576
DILMA;18.88888888888889;5;25.0
DILMA;30.90909090909091;5;19.784172661870503
DILMA;21.140939597315437;5;30.90909090909091
DILMA;15.2;5;28.458498023715414
DILMA;37.6;5;9.567901234567902
DILMA;14.166666666666666;5;17.586206896551722
DILMA;17.78846153846154;5;25.185185185185187
DILMA;23.03370786516854;5;22.374429223744293
DILMA;31.40495867768595;5;17.177914110429448
DILMA;23.195876288659793;5;23.949579831932773
DILMA;13.186813186813186;5;20.093457943925234
DILMA;38.497652582159624;5;21.9672131147541
DILMA;23.004694835680752;5;28.51851851851852
DILMA;28.125;5;24.186046511627907
DILMA;17.272727272727273;5;18.43971631205674
DILMA;37.55458515283843;5;22.333333333333332
DILMA;30.48780487804878;5;15.151515151515152
DILMA;35.51401869158879;5;27.540983606557376
DILMA;27.155172413793103;5;26.28205128205128
DILMA;34.70319634703196;5;20.462046204620464
DILMA;18.46846846846847;5;23.859649122807017
DILMA;18.303571428571427;5;27.464788732394368
DILMA;35.094339622641506;5;18.373493975903614
DILMA;29.775280898876403;5;21.21212121212121
DILMA;37.11790393013101;5;16.610169491525422
DILMA;21.428571428571427;5;30.837004405286343
DILMA;19.54022988505747;5;20.70063694267516
DILMA;32.30769230769231;5;19.166666666666668
DILMA;36.75675675675676;5;26.637554585152838
DILMA;28.735632183908045;5;15.488215488215488
DILMA;25.0;5;24.137931034482758
DILMA;21.311475409836067;5;25.57603686635945
DILMA;23.056300268096514;5;22.5181598062954
DILMA;26.099706744868037;5;30.245231607629428
DILMA;13.066666666666666;5;25.679012345679013
DILMA;17.17948717948718;5;19.954648526077097
DILMA;16.949152542372882;5;18.502202643171806
DILMA;19.55922865013774;5;25.19083969465649
DILMA;19.060773480662984;5;22.8643216080402
DILMA;21.35135135135135;5;26.817042606516292
DILMA;17.557251908396946;5;17.391304347826086
DILMA;14.722222222222221;5;29.473684210526315
DILMA;14.663461538461538;5;30.32967032967033
DILMA;33.11258278145695;5;29.04191616766467
DILMA;35.46099290780142;5;23.78223495702006
DILMA;25.24590163934426;5;20.938628158844764
DILMA;22.429906542056074;5;22.991689750692522
DILMA;17.741935483870968;5;22.471910112359552
DILMA;20.87227414330218;5;22.493224932249323
DILMA;19.814241486068113;5;24.431818181818183
DILMA;16.86390532544379;5;42.97082228116711
DILMA;15.633423180592992;5;44.85294117647059
DILMA;18.75;5;26.344086021505376
DILMA;26.37795275590551;5;46.996466431095406
DILMA;17.263843648208468;5;45.3416149068323
DILMA;16.541353383458645;5;40.80717488789238
DILMA;15.223880597014926;5;50.54945054945055
DILMA;24.444444444444443;5;43.38028169014085
DILMA;17.56756756756757;5;39.20595533498759
DILMA;24.390243902439025;5;43.13725490196079
DILMA;18.635170603674542;5;46.15384615384615
DILMA;20.098039215686274;5;46.15384615384615
DILMA;13.136729222520108;5;53.65853658536585
DILMA;30.76923076923077;5;21.863799283154123
DILMA;16.032608695652176;5;48.01980198019802
DILMA;35.687732342007436;5;28.08022922636103
DILMA;22.22222222222222;5;40.273972602739725
DILMA;18.229166666666668;5;46.98795180722892
DILMA;12.874251497005988;5;44.32432432432432
DILMA;10.975609756097562;5;48.21917808219178
DILMA;29.166666666666668;5;35.37117903930131
DILMA;26.48221343873518;5;45.195729537366546
DILMA;12.537313432835822;5;41.84782608695652
DILMA;14.444444444444445;5;52.77777777777778
DILMA;15.384615384615385;5;26.760563380281692
DILMA;21.85929648241206;5;44.21768707482993
DILMA;22.424242424242426;5;49.02506963788301
DILMA;17.771084337349397;5;48.61878453038674
DILMA;19.25133689839572;5;38.983050847457626
DILMA;15.365239294710328;5;32.88288288288288
DILMA;21.661721068249257;5;36.011080332409975
DILMA;12.668463611859838;5;47.880299251870326
DILMA;12.288135593220339;5;47.56554307116105
DILMA;12.953367875647668;5;42.622950819672134
DILMA;10.893854748603353;5;28.835978835978835
DILMA;18.92744479495268;5;25.433526011560694
DILMA;11.722488038277511;5;53.43680709534368
DILMA;12.16931216931217;5;46.81372549019608
DILMA;10.344827586206897;5;44.40559440559441
DILMA;15.864022662889518;5;41.86666666666667
DILMA;14.429530201342281;5;35.39823008849557
DILMA;13.414634146341463;5;49.157303370786515
DILMA;15.254237288135593;5;46.056782334384856
DILMA;21.428571428571427;5;45.337620578778136
DILMA;17.478510028653297;5;15.424164524421593
DILMA;15.662650602409638;5;43.08943089430894
DILMA;21.40921409214092;5;36.93693693693694
DILMA;31.715210355987054;5;39.94169096209912
DILMA;35.256410256410255;5;23.14814814814815
DILMA;19.430051813471504;5;35.34675615212528
DILMA;34.163701067615655;5;39.14373088685015
DILMA;19.34426229508197;5;53.333333333333336
DILMA;18.560606060606062;5;45.32871972318339
DILMA;14.044943820224718;5;50.656167979002625
DILMA;15.0;5;19.487179487179485
DILMA;9.67741935483871;5;30.0
DILMA;18.282548476454295;5;52.69607843137255
DILMA;14.42080378250591;5;46.73913043478261
DILMA;17.92717086834734;5;46.482412060301506
DILMA;17.768595041322314;5;56.015037593984964
DILMA;15.263157894736842;5;45.54216867469879
DILMA;11.528150134048257;5;50.717703349282296
DILMA;10.824742268041238;5;42.78959810874704
DILMA;20.0;5;57.00934579439252
DILMA;10.060975609756097;5;42.57703081232493
DILMA;14.084507042253522;5;21.410579345088163
DILMA;13.941018766756033;5;23.284313725490197
DILMA;12.094395280235988;5;33.6986301369863
DILMA;43.542435424354245;5;28.36676217765043
DILMA;14.322250639386189;5;30.425055928411634
DILMA;13.872832369942197;5;33.333333333333336
DILMA;18.322981366459626;5;28.611898016997166
DILMA;26.068376068376068;5;32.84132841328413
DILMA;13.803680981595091;5;21.35135135135135
DILMA;16.844919786096256;5;22.14111922141119
DILMA;19.565217391304348;5;19.11764705882353
DILMA;23.463687150837988;5;18.65671641791045
DILMA;14.322916666666666;5;24.455205811138015
DILMA;28.72340425531915;5;15.548780487804878
DILMA;21.21212121212121;5;20.88235294117647
DILMA;16.40378548895899;5;17.56373937677054
DILMA;21.076233183856502;5;25.78125
DILMA;15.934065934065934;5;11.568123393316196
DILMA;22.15568862275449;5;23.369565217391305
DILMA;14.361702127659575;5;19.221411192214113
DILMA;16.71641791044776;5;19.72972972972973
DILMA;13.6;5;20.04889975550122
DILMA;30.827067669172934;5;12.92517006802721
DILMA;11.241217798594848;5;22.7765726681128
DILMA;39.3574297188755;5;22.635135135135137
DILMA;25.19083969465649;5;23.270440251572328
DILMA;25.0;5;22.832369942196532
DILMA;12.011173184357542;5;26.419753086419753
DILMA;14.921465968586388;5;19.18465227817746
DILMA;11.26005361930295;5;19.194312796208532
DILMA;18.87905604719764;5;15.71072319201995
DILMA;13.221153846153847;5;19.91247264770241
DILMA;31.1864406779661;5;20.234604105571847
DILMA;15.864022662889518;5;23.29113924050633
DILMA;17.153284671532848;5;18.75
DILMA;13.157894736842104;5;12.590799031476998
DILMA;16.08040201005025;5;18.973214285714285
DILMA;22.55639097744361;5;23.510971786833856
DILMA;44.72573839662447;5;27.177700348432055
DILMA;13.648293963254593;5;22.144522144522146
DILMA;13.852813852813853;5;26.217228464419474
DILMA;20.34383954154728;5;17.119565217391305
DILMA;24.624624624624623;5;19.78319783197832
DILMA;12.652068126520682;5;16.88034188034188
DILMA;12.430939226519337;5;22.660098522167488
DILMA;12.595419847328245;5;20.70175438596491
DILMA;19.310344827586206;5;18.670886075949365
DILMA;15.517241379310345;5;24.189526184538654
DILMA;18.345323741007196;5;16.938110749185668
DILMA;17.269076305220885;5;26.41509433962264
DILMA;11.023622047244094;5;28.205128205128204
DILMA;15.0997150997151;5;15.48223350253807
DILMA;32.0;5;16.617210682492583
DILMA;21.05263157894737;5;23.40909090909091
DILMA;18.233618233618234;5;22.469135802469136
DILMA;53.37837837837838;5;21.686746987951807
DILMA;14.285714285714286;5;13.526570048309178
DILMA;15.819209039548022;5;18.02030456852792
DILMA;17.515923566878982;5;19.67654986522911
DILMA;13.58695652173913;5;19.457013574660632
DILMA;24.698795180722893;5;21.890547263681594
DILMA;15.025906735751295;5;22.294372294372295
DILMA;14.887640449438202;5;26.17801047120419
DILMA;14.594594594594595;5;28.88888888888889
DILMA;24.770642201834864;5;21.25984251968504
DILMA;25.0814332247557;5;20.73490813648294
DILMA;39.50617283950617;5;20.61855670103093
DILMA;15.536723163841808;5;20.75
DILMA;14.545454545454545;5;23.56020942408377
DILMA;16.292134831460675;5;21.97530864197531
DILMA;21.406727828746178;5;21.05263157894737
DILMA;19.333333333333332;5;25.609756097560975
DILMA;31.40495867768595;5;17.482517482517483
DILMA;15.217391304347826;5;34.22330097087379
DILMA;17.819148936170212;5;22.505307855626327
DILMA;24.47129909365559;5;17.098445595854923
DILMA;16.455696202531644;5;21.0989010989011
DILMA;24.04092071611253;5;22.075055187637968
DILMA;13.51981351981352;5;24.698795180722893
DILMA;26.903553299492387;5;28.80658436213992
DILMA;10.48951048951049;5;27.522935779816514
DILMA;17.884130982367758;5;27.10843373493976
DILMA;35.625;5;16.08040201005025
DILMA;15.633423180592992;5;24.019607843137255
DILMA;19.047619047619047;5;35.0
DILMA;16.95906432748538;5;27.707808564231737
DILMA;31.496062992125985;5;19.083969465648856
DILMA;12.612612612612613;5;28.463476070528966
DILMA;9.090909090909092;5;38.25
DILMA;27.058823529411764;5;25.53191489361702
DILMA;15.021459227467812;5;24.427480916030536
DILMA;17.391304347826086;5;30.74866310160428
DILMA;15.536723163841808;5;24.937027707808564
DILMA;14.47721179624665;5;25.672371638141808
DILMA;33.587786259541986;5;26.993865030674847
DILMA;11.694510739856803;5;26.961770623742456
DILMA;20.155038759689923;5;23.397435897435898
DILMA;19.696969696969695;5;22.418136020151135
DILMA;21.62162162162162;5;28.125
DILMA;40.0;5;29.197080291970803
DILMA;12.99638989169675;5;22.435897435897434
DILMA;10.9375;5;29.464285714285715
DILMA;14.018691588785046;5;24.409448818897637
DILMA;14.473684210526315;5;26.436781609195403
DILMA;14.285714285714286;5;17.105263157894736
DILMA;12.698412698412698;5;27.941176470588236
DILMA;29.23728813559322;5;18.081180811808117
DILMA;19.19191919191919;5;15.625
DILMA;16.08040201005025;5;19.43231441048035
DILMA;17.452830188679247;5;15.384615384615385
DILMA;15.706806282722512;5;23.076923076923077
DILMA;13.744075829383887;5;46.08294930875576
DILMA;16.486486486486488;5;33.98533007334963
DILMA;14.516129032258064;5;22.028985507246375
DILMA;17.05685618729097;5;24.057971014492754
DILMA;17.034700315457414;5;24.566473988439306
DILMA;20.74074074074074;5;15.625
DILMA;29.365079365079364;5;28.469750889679716
DILMA;13.375796178343949;5;14.772727272727273
DILMA;12.580645161290322;5;20.809248554913296
DILMA;17.174515235457065;5;21.32132132132132
DILMA;17.452830188679247;5;19.047619047619047
DILMA;13.043478260869565;5;21.304347826086957
DILMA;15.774647887323944;5;22.30392156862745
DILMA;15.300546448087431;5;26.746987951807228
DILMA;18.03713527851459;5;22.682926829268293
DILMA;13.609467455621301;5;28.272251308900522
DILMA;22.941176470588236;5;23.783783783783782
DILMA;29.2;5;26.102941176470587
DILMA;23.25581395348837;5;30.376344086021504
DILMA;18.61198738170347;5;25.268817204301076
DILMA;21.451104100946374;5;29.781420765027324
DILMA;22.897196261682243;5;36.57142857142857
DILMA;19.838056680161944;5;25.72463768115942
DILMA;20.622568093385215;5;28.87323943661972
DILMA;23.42007434944238;5;20.60810810810811
DILMA;22.56809338521401;5;21.554770318021202
DILMA;18.13953488372093;5;9.352517985611511
DILMA;22.265625;5;44.927536231884055
DILMA;13.52112676056338;5;23.75
DILMA;14.16184971098266;5;26.5
DILMA;10.422535211267606;5;22.75
DILMA;21.068249258160236;5;30.11049723756906
DILMA;17.52577319587629;5;16.470588235294116
DILMA;13.520408163265307;5;14.588235294117647
DILMA;18.205128205128204;5;14.918414918414918
DILMA;10.755813953488373;5;33.78016085790885
DILMA;16.57608695652174;5;21.980676328502415
DILMA;16.445623342175065;5;22.195121951219512
DILMA;29.71698113207547;5;25.0
DILMA;14.19939577039275;5;30.45977011494253
DILMA;14.12639405204461;5;11.888111888111888
DILMA;15.555555555555555;5;13.758389261744966
DILMA;13.058419243986254;5;17.704918032786885
DILMA;19.23076923076923;5;20.43010752688172
DILMA;13.358778625954198;5;49.8220640569395
DILMA;17.15210355987055;5;15.522388059701493
DILMA;22.044728434504794;5;18.023255813953487
DILMA;18.91891891891892;5;13.602015113350125
DILMA;16.721311475409838;5;19.23076923076923
DILMA;26.52173913043478;5;32.342007434944236
DILMA;21.91780821917808;5;31.804281345565748
DILMA;17.647058823529413;5;14.906832298136646
DILMA;16.107382550335572;5;14.634146341463415
DILMA;13.201320132013201;5;11.178247734138973
DILMA;11.186440677966102;5;38.557993730407524
DILMA;31.59722222222222;5;21.003134796238246
DILMA;11.748633879781421;5;40.67796610169491
DILMA;19.68503937007874;5;22.544642857142858
DILMA;19.346049046321525;5;26.5625
DILMA;14.814814814814815;5;27.25225225225225
DILMA;33.50253807106599;5;24.786324786324787
DILMA;13.404825737265416;5;19.801980198019802
DILMA;12.182741116751268;5;37.530266343825666
DILMA;16.422287390029325;5;23.872679045092838
DILMA;19.65811965811966;5;20.149253731343283
DILMA;16.42651296829971;5;23.45679012345679
DILMA;15.342465753424657;5;23.373493975903614
DILMA;17.073170731707318;5;11.666666666666666
DILMA;16.666666666666668;5;35.1123595505618
DILMA;16.890080428954423;5;33.65155131264916
DILMA;22.802197802197803;5;23.79862700228833
